ID,TARGET
2,0.0486888252199
5,0.0527177453041
6,0.0017816866748
7,0.0128800524399
9,0.00194005528465
11,0.235649988055
12,0.089575253427
15,0.177895098925
16,0.0241682417691
17,0.0230488087982
19,0.0224531125277
21,0.00384308793582
22,0.0174040589482
24,0.0122715700418
27,0.0116925798357
28,0.0406638048589
30,0.141570806503
33,0.00261162640527
35,0.0144579717889
37,0.0183438528329
38,0.0189000926912
40,0.183093830943
41,0.0222896449268
44,0.00784154515713
46,0.0652433931828
47,0.00923141650856
48,0.00345905334689
50,0.00474823219702
52,0.119165085256
53,0.00931372493505
55,0.0262512303889
57,0.00187511427794
58,0.0134595977142
59,0.0141994468868
62,0.0283643957227
63,0.011032871902
64,0.0237148664892
65,0.0137251848355
67,0.0175545420498
69,0.0616682432592
70,0.00224181939848
71,0.0231258571148
72,0.00536431884393
73,0.00281110475771
76,0.00505438400432
78,0.00273253722116
79,0.0325879119337
81,0.00238336832263
85,0.0109177539125
86,0.00263441493735
89,0.0397822707891
94,0.108766637743
96,0.0028412961401
97,0.019471777603
98,0.00231444323435
99,0.0212668068707
100,0.240304365754
103,0.08908919245
104,0.00583676667884
108,0.00819818954915
110,0.00205674907193
112,0.0270107612014
114,0.0321306698024
116,0.0187187418342
117,0.0103700896725
119,0.00410026824102
120,0.00521738547832
121,0.00186326622497
123,0.0116417305544
124,0.0306360274553
126,0.00145229569171
128,0.0124952178448
129,0.0796360969543
133,0.0350531749427
138,0.023549683392
147,0.0292900148779
149,0.0221674665809
158,0.0026571303606
160,0.0083880731836
164,0.0327881202102
167,0.0570594780147
168,0.0220440719277
174,0.00954103283584
181,0.0205109585077
185,0.0337544344366
187,0.00322325178422
189,0.0129529815167
190,0.0588633008301
194,0.00782199576497
197,0.0268890429288
198,0.0210681650788
201,0.0394079238176
205,0.00863605830818
208,0.143792539835
211,0.0110942572355
216,0.0292203892022
219,0.0685564726591
223,0.00610739830881
224,0.11372090131
226,0.0149907758459
229,0.0105638131499
230,0.0180396754295
237,0.0205954220146
238,0.0220291353762
240,0.0910513177514
243,0.00413505593315
245,0.150156155229
246,0.20910102129
247,0.00797111075372
248,0.00904104858637
249,0.00261162640527
250,0.272890180349
251,0.00148626416922
255,0.110474407673
256,0.0205468144268
257,0.0730565711856
260,0.163749292493
261,0.0045470893383
263,0.207943752408
264,0.153244554996
267,0.00857859291136
268,0.0193381309509
272,0.00633452599868
274,0.00784474331886
275,0.00344660016708
277,0.28303578496
278,0.298449575901
280,0.00730628380552
281,0.0221439804882
282,0.0856159701943
283,0.011219702661
284,0.0799923837185
286,0.0231278054416
290,0.0232967734337
291,0.0326860882342
293,0.0316680558026
295,0.0853571072221
297,0.00225303997286
298,0.0784417018294
300,0.00330783985555
304,0.00506381178275
305,0.00447648391128
308,0.00356702809222
309,0.00776714505628
310,0.00645589409396
312,0.0320737734437
313,0.161717802286
315,0.00800400506705
317,0.017607556656
318,0.0260677840561
321,0.016150759533
323,0.0546699352562
325,0.00987816229463
326,0.0141994468868
327,0.0155821042135
328,0.0579617358744
329,0.0171314477921
330,0.00248183170334
331,0.010176692158
334,0.0480904616416
335,0.00755827128887
336,0.0483226068318
337,0.00912988558412
338,0.0443622022867
339,0.0154300779104
341,0.185373842716
343,0.00821900554001
346,0.00285791838542
348,0.00280566816218
350,0.193718716502
351,0.00301825371571
352,0.0196028240025
357,0.0531190671027
358,0.0110783753917
360,0.00511887483299
361,0.0159948132932
364,0.0186282601207
365,0.0277513619512
366,0.0191699713469
367,0.00833279918879
368,0.0058581000194
370,0.0028724023141
372,0.00342236226425
376,0.00119819864631
377,0.00288706249557
379,0.0137157198042
380,0.0114368963987
381,0.0864236205816
385,0.0105190109462
386,0.0372371450067
389,0.0477533042431
391,0.049899160862
392,0.00346184708178
393,0.00985857564956
395,0.0185854360461
396,0.00819057039917
397,0.00166843179613
398,0.0199506394565
399,0.0469628050923
400,0.00919981207699
401,0.0142905162647
403,0.00777334347367
405,0.0254764277488
406,0.0192199759185
409,0.00931372493505
411,0.0129049560055
413,0.00338956271298
418,0.00511323474348
419,0.00921933446079
422,0.0196028240025
424,0.250341206789
425,0.0300974156708
427,0.0028412961401
430,0.00139915314503
431,0.0154300779104
434,0.0128961391747
435,0.0303488057107
437,0.0686049684882
438,0.00136436522007
439,0.123489268124
442,0.0107884490862
446,0.0157229136676
450,0.0536929517984
451,0.00971553381532
452,0.0081338789314
454,0.00138738448732
455,0.00324934069067
463,0.0168227702379
464,0.0112169729546
465,0.00297242961824
467,0.153012394905
468,0.0314079560339
470,0.0116170663387
472,0.231892287731
473,0.0188402608037
475,0.00378237501718
476,0.00322268018499
479,0.0168823227286
481,0.00327382888645
483,0.0333238169551
484,0.00569537188858
486,0.0298323947936
487,0.00203287554905
491,0.0213485192508
494,0.0106681864709
495,0.00217214901932
497,0.0173639524728
498,0.00862317532301
499,0.0110358586535
503,0.0255321282893
504,0.022178798914
505,0.00590848363936
506,0.00823285058141
507,0.0166396480054
508,0.0910903140903
509,0.031025711447
510,0.0062529402785
511,0.0100361201912
512,0.0177015252411
516,0.0036731546279
518,0.0403776317835
519,0.00679426500574
520,0.00596863450482
521,0.00284227449447
522,0.00330952554941
524,0.102530896664
525,0.00577668519691
526,0.00293550291099
528,0.0157547798008
529,0.0245305616409
531,0.0718005150557
532,0.24230620265
534,0.124214224517
536,0.0325318686664
539,0.0953206941485
540,0.0150783350691
541,0.00207132147625
542,0.102325074375
545,0.0122589077801
546,0.00273801595904
552,0.0134673314169
556,0.00154858711176
557,0.00243156845681
559,0.0135093796998
562,0.0156513750553
563,0.0125845996663
565,0.049297157675
569,0.00190493755508
570,0.0788730382919
574,0.018143415451
575,0.00943091139197
585,0.0108518209308
589,0.00911157019436
590,0.0169426966459
592,0.00972731783986
593,0.0255487430841
594,0.0053356080316
595,0.00755061767995
597,0.00292125018314
601,0.00315280584618
603,0.0160800218582
604,0.00204590591602
605,0.0281969811767
607,0.00273049273528
608,0.0150292972103
610,0.0219591613859
612,0.0276982337236
613,0.0718378126621
615,0.00317570497282
616,0.231475040317
617,0.0298491176218
619,0.0132075985894
620,0.152090385556
621,0.00356335705146
624,0.0223716255277
625,0.0116067072377
628,0.00341017358005
629,0.214281454682
630,0.0335806757212
632,0.0371199958026
634,0.00145695556421
637,0.0161109380424
638,0.0197684448212
642,0.0208800435066
643,0.00566554954275
644,0.0643308907747
646,0.0014017552603
655,0.0176311358809
660,0.0191329848021
664,0.0176537893713
665,0.0626075267792
666,0.0024253630545
670,0.102126464248
671,0.253528177738
672,0.00641943514347
675,0.00212953123264
676,0.0486874841154
677,0.0318670943379
678,0.00676741730422
680,0.00347038381733
683,0.154896631837
684,0.0147027364001
685,0.0363625362515
691,0.0932492017746
693,0.00159503496252
696,0.00128813832998
698,0.00409913482144
699,0.0157547798008
700,0.0136382151395
703,0.00983300805092
704,0.0191613361239
705,0.00594086619094
707,0.198691383004
709,0.0955806821585
711,0.220751449466
713,0.0141994468868
716,0.00195736344904
719,0.00280171935447
721,0.00922526884824
722,0.00560752581805
723,0.0135062029585
724,0.00312913558446
727,0.00162574555725
728,0.0134695107117
729,0.00258779968135
733,0.009695767425
736,0.00844209361821
739,0.0366053432226
742,0.234441190958
743,0.0138666070998
744,0.00404611695558
745,0.229911342263
747,0.0095218475908
749,0.0196914896369
750,0.0246377401054
751,0.0283149126917
752,0.00428922986612
755,0.00537575408816
756,0.0018315318739
762,0.0239341650158
763,0.0547610633075
764,0.0180666502565
765,0.018238151446
766,0.00839467905462
769,0.0231240466237
770,0.193966120481
773,0.00672625051811
774,0.0449790768325
776,0.0132368709892
777,0.0146150104702
778,0.00462963245809
779,0.009695767425
780,0.00193160993513
781,0.0146482307464
786,0.047156304121
788,0.00493398774415
794,0.0246437564492
796,0.187179386616
801,0.0956346318126
802,0.0253218300641
803,0.00705727655441
804,0.00282846647315
805,0.00446758884937
809,0.0292471963912
810,0.0855879709125
817,0.0165112037212
819,0.0160612091422
821,0.00821729935706
824,0.185796439648
825,0.00508577609435
826,0.165693312883
830,0.00595254730433
831,0.0223242398351
832,0.00789839308709
833,0.0106687145308
837,0.0198759436607
839,0.00133696803823
840,0.00220816908404
841,0.0366926677525
842,0.00203187740408
843,0.00384432193823
844,0.0545839443803
845,0.0157229136676
848,0.0226897504181
853,0.0253778100014
854,0.0011760701891
855,0.00268491799943
856,0.016349028796
861,0.00604118267074
865,0.0264217704535
866,0.00204914575443
867,0.00856125634164
870,0.00435352884233
871,0.0544453412294
872,0.009695767425
873,0.0148458275944
874,0.0653220266104
875,0.00301904557273
876,0.0043026227504
879,0.0157547798008
880,0.00270143058151
883,0.0169827379286
884,0.00604573404416
886,0.0212260242552
890,0.00285577354953
892,0.0244946777821
893,0.0444816350937
894,0.0311778895557
895,0.0288013201207
896,0.0327042229474
897,0.00261789513752
899,0.149832814932
900,0.00617112079635
901,0.00423684064299
902,0.234116196632
905,0.00702373450622
912,0.0792140141129
914,0.2235866189
915,0.0701300129294
917,0.0894496440887
918,0.00446125026792
919,0.00883331242949
921,0.00363553059287
922,0.0128952050582
923,0.00277869496495
926,0.00137070403434
929,0.0065981647931
930,0.00862484704703
931,0.0562686696649
937,0.00276277540252
938,0.0176634155214
939,0.0292045362294
941,0.0350628457963
946,0.00719472812489
947,0.020715251565
950,0.00375450402498
951,0.00302906311117
952,0.0137092312798
953,0.0200776308775
954,0.00142350338865
955,0.00767101999372
956,0.202045589685
957,0.0355505421758
960,0.0362045690417
963,0.287935048342
966,0.0199051871896
969,0.0201558582485
971,0.00962593965232
972,0.00284904637374
975,0.0100668752566
980,0.0107933869585
982,0.149119704962
983,0.00313859898597
985,0.104570314288
987,0.010746486485
988,0.00514103518799
991,0.0102837039158
992,0.00235780701041
995,0.186874821782
996,0.00330337043852
998,0.00294967344962
1001,0.180871874094
1002,0.00889259111136
1004,0.0141994468868
1005,0.0528859719634
1010,0.00192517461255
1011,0.00186447612941
1012,0.00239663617685
1013,0.0250560920686
1014,0.0142179010436
1015,0.0529085844755
1016,0.0118387416005
1022,0.00165847875178
1023,0.0334019772708
1024,0.00250508193858
1025,0.0163046717644
1026,0.151466161013
1028,0.0066830846481
1029,0.00931093655527
1032,0.0855879709125
1034,0.024850005284
1036,0.0118402084336
1037,0.0025175511837
1039,0.133917734027
1042,0.010770490393
1045,0.0272182580084
1046,0.0219235215336
1050,0.0108386743814
1052,0.0190481413156
1055,0.0146494554356
1057,0.00556562375277
1058,0.00405130861327
1060,0.00189869583119
1062,0.00815263111144
1063,0.0284949205816
1064,0.0409752503037
1065,0.0130885122344
1066,0.00559894647449
1067,0.181544423103
1068,0.0226531457156
1070,0.0911560803652
1072,0.0157160367817
1077,0.213947206736
1078,0.0120688881725
1079,0.00310115306638
1081,0.0369858667254
1082,0.185989946127
1093,0.0111448019743
1094,0.0337874181569
1102,0.0140900518745
1103,0.0855250358582
1106,0.00576264457777
1107,0.23454387486
1112,0.0395381450653
1113,0.0025093536824
1114,0.0140411183238
1116,0.00597918499261
1118,0.0235912539065
1120,0.0219591613859
1121,0.0312176458538
1128,0.0270156934857
1130,0.0506936460733
1132,0.00823150295764
1135,0.00410584453493
1138,0.0488332100213
1139,0.00521928397939
1141,0.0185478311032
1143,0.162298724055
1146,0.127624168992
1148,0.0196028240025
1149,0.0182184074074
1151,0.00984301324934
1152,0.0220985990018
1153,0.00903048086911
1155,0.0303804911673
1157,0.00195354316384
1160,0.0113847907633
1161,0.0043991310522
1162,0.0262265317142
1164,0.063953615725
1168,0.0145697426051
1169,0.00336556159891
1174,0.124025695026
1176,0.00185968505684
1177,0.238327726722
1178,0.0160636361688
1180,0.0106280446053
1181,0.0361724235117
1182,0.0404589474201
1185,0.0107399895787
1190,0.00855429377407
1194,0.00287437508814
1196,0.0237028356642
1199,0.00994960404932
1200,0.0190618690103
1201,0.00539695238695
1202,0.0370151922107
1206,0.30776822567
1207,0.0180881824344
1208,0.00136147707235
1212,0.0382939986885
1216,0.00152384291869
1219,0.00995237659663
1221,0.0121355606243
1222,0.00252988841385
1225,0.0166302490979
1227,0.0111362393945
1230,0.0174532104284
1231,0.0154300779104
1232,0.0098925512284
1233,0.00226296414621
1234,0.0581569112837
1235,0.00921761803329
1236,0.122275613248
1237,0.00263093202375
1238,0.0909705981612
1239,0.0180544815958
1240,0.0316828526556
1241,0.00840723514557
1244,0.0572776310146
1245,0.0305754002184
1247,0.010770490393
1250,0.0133129218593
1251,0.00249648909084
1257,0.00844093598425
1259,0.00201726797968
1266,0.0847196355462
1267,0.236603781581
1268,0.00399332679808
1270,0.307177096605
1272,0.0112072089687
1273,0.171083807945
1276,0.0405920371413
1278,0.00130137510132
1279,0.0430909432471
1283,0.0137161705643
1284,0.0163693856448
1286,0.00394217018038
1289,0.0228622443974
1290,0.0029294535052
1292,0.00747057562694
1293,0.0306360274553
1294,0.185356661677
1296,0.0862519145012
1298,0.0101080201566
1299,0.102683693171
1301,0.0027230810374
1304,0.034430205822
1306,0.0112433461472
1308,0.0685435831547
1310,0.0245831757784
1311,0.00296194152907
1312,0.061159145087
1315,0.00289330375381
1318,0.0579410269856
1319,0.00238815089688
1320,0.00215503852814
1323,0.00390688795596
1324,0.0114167183638
1325,0.0367031358182
1326,0.00972154643387
1329,0.216060549021
1331,0.141835153103
1332,0.0076910094358
1335,0.00244391802698
1336,0.172150194645
1338,0.0336717069149
1340,0.102034591138
1342,0.00229798723012
1345,0.0107696522027
1347,0.00230882270262
1349,0.0163693856448
1350,0.039510242641
1351,0.00309350434691
1354,0.0027975726407
1355,0.00886045210063
1356,0.0141994468868
1359,0.0323019735515
1361,0.256098568439
1362,0.21250487864
1363,0.154868483543
1365,0.00843620393425
1366,0.0241178944707
1367,0.0284596569836
1368,0.00376767362468
1369,0.00536929722875
1370,0.0276898276061
1371,0.0273510180414
1372,0.122614651918
1374,0.00548454653472
1375,0.105293504894
1376,0.0343302153051
1379,0.00370362657122
1380,0.009695767425
1383,0.0196028240025
1387,0.0570334047079
1388,0.143531531096
1389,0.00434773927554
1390,0.046853274107
1394,0.0299463905394
1396,0.178169861436
1397,0.0295745003968
1399,0.0149085475132
1400,0.0246472880244
1402,0.140030562878
1403,0.0194767992944
1404,0.062621884048
1405,0.0734759867191
1407,0.0141296843067
1409,0.00884184986353
1413,0.00233171484433
1415,0.0292674154043
1416,0.0208356361836
1418,0.00252358615398
1422,0.0019734709058
1423,0.00221680430695
1425,0.0030339313671
1428,0.0156127288938
1429,0.0111979236826
1430,0.0196028240025
1431,0.0583589449525
1432,0.00433047814295
1434,0.00170841044746
1435,0.00227114604786
1436,0.277782201767
1438,0.00341308047064
1443,0.0499937050045
1445,0.0601216964424
1446,0.0703806206584
1453,0.0119020109996
1456,0.0123851848766
1458,0.0198863167316
1459,0.00184106908273
1460,0.0179133769125
1461,0.152992770076
1462,0.19710111618
1463,0.0154300779104
1466,0.163735419512
1467,0.0145979486406
1469,0.0681711435318
1470,0.00182294182014
1471,0.159745484591
1473,0.00434694066644
1476,0.00954548642039
1477,0.0252117030323
1481,0.0196028240025
1482,0.0343162119389
1485,0.103495106101
1486,0.212137326598
1490,0.0359767638147
1491,0.159745484591
1493,0.00444774422795
1494,0.0761082991958
1500,0.00816974882036
1504,0.0177974700928
1506,0.00762809067965
1509,0.00478273350745
1512,0.0293184723705
1514,0.0148967457935
1518,0.0141994468868
1520,0.00231364858337
1522,0.0654859393835
1525,0.159745484591
1526,0.0604783333838
1529,0.184308931231
1530,0.0629706978798
1532,0.00288465712219
1533,0.0165113583207
1537,0.0293239001185
1542,0.0266889370978
1544,0.0327929146588
1545,0.210615068674
1546,0.154868483543
1549,0.121278122067
1551,0.00229559000582
1552,0.00268246629275
1555,0.0189937613904
1556,0.00250391103327
1558,0.180871874094
1560,0.00656599737704
1561,0.0248093362898
1562,0.00635231286287
1563,0.00168631784618
1566,0.00303088803776
1568,0.0186791457236
1570,0.00558752147481
1575,0.118738755584
1577,0.0177695006132
1579,0.00468666665256
1581,0.0139228748158
1582,0.121091037989
1585,0.0492763929069
1586,0.0039880448021
1587,0.00491668423638
1593,0.0260677840561
1597,0.118798911572
1599,0.0231186877936
1608,0.00581179838628
1609,0.0196028240025
1612,0.0307153761387
1615,0.00218539545313
1616,0.0144010568038
1618,0.0285073108971
1619,0.00261162640527
1624,0.00971126835793
1625,0.0974157229066
1627,0.0105641018599
1628,0.229360729456
1635,0.00481415959075
1636,0.059918101877
1637,0.0145423766226
1640,0.0118402084336
1642,0.00509136216715
1645,0.0264217704535
1647,0.0107043115422
1648,0.201547667384
1650,0.00463006552309
1651,0.115063942969
1653,0.0114246057346
1654,0.00295642949641
1655,0.014406831935
1656,0.0257365740836
1657,0.10623447597
1659,0.140387400985
1661,0.147574603558
1662,0.016549853608
1663,0.119971901178
1664,0.0377837792039
1671,0.0160038974136
1673,0.0196028240025
1674,0.0133440569043
1678,0.0045397807844
1680,0.0146194063127
1682,0.0312326718122
1687,0.0018563636113
1689,0.00281423819251
1690,0.0184848830104
1691,0.0161225665361
1692,0.0329065769911
1696,0.0140219619498
1701,0.063568867743
1702,0.0207475405186
1705,0.00932539161295
1707,0.0325312167406
1711,0.0191329848021
1714,0.0580271631479
1715,0.151911124587
1716,0.0370120219886
1717,0.00484370393679
1719,0.00328316073865
1723,0.00265067978762
1725,0.00281014922075
1726,0.328149527311
1728,0.00141573185101
1730,0.00410527735949
1731,0.00265111471526
1736,0.00871737767011
1742,0.249476522207
1745,0.0904155671597
1747,0.178271815181
1749,0.0189860723913
1750,0.0930348262191
1751,0.00319628068246
1752,0.0241256952286
1753,0.123357415199
1754,0.0161201003939
1758,0.133631944656
1759,0.0223894771188
1760,0.00536711560562
1761,0.0141994468868
1763,0.031025711447
1765,0.0815242603421
1767,0.0542880408466
1768,0.00282268947922
1769,0.00640095444396
1774,0.0242927800864
1775,0.057784486562
1776,0.00140001752879
1777,0.0172581039369
1779,0.0271861497313
1780,0.00376291573048
1783,0.00569230504334
1784,0.00727143278345
1785,0.00455782050267
1789,0.0149907758459
1790,0.0555244907737
1792,0.00857732724398
1793,0.0606492049992
1795,0.00915113277733
1796,0.00816957559437
1798,0.0338885933161
1802,0.0102469669655
1803,0.045951500535
1805,0.00435517448932
1806,0.0368094034493
1809,0.0113317798823
1810,0.00227894238196
1812,0.0159947611392
1813,0.0824476480484
1814,0.0775033533573
1815,0.0203638449311
1817,0.01999085024
1818,0.0381316207349
1819,0.0168227702379
1820,0.0137033518404
1821,0.265122205019
1823,0.0444139614701
1826,0.0131376441568
1827,0.0209826529026
1829,0.205967575312
1831,0.00315792765468
1833,0.0314076729119
1834,0.00651765335351
1837,0.0305389035493
1838,0.00185585999861
1839,0.00507315387949
1840,0.019544031471
1841,0.0176410675049
1842,0.0289997570217
1844,0.0574426390231
1845,0.00965679995716
1846,0.00169965007808
1847,0.00456032622606
1850,0.00288851629011
1851,0.0371261201799
1852,0.0014540621778
1860,0.0390894375741
1862,0.0457643084228
1864,0.13211171329
1865,0.00869705434889
1866,0.0227602254599
1867,0.0385778918862
1870,0.0178409330547
1871,0.0244825873524
1872,0.00739506445825
1873,0.00217131106183
1874,0.121371001005
1876,0.0476104393601
1878,0.027437467128
1879,0.157189056277
1884,0.0173694137484
1885,0.00389334652573
1888,0.0248368214816
1893,0.00853765569627
1897,0.0365355946124
1901,0.0114103378728
1902,0.00859980843961
1903,0.00288798101246
1905,0.0359704643488
1907,0.00724086631089
1908,0.234441190958
1919,0.158768460155
1921,0.205505013466
1926,0.00786594487727
1928,0.0170627180487
1930,0.153012394905
1933,0.0174929611385
1934,0.0114552089944
1935,0.0597801432014
1939,0.197099208832
1940,0.0154820466414
1942,0.00819262769073
1943,0.00600166711956
1945,0.0116116907448
1946,0.0385195501149
1948,0.0420711115003
1949,0.0154121741652
1952,0.0235476866364
1953,0.0211935341358
1955,0.0121232653037
1959,0.0490040108562
1963,0.0105262845755
1965,0.00752131221816
1967,0.0141994468868
1968,0.0172294266522
1969,0.00465051224455
1970,0.0552625134587
1973,0.0113540627062
1977,0.183567091823
1978,0.00448427908123
1979,0.00299513037317
1988,0.0318670943379
1991,0.0205999277532
1994,0.00237583741546
1996,0.00313565414399
1997,0.0133534194902
1998,0.00824571214616
2000,0.15413852036
2002,0.00629631290212
2004,0.0324839688838
2007,0.0437564365566
2008,0.0109534692019
2010,0.00331152230501
2011,0.0301198344678
2012,0.0612324737012
2015,0.00863702967763
2018,0.00199175113812
2019,0.00260499469005
2023,0.0272835865617
2024,0.0527145452797
2026,0.00706401932985
2028,0.00532985664904
2029,0.0120688881725
2031,0.009695767425
2033,0.0306360274553
2034,0.101780220866
2037,0.188330560923
2038,0.0144243314862
2039,0.0131123457104
2040,0.00254814652726
2042,0.00741981668398
2045,0.0185771491379
2048,0.0225506946445
2049,0.0248745903373
2050,0.0253090057522
2057,0.0316278338432
2061,0.0217417664826
2063,0.0684519261122
2067,0.00908515695482
2069,0.021701078862
2070,0.0154300779104
2072,0.261512935162
2073,0.0865950211883
2075,0.00834269542247
2076,0.0858119800687
2081,0.0177067741752
2082,0.0931622907519
2084,0.101774968207
2085,0.0996743366122
2086,0.0220985990018
2088,0.0353671647608
2092,0.0982079058886
2093,0.00708587327972
2094,0.00243473635055
2096,0.0982364565134
2102,0.0168227702379
2103,0.104809112847
2104,0.0411085449159
2108,0.158400312066
2109,0.033956758678
2111,0.0327929146588
2113,0.0199897103012
2116,0.0542097426951
2117,0.0308946557343
2118,0.0153670366853
2119,0.0108763296157
2120,0.00308710802346
2121,0.0134012950584
2124,0.0544438436627
2125,0.0248707626015
2126,0.00623410055414
2127,0.243311822414
2131,0.00139996223152
2133,0.036199528724
2134,0.044992312789
2136,0.0110559137538
2137,0.072556912899
2139,0.0385871492326
2144,0.00212772027589
2145,0.020974824205
2146,0.0698872059584
2149,0.0243812575936
2150,0.00411716289818
2151,0.0435820482671
2152,0.0127543769777
2153,0.00252945534885
2157,0.0825388655066
2158,0.0118642952293
2159,0.00432555889711
2161,0.00263984571211
2163,0.004464590922
2166,0.0332883931696
2169,0.00631577987224
2171,0.0936256945133
2177,0.0129484711215
2179,0.0806927606463
2182,0.00165099755395
2184,0.156180977821
2185,0.0325166918337
2186,0.00514539284632
2187,0.00730036199093
2188,0.0236898846924
2189,0.00463303737342
2190,0.158443048596
2194,0.00644930638373
2195,0.0110855968669
2196,0.0206267628819
2198,0.118204884231
2199,0.0208738185465
2200,0.00409566564485
2201,0.00686436006799
2203,0.0538834109902
2208,0.0107120955363
2209,0.0205640122294
2210,0.0143147427589
2211,0.00302412640303
2213,0.00652617448941
2214,0.0115535417572
2215,0.185094118118
2216,0.00543611124158
2218,0.00571156665683
2222,0.0334510467947
2224,0.00209285435267
2229,0.00351133127697
2230,0.00712253432721
2234,0.0506166033447
2235,0.0171388108283
2237,0.0112969381735
2239,0.00369681301527
2241,0.00357580417767
2242,0.0035205532331
2243,0.00504799513146
2244,0.00191752554383
2245,0.00187286129221
2248,0.0474854521453
2251,0.00624252203852
2253,0.218039780855
2254,0.00328282522969
2257,0.00402497779578
2261,0.0778228491545
2262,0.0124012744054
2266,0.00897242408246
2269,0.00299262977205
2275,0.00900827161968
2278,0.00816204864532
2279,0.00747835123911
2283,0.0124917346984
2284,0.0401602871716
2285,0.00366568285972
2286,0.00159215275198
2287,0.0924405604601
2289,0.112330824137
2290,0.115253560245
2291,0.0220985990018
2293,0.015674136579
2300,0.0246050022542
2301,0.00521595263854
2302,0.0830692127347
2303,0.0248457100242
2304,0.00226620282046
2305,0.0348148681223
2306,0.0305330716074
2307,0.0307153761387
2308,0.130226060748
2311,0.031025711447
2313,0.0411277413368
2315,0.00213785306551
2316,0.0248164962977
2318,0.20565789938
2322,0.00985487550497
2323,0.00933723617345
2325,0.0316626131535
2327,0.0185478311032
2328,0.0655301436782
2329,0.090735822916
2330,0.012641097419
2332,0.00284767872654
2333,0.00638108234853
2334,0.0534281842411
2337,0.0196979437023
2338,0.0600770823658
2341,0.137453168631
2344,0.0409752503037
2345,0.00869962852448
2347,0.00550669617951
2348,0.0230004284531
2349,0.00291847391054
2350,0.00562738301232
2351,0.0256608575583
2358,0.0293545033783
2359,0.0632214695215
2361,0.0193782858551
2363,0.0219555161893
2364,0.00533340405673
2366,0.049114909023
2369,0.00281132780947
2370,0.241015687585
2373,0.0381126850843
2375,0.0124759627506
2377,0.0385871492326
2384,0.063953615725
2385,0.00968242157251
2386,0.0587926916778
2387,0.00136953417677
2388,0.0316941998899
2392,0.0129087604582
2393,0.0255321282893
2394,0.0196028240025
2395,0.0155312707648
2396,0.0188276711851
2397,0.0247377138585
2400,0.0196028240025
2401,0.0133684622124
2403,0.0278128758073
2407,0.10891572386
2408,0.0397790297866
2410,0.00854517053813
2414,0.100603990257
2416,0.235649988055
2421,0.00319977663457
2422,0.0409752503037
2423,0.0495470725
2425,0.0327064394951
2430,0.0093355383724
2433,0.0064818453975
2434,0.0200459156185
2437,0.0256407819688
2438,0.00805340055376
2439,0.0533006973565
2440,0.0919131189585
2442,0.0159757100046
2444,0.018848516047
2449,0.011890665628
2456,0.0143397655338
2458,0.0333650112152
2462,0.00946167111397
2463,0.00896951556206
2464,0.00280889077112
2465,0.00986782833934
2466,0.0064359982498
2470,0.130226060748
2476,0.00948811508715
2478,0.0309671517462
2482,0.192333772779
2483,0.00948811508715
2484,0.158768460155
2487,0.0012475050753
2488,0.0236624944955
2493,0.00701812608168
2494,0.00317104556598
2495,0.03610528633
2499,0.0194203834981
2501,0.223695218563
2503,0.0236918535084
2504,0.00756973633543
2507,0.0124012744054
2509,0.0154630877078
2511,0.0320855826139
2512,0.0626028105617
2515,0.00957210734487
2516,0.0119191547856
2517,0.00948811508715
2521,0.208220049739
2525,0.0016302568838
2527,0.110265783966
2528,0.00886146165431
2529,0.00936214160174
2530,0.00508734723553
2531,0.137440651655
2533,0.00352477654815
2537,0.017388002947
2538,0.0173419825733
2539,0.0277355574071
2541,0.0112806046382
2542,0.112330824137
2543,0.0016809994122
2544,0.00216132216156
2545,0.00629532849416
2546,0.00217181630433
2548,0.0300195906311
2549,0.0038394422736
2555,0.00223687896505
2556,0.0102580040693
2558,0.0648909136653
2561,0.187179386616
2563,0.168193012476
2566,0.00511298933998
2567,0.0628829076886
2572,0.00292166974396
2573,0.015426681377
2574,0.0157547798008
2578,0.00847203843296
2580,0.0298347882926
2581,0.00598309142515
2582,0.00422101607546
2586,0.0549164153636
2588,0.0049361884594
2589,0.0415560007095
2591,0.00994114391506
2594,0.041136957705
2595,0.00892041716725
2596,0.0672784820199
2597,0.0030358270742
2599,0.0129167642444
2600,0.0154820466414
2601,0.0619984827936
2611,0.0069936318323
2613,0.009695767425
2614,0.00544546917081
2615,0.0208656899631
2616,0.261413216591
2617,0.0362563617527
2618,0.00390729075298
2619,0.028028478846
2626,0.00430945074186
2630,0.195708110929
2632,0.00446195947006
2636,0.0125862583518
2639,0.0276779551059
2642,0.0012859023409
2644,0.220613881946
2647,0.0154300779104
2648,0.234441190958
2649,0.221805796027
2651,0.0141038168222
2652,0.0801169648767
2656,0.228517130017
2658,0.133929044008
2664,0.00372787890956
2667,0.24578820169
2669,0.0358122289181
2670,0.00287239532918
2671,0.194774925709
2672,0.201219215989
2673,0.00177937548142
2678,0.0171425472945
2679,0.0164910368621
2682,0.00341434590518
2684,0.00613243412226
2685,0.0290799308568
2687,0.00600483641028
2689,0.0038406222593
2700,0.00839632656425
2701,0.0141994468868
2702,0.0237508565187
2704,0.0354244448245
2707,0.00457878410816
2710,0.0159882996231
2713,0.0220985990018
2715,0.0332227647305
2716,0.0841750875115
2724,0.00448245042935
2726,0.0565255098045
2727,0.0120147010311
2728,0.0056261527352
2730,0.00251226150431
2731,0.0608878731728
2733,0.038274448365
2736,0.009695767425
2737,0.0132590318099
2739,0.0377914756536
2740,0.00250337854959
2741,0.0121323885396
2745,0.0323776379228
2747,0.234441190958
2749,0.0224754270166
2751,0.00165896757971
2752,0.0333321429789
2759,0.182862743735
2760,0.00229809014127
2764,0.00335219106637
2766,0.0185075514019
2769,0.020247688517
2772,0.0679351612926
2773,0.00282191485167
2774,0.00913420505822
2776,0.00317309889942
2779,0.010770490393
2782,0.182862743735
2783,0.00776714505628
2788,0.00248049199581
2789,0.012791518122
2791,0.0157229136676
2793,0.0269243679941
2794,0.00240790471435
2796,0.0170393828303
2801,0.0157813020051
2803,0.0214143265039
2804,0.00318689318374
2805,0.0147726107389
2806,0.30108332634
2808,0.0359075367451
2809,0.0272182580084
2812,0.0105774076656
2814,0.0974015519023
2815,0.0138739710674
2816,0.0607667081058
2817,0.197359874845
2819,0.0404595322907
2821,0.179096341133
2822,0.0203124564141
2825,0.00703250290826
2827,0.00247140019201
2829,0.0193558167666
2830,0.00711039500311
2831,0.003540760139
2833,0.00334631768055
2838,0.0327080078423
2839,0.0335096418858
2843,0.00171510933433
2845,0.0135661046952
2849,0.0187775846571
2850,0.00440415227786
2852,0.0134933497757
2859,0.00858792569488
2861,0.00254169129767
2862,0.0174478143454
2863,0.0147343864664
2865,0.00829211622477
2866,0.178579613566
2867,0.0496874898672
2869,0.0353244207799
2871,0.00315008219332
2872,0.0145423766226
2873,0.211272507906
2874,0.00813800375909
2876,0.0212731044739
2877,0.00273310532793
2880,0.0785402804613
2881,0.00810663402081
2882,0.02308293432
2885,0.00904561579227
2886,0.0188861973584
2888,0.00518757896498
2889,0.017812654376
2891,0.0320661514997
2892,0.00645010359585
2893,0.183093830943
2897,0.052950065583
2898,0.0237054396421
2899,0.00963910855353
2901,0.0185530111194
2903,0.105128481984
2904,0.00358811207116
2905,0.0203947741538
2906,0.0691750273108
2908,0.014791903086
2910,0.101686410606
2913,0.00157781795133
2914,0.00367908389308
2915,0.00228936248459
2917,0.00781962089241
2918,0.0209526512772
2919,0.183093830943
2920,0.0242847111076
2921,0.0104183088988
2922,0.0813702195883
2925,0.0309579800814
2926,0.0185782443732
2927,0.0185075514019
2928,0.0541797019541
2929,0.00237570283934
2930,0.0101464334875
2936,0.00162168196402
2944,0.00261162640527
2949,0.00535413390025
2950,0.0100710624829
2951,0.0121413460001
2952,0.00740138813853
2955,0.0241390038282
2957,0.00741794845089
2959,0.0070168338716
2960,0.0173213724047
2961,0.0155022954568
2963,0.0161435697228
2966,0.00245711300522
2967,0.0294597409666
2968,0.015287457034
2969,0.00939133949578
2970,0.0158685706556
2972,0.0893225818872
2973,0.0295263137668
2974,0.00144535582513
2975,0.220447808504
2976,0.0107629792765
2980,0.00111863587517
2983,0.0307153761387
2984,0.158768460155
2986,0.00454338919371
2988,0.0124852722511
2989,0.0313462838531
2990,0.00319341477007
2991,0.0219805091619
2994,0.00932539161295
2995,0.0453495569527
2997,0.0186839476228
3000,0.0213902778924
3001,0.0140941468999
3002,0.00290328753181
3003,0.0430974327028
3005,0.0022742417641
3007,0.00204625935294
3008,0.0241734925658
3009,0.0316537246108
3011,0.0149175776169
3012,0.103571623564
3015,0.0149907758459
3017,0.010071894154
3019,0.0491151511669
3022,0.0242706146091
3025,0.0187806524336
3027,0.0222101006657
3028,0.00355602521449
3030,0.00948811508715
3031,0.00152662710752
3033,0.0179490055889
3035,0.0229898113757
3036,0.0262525398284
3037,0.00221277563833
3039,0.00496726250276
3041,0.102683693171
3046,0.00817459262908
3047,0.00371513934806
3048,0.00344459130429
3050,0.0626769661903
3051,0.00131146097556
3053,0.0024485012982
3055,0.0773064419627
3056,0.0196295324713
3058,0.0193591210991
3060,0.174480974674
3062,0.0287749860436
3063,0.0725305750966
3064,0.110691532493
3065,0.242018252611
3067,0.0377616994083
3069,0.031025711447
3070,0.0734852775931
3072,0.208073496819
3073,0.00580616109073
3074,0.00261162640527
3079,0.0562469027936
3080,0.141361102462
3083,0.0307790059596
3084,0.013298260048
3089,0.00994114391506
3093,0.00176241237205
3094,0.104719042778
3096,0.0522257834673
3098,0.00471866037697
3100,0.00439989985898
3101,0.0439042970538
3102,0.0126592451707
3104,0.037497036159
3105,0.0206135641783
3106,0.0196028240025
3109,0.00496656028554
3110,0.0191591139883
3111,0.0361018925905
3113,0.106601074338
3115,0.0655520036817
3116,0.011020604521
3120,0.0236342102289
3122,0.00583260366693
3124,0.0196028240025
3128,0.0061103166081
3129,0.0217575784773
3130,0.0201294180006
3132,0.0203063301742
3133,0.00485105998814
3135,0.0236015468836
3138,0.00787977036089
3139,0.0253456309438
3140,0.164333090186
3143,0.00515804439783
3146,0.205728307366
3148,0.183162480593
3149,0.0882185921073
3150,0.0358916446567
3152,0.0897420197725
3153,0.0468384847045
3154,0.0639581158757
3155,0.0141994468868
3159,0.0104218684137
3162,0.00209747906774
3163,0.296508073807
3164,0.00281935720704
3166,0.0330957882106
3167,0.0230715498328
3168,0.00257002096623
3171,0.0112192053348
3172,0.0607091039419
3173,0.0156772341579
3177,0.172150194645
3181,0.0182725302875
3183,0.187560677528
3185,0.0240164399147
3186,0.00435591256246
3190,0.0358116440475
3192,0.00337066291831
3193,0.0548549704254
3194,0.0158609766513
3195,0.0221409760416
3197,0.00275346729904
3200,0.0313519313931
3201,0.0718011185527
3206,0.132320791483
3207,0.0113221686333
3208,0.0296871587634
3210,0.181412518024
3211,0.00739506445825
3214,0.0107914730906
3216,0.00340836239047
3217,0.0190011374652
3218,0.0464783348143
3219,0.0255613364279
3223,0.0106218997389
3224,0.0103256134316
3227,0.135400146246
3229,0.00265928334557
3230,0.00269768969156
3231,0.0312107615173
3232,0.00621201843023
3234,0.189952686429
3241,0.00591684086248
3242,0.00721944356337
3244,0.068412527442
3246,0.0573916248977
3248,0.00581790180877
3249,0.00665000500157
3250,0.00273049273528
3252,0.00525260157883
3253,0.00489044329152
3254,0.00384657061659
3255,0.00490493094549
3257,0.0686201602221
3260,0.0224826354533
3264,0.11101128906
3266,0.00747122662142
3267,0.0375375933945
3268,0.0339149869978
3270,0.00138863699976
3271,0.0284772161394
3274,0.0252346470952
3275,0.00250413129106
3276,0.0179945081472
3278,0.0518655702472
3282,0.00240568025038
3284,0.0141858290881
3287,0.00717087788507
3288,0.0257130805403
3289,0.0317617692053
3291,0.181155532598
3292,0.0207167007029
3293,0.00818768143654
3294,0.00396563624963
3296,0.0163831729442
3298,0.00288065895438
3302,0.00782680884004
3303,0.0268063656986
3304,0.0472655370831
3306,0.0141994468868
3307,0.171088069677
3309,0.0196028240025
3310,0.273000240326
3311,0.0109546883032
3312,0.0174359641969
3315,0.00363940512761
3316,0.098889529705
3320,0.180504560471
3322,0.0518579371274
3324,0.0111391544342
3325,0.0208656899631
3326,0.00609571300447
3329,0.050080254674
3331,0.00868307985365
3332,0.0267780162394
3334,0.0024650557898
3336,0.00496959174052
3337,0.0168823227286
3339,0.149897843599
3340,0.0783872082829
3341,0.0252270251513
3345,0.013900202699
3348,0.0130909327418
3350,0.375401556492
3352,0.21115359664
3354,0.0318670943379
3355,0.00592428073287
3356,0.0124403936788
3357,0.00390840088949
3360,0.00325735844672
3361,0.00174416217487
3362,0.00224900897592
3363,0.0215873923153
3364,0.0863771438599
3365,0.0306322034448
3366,0.00220656441525
3367,0.00290516554378
3372,0.0213687084615
3374,0.048992279917
3375,0.0126529168338
3376,0.0332939326763
3377,0.034941919148
3378,0.00573782576248
3380,0.077247671783
3381,0.042249366641
3382,0.083957195282
3385,0.0118402084336
3386,0.00807835906744
3389,0.0196526665241
3390,0.021005300805
3391,0.173361480236
3393,0.00447148643434
3394,0.00334696983919
3401,0.0647341310978
3403,0.00279072090052
3404,0.0514329336584
3406,0.00992481037974
3407,0.0576109178364
3410,0.00225837156177
3411,0.0420194864273
3414,0.00155287142843
3416,0.00757825933397
3418,0.00196891184896
3419,0.00435740593821
3421,0.146800041199
3422,0.0181155316532
3423,0.00273049273528
3424,0.114613629878
3426,0.159745484591
3427,0.0403429828584
3429,0.036695972085
3431,0.00351127143949
3433,0.00705560250208
3435,0.00193021586165
3436,0.0148458275944
3437,0.194559916854
3438,0.00869705434889
3442,0.235649988055
3444,0.0815718621016
3447,0.0320855826139
3450,0.00872334651649
3451,0.0133952628821
3454,0.00438632909209
3455,0.00260637258179
3456,0.00444422336295
3459,0.00522951874882
3460,0.0275022238493
3461,0.0120598282665
3463,0.0173477772623
3465,0.0142494998872
3468,0.00951354391873
3469,0.0331494510174
3470,0.00726910308003
3472,0.0915411934257
3473,0.013239257969
3475,0.00285577354953
3476,0.0107828378677
3478,0.00236448133364
3479,0.0714462548494
3481,0.309906691313
3483,0.0540412291884
3484,0.00229559000582
3485,0.0255583897233
3488,0.0166558455676
3489,0.0255299229175
3490,0.00264060404152
3494,0.0027152618859
3498,0.0287704598159
3501,0.160212978721
3503,0.00994960404932
3506,0.0101156039163
3507,0.0128565263003
3509,0.253503113985
3510,0.0157809983939
3511,0.0677087455988
3512,0.145857363939
3514,0.00194255821407
3517,0.0545239187777
3519,0.00867251306772
3521,0.00445514032617
3522,0.0308655556291
3524,0.0327610783279
3526,0.0278829131275
3527,0.0103496927768
3529,0.00661804433912
3534,0.00948811508715
3536,0.0016698979307
3539,0.0273875314742
3540,0.0169828906655
3541,0.0147918276489
3542,0.0185156650841
3543,0.067649282515
3544,0.179666861892
3545,0.0835939347744
3547,0.029496608302
3548,0.0590013563633
3549,0.279972523451
3553,0.00291673559695
3555,0.0043052113615
3556,0.192440986633
3557,0.00195273931604
3558,0.00592134427279
3564,0.00275401724502
3565,0.00388010963798
3566,0.0896825194359
3568,0.0253016669303
3569,0.0172078162432
3571,0.00272985012271
3574,0.0134495794773
3576,0.00215784902684
3579,0.0734461024404
3582,0.0237365812063
3583,0.183093830943
3585,0.016884483397
3586,0.00335077056661
3588,0.00192621478345
3589,0.00899556092918
3590,0.0415895059705
3591,0.114708311856
3593,0.00665509747341
3594,0.0141994468868
3596,0.0325208418071
3597,0.0103635191917
3598,0.00222184509039
3600,0.0482888333499
3601,0.00896235927939
3602,0.0598698295653
3603,0.015158964321
3606,0.0800079107285
3610,0.00246852543205
3611,0.0312047917396
3612,0.158467903733
3614,0.00409479625523
3617,0.00193366641179
3618,0.00716745620593
3619,0.0634493008256
3621,0.0619888305664
3622,0.0200579836965
3624,0.00308193499222
3627,0.00280171935447
3628,0.00535617861897
3634,0.0997265279293
3637,0.0213685184717
3638,0.015351511538
3643,0.201524630189
3644,0.0197189953178
3646,0.206952065229
3648,0.0118583654985
3651,0.0117888143286
3652,0.0485981218517
3654,0.00914905872196
3656,0.012284129858
3658,0.185527220368
3659,0.0196028240025
3661,0.0376162491739
3663,0.00198541255668
3664,0.029347864911
3665,0.00366285583004
3668,0.00646774470806
3669,0.148058652878
3670,0.00648573692888
3671,0.0702511966228
3673,0.00313964067027
3674,0.00135124183726
3676,0.0318670943379
3678,0.0351981967688
3679,0.00851938687265
3683,0.00293192383833
3684,0.0279599446803
3685,0.0210214816034
3687,0.0120799737051
3693,0.105613678694
3696,0.0386707782745
3698,0.0423231609166
3700,0.00330689363182
3702,0.00505652837455
3706,0.0187970902771
3707,0.0155391311273
3716,0.00869888812304
3720,0.0100657967851
3721,0.0186152886599
3723,0.0165611281991
3725,0.0341258458793
3726,0.0558782964945
3734,0.00406453805044
3735,0.0352625884116
3736,0.00521123921499
3737,0.0117655443028
3739,0.00138720555697
3740,0.0216816347092
3743,0.138464093208
3746,0.0677268728614
3749,0.0164186954498
3754,0.0138143980876
3756,0.00332772661932
3757,0.142657488585
3759,0.0124012744054
3762,0.152090385556
3763,0.0154647594318
3766,0.00487873144448
3769,0.093818962574
3770,0.0242706146091
3776,0.017073854804
3777,0.0136429686099
3778,0.00321082375012
3781,0.00365273677744
3783,0.0220985990018
3787,0.0167216919363
3788,0.253312915564
3791,0.0155846644193
3792,0.00129728380125
3793,0.0127019360662
3794,0.0201442223042
3795,0.232022240758
3797,0.044569902122
3800,0.0815128684044
3802,0.0372911430895
3804,0.0196028240025
3805,0.00822900421917
3807,0.0470556207001
3809,0.0268987286836
3811,0.00865482073277
3815,0.125668421388
3816,0.110691532493
3819,0.142331019044
3821,0.00606130436063
3822,0.179009273648
3823,0.015061554499
3824,0.0403134375811
3825,0.0104113547131
3827,0.0145694557577
3829,0.0371153838933
3830,0.187488362193
3831,0.00239010248333
3833,0.0192954130471
3838,0.0453125573695
3842,0.164534658194
3844,0.0281151589006
3845,0.00229798723012
3848,0.013631795533
3849,0.00175471801776
3851,0.0145694557577
3855,0.0368539765477
3856,0.0168983656913
3858,0.435330331326
3859,0.0306433793157
3862,0.00266106589697
3865,0.0744239166379
3866,0.0318670943379
3869,0.0124506792054
3873,0.0622277483344
3876,0.215035811067
3877,0.039463724941
3878,0.0318591147661
3883,0.0108210258186
3886,0.0307153761387
3887,0.00453783897683
3890,0.0185478311032
3894,0.00276506366208
3898,0.00471029430628
3899,0.0199427437037
3901,0.0189208146185
3902,0.0192853584886
3903,0.0319408774376
3904,0.0126955211163
3909,0.00263441493735
3911,0.00897530745715
3914,0.0289282482117
3916,0.0601969659328
3917,0.00565155223012
3918,0.010770490393
3919,0.00422319537029
3921,0.0169545020908
3922,0.00718004209921
3926,0.0498051457107
3928,0.0109871858731
3929,0.00439909379929
3932,0.172150194645
3933,0.0163803454489
3936,0.0408329963684
3938,0.0613973662257
3940,0.0136843081564
3942,0.0105191851035
3944,0.00777692580596
3946,0.0118673369288
3948,0.00926800910383
3949,0.0261793378741
3951,0.0101380171254
3953,0.0014320196351
3954,0.0220291353762
3955,0.0139507697895
3959,0.0430653914809
3960,0.0228827502578
3963,0.0224853549153
3964,0.00948811508715
3965,0.0268304944038
3967,0.0112697556615
3968,0.0273926761001
3969,0.0213901530951
3974,0.0218810718507
3975,0.0179570261389
3980,0.00991011317819
3981,0.00586638925597
3984,0.00718621071428
3986,0.00520058814436
3989,0.00715334760025
3991,0.0678599178791
3992,0.0183636583388
3993,0.013022383675
3994,0.0222188066691
3996,0.0264130569994
3997,0.0486589893699
4001,0.256093233824
4002,0.199514046311
4003,0.00994960404932
4005,0.0158212203532
4009,0.0082399463281
4011,0.161192804575
4014,0.0229797288775
4016,0.0145011749119
4018,0.00327244889922
4021,0.00837102718651
4022,0.0305579286069
4024,0.00397545937449
4025,0.0345168076456
4027,0.243493273854
4031,0.0071324147284
4032,0.0207000114024
4033,0.0086340457201
4034,0.182407960296
4035,0.0238475129008
4036,0.0379327088594
4037,0.0234347209334
4040,0.00962917227298
4041,0.171288698912
4042,0.0287508685142
4044,0.0253681931645
4046,0.00273695890792
4047,0.0032673003152
4048,0.00268435105681
4049,0.0877925604582
4050,0.0168797355145
4052,0.00282607763074
4055,0.0177513919771
4058,0.130218267441
4060,0.00359624670818
4061,0.0242706146091
4063,0.0349916219711
4068,0.00193021586165
4071,0.00307050812989
4073,0.0572182238102
4075,0.0666284114122
4076,0.0523875281215
4079,0.00274171237834
4083,0.0562644191086
4086,0.0390856601298
4087,0.0134045667946
4089,0.00383786298335
4092,0.094388872385
4093,0.00727935042232
4096,0.0191016159952
4098,0.0176121257246
4100,0.00287815113552
4102,0.0924223139882
4106,0.0832000523806
4108,0.0105093521997
4110,0.0185234993696
4111,0.146135479212
4112,0.00295089511201
4113,0.0209764428437
4114,0.018182085827
4116,0.00264663132839
4119,0.130843266845
4121,0.00369681301527
4123,0.00410655979067
4124,0.0145109416917
4126,0.00903132092208
4128,0.0147625934333
4133,0.045927926898
4135,0.00827513448894
4136,0.0359018221498
4138,0.00431570224464
4141,0.00285715889186
4144,0.0289866682142
4148,0.023708101362
4152,0.0114795491099
4153,0.0329082496464
4154,0.0274492911994
4157,0.00288979546167
4158,0.0183648876846
4159,0.00555463507771
4161,0.0340073741972
4162,0.00302828405984
4164,0.016990326345
4165,0.32557696104
4166,0.0409752503037
4167,0.0193354766816
4170,0.00962188094854
4171,0.0457761362195
4172,0.209515318274
4173,0.00235361931846
4174,0.00289699691348
4175,0.00280943699181
4176,0.0262512303889
4177,0.0919131189585
4178,0.00271254265681
4179,0.0170836355537
4181,0.0168524179608
4184,0.107787191868
4185,0.0770477131009
4188,0.0220310781151
4189,0.0714548304677
4190,0.00481567718089
4191,0.010770490393
4192,0.0303772743791
4193,0.00273049273528
4194,0.010259703733
4195,0.010770490393
4196,0.0460603684187
4199,0.0133822374046
4200,0.0148458275944
4202,0.00962859857827
4204,0.0089050643146
4206,0.0161140225828
4207,0.0630908608437
4211,0.0398238413036
4212,0.00983836688101
4213,0.0104351406917
4214,0.0483548380435
4215,0.165868967772
4216,0.014428012073
4217,0.0266450960189
4220,0.00148490897845
4221,0.00340341776609
4223,0.0067197130993
4228,0.0308437719941
4231,0.0434829369187
4233,0.0440821610391
4234,0.0196028240025
4235,0.0220985990018
4236,0.0108360936865
4240,0.00227568019181
4241,0.0390802510083
4247,0.0168828852475
4248,0.009695767425
4249,0.00858792569488
4252,0.00499009294435
4255,0.00507437204942
4256,0.172150194645
4258,0.005571115762
4260,0.0867488756776
4261,0.185989946127
4265,0.0240248478949
4268,0.022838389501
4269,0.00188533822075
4270,0.00905540492386
4273,0.0377558507025
4274,0.104779116809
4276,0.00183180649765
4277,0.00222381646745
4278,0.0465437322855
4280,0.00232805591077
4281,0.0274606775492
4286,0.0490468628705
4289,0.162838146091
4290,0.017224540934
4291,0.00169689732138
4293,0.0224826354533
4300,0.0131748449057
4302,0.0121351312846
4303,0.22048561275
4304,0.0253214705735
4306,0.0139063019305
4308,0.0187493413687
4314,0.177298635244
4316,0.00414988584816
4320,0.00613351259381
4321,0.0211826916784
4323,0.00547614693642
4324,0.0164569504559
4326,0.0141994468868
4327,0.00967433582991
4329,0.0101608680561
4330,0.0268021281809
4331,0.00868490245193
4333,0.00307043408975
4334,0.00470936251804
4335,0.210061132908
4336,0.00908367615193
4337,0.0061521846801
4339,0.0148980617523
4340,0.0256547369063
4341,0.0322270020843
4348,0.00294392788783
4350,0.301722764969
4351,0.0141994468868
4353,0.0217395350337
4354,0.00196371832862
4355,0.00203349953517
4356,0.00332566327415
4358,0.00376076227985
4359,0.0630500689149
4361,0.0175686515868
4362,0.00173834792804
4363,0.0466750636697
4364,0.154896631837
4366,0.0978827252984
4369,0.0105526493862
4370,0.0199724864215
4372,0.00119261909276
4373,0.0049652857706
4374,0.010491031222
4375,0.0195645783097
4376,0.00248441821896
4379,0.234441190958
4380,0.0120357917622
4382,0.173964560032
4383,0.029148934409
4385,0.00754907354712
4386,0.0248800199479
4388,0.00721047725528
4389,0.0105489362031
4391,0.00466343807057
4393,0.20439851284
4396,0.00932539161295
4400,0.0193673968315
4401,0.00968000665307
4402,0.00232315133326
4407,0.00170756829903
4409,0.0585535615683
4414,0.0492711625993
4416,0.0825761407614
4417,0.00695373909548
4418,0.00948811508715
4420,0.00229606940411
4421,0.0102900201455
4422,0.0178618747741
4423,0.0867893099785
4426,0.022779930383
4427,0.0201676152647
4429,0.0149907758459
4430,0.00703504076228
4431,0.0153376627713
4432,0.0584509149194
4434,0.00344674079679
4436,0.0463093444705
4437,0.165868967772
4440,0.00572933629155
4442,0.0187303666025
4443,0.206970229745
4444,0.07693041116
4445,0.00767093291506
4446,0.0351760983467
4449,0.00552067905664
4453,0.00484550837427
4454,0.00156572484411
4458,0.0226979684085
4459,0.0651106610894
4460,0.0211318843067
4466,0.149125427008
4470,0.00822344888002
4472,0.116044469178
4473,0.0727906748652
4477,0.0123386401683
4478,0.00322302500717
4480,0.0139771038666
4481,0.00806303601712
4482,0.0610791891813
4483,0.0052866297774
4484,0.0113069768995
4486,0.0102197807282
4489,0.0187035854906
4490,0.0144307734445
4492,0.301333516836
4494,0.0551604032516
4495,0.0609643012285
4496,0.0222288891673
4498,0.0304642338306
4501,0.0196028240025
4502,0.00291508040391
4503,0.00286622066051
4504,0.00244061183184
4506,0.00717832613736
4507,0.0147486329079
4508,0.182393193245
4510,0.0231180377305
4514,0.00130634114612
4515,0.0111957117915
4516,0.00205797562376
4517,0.0347833409905
4522,0.026407154277
4528,0.0029809421394
4529,0.172150194645
4531,0.0457205362618
4535,0.0022503992077
4541,0.0109631856903
4542,0.00716440333053
4543,0.0262646842748
4544,0.0065052928403
4546,0.00484306970611
4549,0.00285291532055
4550,0.0521835386753
4553,0.00948811508715
4556,0.00135352986399
4559,0.00671408884227
4561,0.0222039092332
4562,0.00142931181472
4565,0.00615837099031
4566,0.0156011031941
4567,0.00153780507389
4568,0.0143086081371
4570,0.174025997519
4571,0.0128961391747
4572,0.06039025262
4573,0.0907284095883
4576,0.107845239341
4577,0.00295158405788
4582,0.00674052489921
4584,0.0330890975893
4585,0.0134914778173
4587,0.00628470955417
4588,0.0121325710788
4590,0.0188097804785
4592,0.0319592319429
4593,0.0214697513729
4596,0.0325618088245
4597,0.00286772591062
4598,0.275696784258
4599,0.00999121274799
4600,0.00690354406834
4601,0.00318667665124
4602,0.00135200447403
4603,0.0186534784734
4604,0.283809453249
4605,0.0118402084336
4610,0.234074652195
4616,0.0511287637055
4617,0.00304633867927
4621,0.00573730887845
4625,0.00566563522443
4626,0.0157969146967
4627,0.0028877586592
4634,0.0287613086402
4636,0.076945476234
4638,0.0122831128538
4640,0.00666448147967
4642,0.0075494563207
4643,0.0123475035653
4650,0.00233825063333
4651,0.0590701848269
4652,0.0895039439201
4655,0.0388844311237
4657,0.00226233433932
4661,0.0023172958754
4662,0.0493024811149
4666,0.00355603173375
4669,0.0196046605706
4670,0.0574138611555
4671,0.00895286910236
4674,0.0253887977451
4676,0.0111206537113
4678,0.0256053581834
4679,0.0372991748154
4682,0.00303137674928
4685,0.00644812406972
4686,0.00854066759348
4689,0.0080607291311
4690,0.00761525472626
4691,0.00354493642226
4693,0.00448072748259
4694,0.0636404305696
4698,0.0136555889621
4699,0.0987524315715
4702,0.117929637432
4704,0.00294656888582
4705,0.0370551981032
4706,0.0430549792945
4712,0.04309264943
4713,0.03451365605
4714,0.0227749682963
4715,0.0167638231069
4716,0.0154511518776
4717,0.063953615725
4719,0.0361142158508
4720,0.0196028240025
4721,0.14630562067
4722,0.0887268334627
4725,0.0155396414921
4726,0.0422739349306
4727,0.0312461927533
4729,0.015674136579
4730,0.00283363438211
4732,0.228212311864
4735,0.0157547798008
4737,0.0110783753917
4738,0.0141994468868
4740,0.00946439336985
4741,0.0318670943379
4742,0.0125087453052
4746,0.00528371427208
4751,0.00239053904079
4753,0.00590182375163
4755,0.0110174566507
4756,0.029119759798
4760,0.0102780321613
4761,0.00857153907418
4763,0.00241497438401
4764,0.0279700215906
4768,0.097712084651
4773,0.0161794535816
4778,0.00862266961485
4782,0.00419712485746
4783,0.009695767425
4784,0.0168823227286
4788,0.0129699110985
4791,0.010879335925
4792,0.0319959111512
4793,0.041482463479
4794,0.00200495473109
4797,0.0470961146057
4798,0.0092221274972
4799,0.00521352561191
4800,0.0255321282893
4802,0.00175378518179
4803,0.00762127526104
4807,0.0179109349847
4808,0.0387208648026
4809,0.179950639606
4812,0.0144287450239
4813,0.00421224441379
4815,0.127353802323
4822,0.00192238762975
4826,0.0354282520711
4827,0.0230002943426
4828,0.00223425705917
4829,0.00763735501096
4833,0.00165124365594
4834,0.00494188070297
4835,0.0136512545869
4836,0.00203589024022
4837,0.0403528250754
4845,0.19291998446
4846,0.0060540176928
4847,0.0148345818743
4848,0.0354599356651
4851,0.0206264741719
4852,0.0244119912386
4853,0.00564102595672
4854,0.0245023984462
4856,0.00196453440003
4857,0.00785006769001
4858,0.00506812380627
4859,0.0358528532088
4861,0.00754586653784
4866,0.0675747916102
4867,0.00515918526798
4868,0.0678402557969
4869,0.0122186131775
4870,0.173829048872
4872,0.0367920771241
4873,0.00496779754758
4875,0.00880004279315
4878,0.00706499628723
4880,0.00855992920697
4881,0.174218326807
4886,0.127608075738
4887,0.00458440789953
4888,0.097978323698
4889,0.0015155763831
4891,0.0150750782341
4896,0.00248049199581
4898,0.0360490046442
4899,0.0178278945386
4900,0.0815718621016
4902,0.0390727743506
4903,0.00574061460793
4904,0.0106927696615
4908,0.0384452082217
4909,0.0606492049992
4910,0.0148779619485
4911,0.171646714211
4914,0.0318670943379
4915,0.00248049199581
4919,0.00159729563165
4922,0.017422709614
4927,0.00758406799287
4932,0.0124451052397
4934,0.0723792314529
4936,0.0203748159111
4937,0.0095889531076
4938,0.00758292013779
4941,0.106724046171
4942,0.0277390405536
4945,0.00948811508715
4946,0.035419754684
4949,0.0240489970893
4951,0.133271858096
4953,0.0268933847547
4956,0.00973762571812
4958,0.00892424583435
4959,0.0144243314862
4961,0.13211171329
4964,0.0337181687355
4965,0.0310731455684
4967,0.0223178248852
4968,0.00240279361606
4973,0.00492514576763
4976,0.00232181674801
4979,0.00311037292704
4980,0.179801091552
4981,0.00390021875501
4983,0.00966833066195
4984,0.00264711608179
4985,0.0143773341551
4986,0.00937232747674
4988,0.0377078689635
4989,0.142128035426
4990,0.00838348921388
4992,0.0115649662912
4993,0.0180221572518
4996,0.0218750070781
4997,0.00823150295764
5001,0.0137043781579
5002,0.0255321282893
5005,0.0403721146286
5006,0.00532328290865
5007,0.0880564302206
5009,0.0188869573176
5011,0.0109014278278
5020,0.010848867707
5021,0.00412722863257
5023,0.183093830943
5024,0.0821484997869
5028,0.0599844269454
5031,0.0170453805476
5033,0.0143397655338
5034,0.0048062778078
5035,0.0268983971328
5036,0.0188860706985
5037,0.0110540725291
5039,0.104365155101
5042,0.0857293307781
5044,0.00707999104634
5045,0.00330233760178
5049,0.00323292403482
5050,0.00842929817736
5051,0.0196028240025
5053,0.0503467954695
5054,0.0105751920491
5055,0.00486870622262
5056,0.0131804384291
5059,0.00702242087573
5060,0.00240108673461
5061,0.0244037043303
5063,0.0396609082818
5065,0.00467298272997
5069,0.00490462826565
5071,0.0390481501818
5073,0.0484408810735
5074,0.20337612927
5080,0.00226321606897
5081,0.00152737740427
5082,0.0617501102388
5084,0.197106927633
5085,0.0294578671455
5090,0.0577182434499
5091,0.0120978206396
5092,0.00559735670686
5096,0.0689364150167
5099,0.0264338385314
5102,0.0220985990018
5103,0.00145039183553
5104,0.00451394356787
5105,0.0173213724047
5106,0.0652219355106
5108,0.0200168974698
5112,0.0477553829551
5116,0.175701379776
5119,0.0287672299892
5120,0.0134331956506
5125,0.00556749524549
5128,0.195103436708
5132,0.00203889166005
5134,0.0420194864273
5135,0.221661090851
5137,0.00136408780236
5138,0.0328779518604
5139,0.00632330449298
5142,0.037332739681
5144,0.00748034799471
5145,0.0674526691437
5146,0.0147047871724
5147,0.230209082365
5148,0.00733783375472
5149,0.0115611562505
5150,0.00788151845336
5151,0.0178770143539
5152,0.0109302420169
5156,0.0115190083161
5159,0.00697267148644
5161,0.0013080437202
5162,0.0284025371075
5165,0.00145256880205
5170,0.0392675995827
5172,0.0156164085492
5173,0.0557365454733
5174,0.0217877719551
5175,0.00571797182783
5177,0.00455504795536
5178,0.00912945438176
5184,0.157898411155
5185,0.0110783753917
5188,0.0335806757212
5189,0.00345294107683
5191,0.0407719537616
5192,0.0233747754246
5194,0.0274784117937
5195,0.0144855426624
5198,0.0322124250233
5199,0.0768530070782
5200,0.0183922350407
5201,0.0275982543826
5205,0.0583363063633
5206,0.00308787147515
5208,0.220251873136
5212,0.00851635448635
5213,0.298538357019
5214,0.00608005793765
5217,0.00544131593779
5219,0.107964575291
5222,0.0145626869053
5225,0.00923686940223
5226,0.00903586763889
5227,0.0285453759134
5230,0.005259656813
5231,0.0119304582477
5232,0.00157051917631
5235,0.123405247927
5236,0.0110365245491
5237,0.0365245863795
5238,0.030155999586
5245,0.00363751780242
5246,0.00227114604786
5248,0.0196384172887
5250,0.0296434499323
5252,0.0450911410153
5253,0.256526082754
5254,0.152377322316
5257,0.00665307091549
5261,0.014184509404
5267,0.00700138183311
5269,0.00653624488041
5272,0.082716114819
5273,0.00950454454869
5275,0.0133274802938
5278,0.0272182580084
5279,0.0172017775476
5280,0.00592634780332
5281,0.0051589794457
5283,0.205423384905
5286,0.00196891184896
5287,0.00440320558846
5291,0.0293244775385
5292,0.0363332591951
5294,0.0240804664791
5300,0.211905971169
5303,0.0466604791582
5304,0.0366144925356
5306,0.0120226563886
5307,0.0168227702379
5310,0.0112309549004
5311,0.014954732731
5313,0.0296236705035
5315,0.0145423766226
5317,0.0174690634012
5319,0.00520071620122
5321,0.0107283536345
5329,0.180243894458
5331,0.035205963999
5332,0.00322841247544
5335,0.0321605727077
5336,0.00618602987379
5337,0.0264374092221
5340,0.00603538705036
5341,0.0141994468868
5343,0.0141994468868
5344,0.0314906910062
5345,0.0206356514245
5349,0.0327064394951
5350,0.0415574088693
5352,0.00987534131855
5353,0.218222364783
5354,0.00278850295581
5356,0.0131590636447
5357,0.00852950196713
5358,0.0783629789948
5359,0.0254547186196
5363,0.0120355030522
5366,0.0645324587822
5367,0.00894355308264
5373,0.00951763894409
5374,0.0165318511426
5377,0.00345307216048
5378,0.130421429873
5379,0.0411085449159
5381,0.0170703567564
5386,0.0495966114104
5389,0.00249103875831
5395,0.00395393092185
5397,0.00665341131389
5398,0.009695767425
5402,0.00908722728491
5404,0.0368762649596
5409,0.00240801926702
5410,0.0161012653261
5411,0.00142931181472
5412,0.00461174780503
5414,0.00158065627329
5419,0.0619245655835
5424,0.00346871209331
5429,0.0038653423544
5430,0.0310730841011
5431,0.0132305696607
5432,0.00396169628948
5436,0.026585072279
5438,0.0417312011123
5443,0.0366051010787
5444,0.0194350164384
5445,0.00144194904715
5446,0.019373908639
5447,0.0131924003363
5448,0.00280869170092
5449,0.00271377852187
5454,0.00231630937196
5457,0.0122629096732
5459,0.00318849785253
5461,0.0141994468868
5462,0.0150844054297
5465,0.017306452617
5470,0.00364909926429
5471,0.0134634105489
5472,0.00336143909954
5474,0.035363625735
5478,0.0023549341131
5479,0.00517006032169
5480,0.0149612044916
5482,0.00286463904195
5485,0.235649988055
5487,0.0191164482385
5488,0.00129728380125
5492,0.00948811508715
5494,0.012690548785
5496,0.00405026972294
5497,0.0117722833529
5499,0.0403125807643
5501,0.0111566055566
5503,0.0174643993378
5504,0.0343305952847
5505,0.0246213655919
5507,0.0531176514924
5508,0.0888803750277
5509,0.0176157392561
5510,0.0376823060215
5511,0.0357107035816
5513,0.0271245762706
5514,0.0656037703156
5515,0.00166156701744
5517,0.00513635482639
5520,0.00140161637682
5524,0.00350236985832
5526,0.00332182948478
5527,0.0260677840561
5532,0.00798238907009
5534,0.014395583421
5535,0.0185478311032
5537,0.00932173617184
5538,0.0531047992408
5540,0.00276767462492
5541,0.0061134332791
5543,0.00818943977356
5544,0.00206921622157
5547,0.0146465785801
5548,0.0181526131928
5550,0.0189042836428
5553,0.00407997658476
5554,0.0478862524033
5557,0.0134612442926
5558,0.00570285925642
5559,0.165868967772
5560,0.0136393504217
5564,0.0028403843753
5566,0.220083504915
5567,0.0169626101851
5568,0.00781496427953
5569,0.00633744429797
5574,0.0484096258879
5575,0.0559062883258
5577,0.0121111869812
5578,0.0226033721119
5581,0.0350874736905
5583,0.0196028240025
5585,0.0238926373422
5586,0.00543519807979
5587,0.0210165325552
5588,0.0298688579351
5590,0.0193800665438
5592,0.0129691101611
5593,0.0124662499875
5598,0.00480918679386
5599,0.00326130841859
5602,0.00986161082983
5603,0.00635749800131
5604,0.00261928117834
5605,0.0842574834824
5606,0.0681873783469
5607,0.0141212195158
5610,0.0624778047204
5611,0.0604783333838
5613,0.00721944356337
5614,0.00151681515854
5616,0.00975714158267
5617,0.00226423260756
5618,0.0182774327695
5619,0.0540412291884
5620,0.0014034936903
5622,0.0903741642833
5623,0.103495106101
5624,0.188684687018
5626,0.0399956889451
5627,0.0196028240025
5629,0.00467308051884
5630,0.0294362045825
5633,0.0378268659115
5634,0.0985423028469
5635,0.00235589314252
5637,0.037190310657
5640,0.0100024500862
5642,0.0165910776705
5644,0.0273955594748
5646,0.0214099753648
5647,0.00680609373376
5653,0.0362754166126
5654,0.00569562008604
5656,0.0288048684597
5660,0.00291508040391
5661,0.0316001363099
5662,0.00573684368283
5663,0.00799749232829
5664,0.00387762626633
5667,0.0301577933133
5668,0.158326655626
5671,0.0402783639729
5673,0.00368905859068
5674,0.0386712923646
5676,0.00469527393579
5677,0.00340901664458
5679,0.00383022311144
5680,0.0156257729977
5681,0.0141994468868
5682,0.00284885149449
5684,0.00336952740327
5686,0.00523086823523
5688,0.26236140728
5690,0.217471420765
5691,0.0124012744054
5692,0.0163190122694
5696,0.0129691101611
5699,0.0265358872712
5700,0.00468395603821
5702,0.00419926969334
5707,0.0244092382491
5709,0.181907817721
5710,0.0131470812485
5711,0.013969425112
5712,0.0247555356473
5714,0.00798763614148
5715,0.0271109081805
5717,0.0346436835825
5722,0.00827636010945
5725,0.00730117456988
5726,0.0044959760271
5727,0.0149326222017
5732,0.0205958988518
5734,0.0327064394951
5737,0.00349894491956
5738,0.0400827266276
5740,0.188360095024
5741,0.0525875501335
5747,0.00746633065864
5750,0.0149272857234
5754,0.0140796424821
5755,0.0132658770308
5756,0.0296434499323
5757,0.0139540890232
5758,0.205085530877
5759,0.00288721895777
5760,0.00487731723115
5761,0.00256887706928
5763,0.0131089091301
5764,0.0131437908858
5765,0.0675569921732
5767,0.0095576569438
5768,0.00395320029929
5769,0.0129087604582
5770,0.291435688734
5782,0.0114782825112
5784,0.183093830943
5785,0.0142215089872
5787,0.013847861439
5790,0.00322862761095
5791,0.0233868677169
5792,0.00652540428564
5793,0.0735216885805
5797,0.0172867402434
5798,0.00842617079616
5802,0.0501126013696
5803,0.0198759436607
5804,0.0121892066672
5805,0.00453442009166
5806,0.00607369281352
5807,0.00405070045963
5810,0.0202764421701
5812,0.00891707930714
5815,0.0146380532533
5816,0.102549418807
5817,0.0521166697145
5818,0.151835769415
5819,0.0104115661234
5820,0.0191514752805
5825,0.00898651126772
5827,0.0558840297163
5828,0.0113818980753
5829,0.0168383531272
5832,0.00150833313819
5834,0.182661965489
5836,0.0141221079975
5837,0.00835880171508
5839,0.00393103947863
5841,0.201223224401
5847,0.230237990618
5849,0.167552128434
5851,0.00250472687185
5852,0.0162015724927
5853,0.0260334536433
5855,0.00346859334968
5857,0.0166551582515
5859,0.00266324193217
5862,0.0266331229359
5863,0.00576028507203
5867,0.0613969266415
5869,0.00287815113552
5870,0.00275041954592
5871,0.00464344164357
5872,0.0064840875566
5873,0.0046837804839
5874,0.00961910933256
5876,0.0220985990018
5879,0.00515955733135
5881,0.0296096466482
5882,0.147159323096
5883,0.0113181443885
5888,0.0122023206204
5889,0.0116926291957
5890,0.00786500703543
5892,0.217416152358
5896,0.0350593216717
5898,0.0080497181043
5902,0.0801463276148
5903,0.0126953767613
5904,0.00252988841385
5905,0.001601420925
5906,0.0165364257991
5907,0.0128342751414
5908,0.00932808406651
5913,0.0229906477034
5915,0.0285455528647
5916,0.00350012211129
5917,0.013085574843
5921,0.127038061619
5923,0.0145681202412
5925,0.00159729563165
5928,0.0394582152367
5930,0.00225142203271
5931,0.063953615725
5932,0.0220985990018
5934,0.009695767425
5936,0.00372311635874
5937,0.213981062174
5939,0.256093233824
5941,0.162398010492
5942,0.00994960404932
5943,0.00283491867594
5945,0.00773867499083
5946,0.00382047449239
5947,0.0184178687632
5948,0.0404452607036
5949,0.100734584033
5950,0.067072249949
5953,0.00626616878435
5955,0.00796381849796
5956,0.00558365229517
5959,0.0203504785895
5960,0.130226060748
5962,0.0141994468868
5964,0.0251203831285
5965,0.00188047392294
5966,0.00935505982488
5967,0.0204526428133
5968,0.171088069677
5969,0.0158686153591
5970,0.0137727996334
5973,0.00415150821209
5975,0.00672830222175
5977,0.302521944046
5980,0.0129702826962
5981,0.0233747754246
5982,0.0152894882485
5983,0.214214518666
5984,0.102109096944
5985,0.0124012744054
5986,0.14904512465
5992,0.0324509255588
5993,0.0148397879675
5994,0.00971564464271
5995,0.0126968538389
5997,0.022101841867
5998,0.0214124619961
6000,0.0131924003363
6002,0.0047117411159
6004,0.0119931492954
6007,0.0132886730134
6009,0.00353685044684
6010,0.0176675785333
6014,0.052543438971
6015,0.0285730641335
6016,0.0781074613333
6017,0.00948811508715
6021,0.0201695952564
6022,0.0028045612853
6023,0.0571358762681
6024,0.00159146310762
6028,0.00613351259381
6029,0.0718431398273
6030,0.00652821175754
6031,0.00589871406555
6034,0.0714560523629
6035,0.0318670943379
6039,0.0221293233335
6040,0.010770490393
6042,0.0582765340805
6043,0.0034047360532
6044,0.00315008219332
6045,0.0176461655647
6047,0.00342743680812
6048,0.00168345705606
6051,0.0321137234569
6052,0.105426363647
6054,0.00388979748823
6055,0.0850621312857
6057,0.0238351169974
6058,0.0318670943379
6059,0.00944899208844
6062,0.0437637083232
6064,0.00540022924542
6065,0.0199721567333
6067,0.00796606391668
6068,0.00144680927042
6069,0.0037317329552
6070,0.0569462254643
6074,0.0341330058873
6075,0.00921873375773
6076,0.0028319992125
6077,0.0858915448189
6078,0.0124829616398
6079,0.00417402805761
6081,0.00227615656331
6082,0.0055651855655
6085,0.0012475050753
6086,0.020338665694
6088,0.0303638149053
6090,0.0608569607139
6091,0.0236469488591
6092,0.047621563077
6094,0.0398129671812
6101,0.00402260245755
6102,0.0150708379224
6104,0.00890766549855
6106,0.00231059384532
6112,0.0344746671617
6117,0.0196028240025
6118,0.0254055634141
6119,0.00115193217061
6126,0.0141994468868
6127,0.0149865513667
6129,0.0115305725485
6131,0.0268413107842
6132,0.101739607751
6133,0.00936880800873
6134,0.0846144258976
6135,0.0129521703348
6136,0.0173160713166
6139,0.00241519720294
6140,0.004113398958
6142,0.0169867277145
6144,0.00412997929379
6145,0.00713581917807
6148,0.0376125089824
6150,0.300864994526
6152,0.0154300779104
6153,0.00365324178711
6154,0.0533564388752
6155,0.0358435250819
6157,0.00859028007835
6158,0.207474499941
6161,0.0572127588093
6162,0.0183021835983
6163,0.0896214172244
6165,0.0854019597173
6167,0.00107983825728
6168,0.0023965141736
6172,0.0116190928966
6173,0.00948811508715
6175,0.0345430001616
6176,0.0235925652087
6178,0.0490971729159
6179,0.00256713642739
6183,0.00852385535836
6184,0.00273095513694
6189,0.0221159551293
6192,0.0228415876627
6194,0.0327710099518
6196,0.00301468162797
6197,0.00862725265324
6198,0.0266464203596
6199,0.00662923883647
6200,0.0235771480948
6201,0.0127058653161
6202,0.00257106870413
6203,0.146041467786
6205,0.00764328008518
6206,0.0504192635417
6208,0.00867799110711
6212,0.00246482831426
6215,0.00249229976907
6217,0.0300703160465
6218,0.0982364565134
6221,0.00440776068717
6222,0.00203854730353
6224,0.280130147934
6225,0.0196028240025
6227,0.187179386616
6230,0.0150189865381
6232,0.021902596578
6233,0.0437852144241
6234,0.0294253304601
6237,0.0167145673186
6238,0.0161188673228
6240,0.00459593348205
6243,0.0457899384201
6245,0.0325356684625
6247,0.00904722418636
6248,0.00244235154241
6250,0.031802456826
6252,0.00597779639065
6255,0.119213670492
6257,0.0141994468868
6258,0.0108965951949
6260,0.0321815572679
6264,0.00213268469088
6265,0.0706060454249
6266,0.00546708842739
6268,0.208114802837
6269,0.120317675173
6270,0.0132034420967
6271,0.0880946144462
6276,0.029847946018
6279,0.328867554665
6280,0.00546350656077
6283,0.0158357042819
6284,0.00726621365175
6287,0.00235196715221
6288,0.0154300779104
6289,0.00829158257693
6291,0.171872898936
6292,0.0172445308417
6293,0.118474237621
6295,0.00199207640253
6296,0.020808333531
6297,0.00261162640527
6298,0.0168355740607
6301,0.00239022518508
6302,0.0358060486615
6303,0.00944794341922
6304,0.0728206932545
6308,0.0255321282893
6312,0.00933735072613
6313,0.00612786691636
6314,0.107416950166
6315,0.066742643714
6316,0.149692520499
6324,0.0379388444126
6327,0.00249297777191
6329,0.0196028240025
6332,0.00309806922451
6334,0.00869844853878
6336,0.0596179142594
6337,0.0436545759439
6338,0.0127695826814
6341,0.121188908815
6342,0.00308130658232
6343,0.00951078161597
6346,0.00785892177373
6348,0.0369176864624
6349,0.0171115305275
6351,0.0163409169763
6356,0.00527491467074
6361,0.0173419825733
6363,0.00134697800968
6364,0.00723451701924
6367,0.00419487943873
6368,0.0663928613067
6370,0.176368325949
6372,0.0265362076461
6378,0.00341126904823
6379,0.0084434831515
6380,0.00128517567646
6381,0.143690824509
6388,0.0102195637301
6391,0.0184271112084
6393,0.209515318274
6395,0.0259247347713
6396,0.00708113377914
6397,0.0148438820615
6398,0.0353252068162
6399,0.00216910848394
6400,0.106724046171
6401,0.0137657606974
6403,0.0279449559748
6406,0.0444639064372
6407,0.0015231994912
6409,0.0773578584194
6410,0.0057026213035
6411,0.00262244092301
6413,0.0332979150116
6416,0.225192204118
6417,0.182694420218
6419,0.00257232226431
6422,0.0201185066253
6424,0.00410180073231
6426,0.00248049199581
6429,0.00231194542721
6432,0.00273049273528
6435,0.0567395798862
6437,0.0023963204585
6439,0.0145423766226
6440,0.013974128291
6441,0.0166549924761
6445,0.0183976516128
6446,0.00919700413942
6447,0.0726988464594
6448,0.00702125020325
6450,0.0195609834045
6452,0.0372371450067
6453,0.0958641171455
6454,0.00657630339265
6455,0.0105578545481
6456,0.00248613604344
6459,0.0141994468868
6462,0.0154300779104
6466,0.096423022449
6467,0.0140568977222
6473,0.0346472971141
6474,0.120989769697
6476,0.00452977139503
6479,0.00932539161295
6485,0.00972065143287
6486,0.00577829312533
6487,0.00314198154956
6490,0.0489678271115
6493,0.00566583964974
6496,0.00729801598936
6497,0.00327673833817
6498,0.00264285923913
6499,0.0188734084368
6500,0.0173384733498
6502,0.0129691101611
6503,0.0634973719716
6505,0.00437576929107
6506,0.00690881256014
6513,0.011988658458
6514,0.00755400909111
6516,0.0046976855956
6518,0.00253501371481
6519,0.05792189762
6522,0.0236519332975
6527,0.00995237659663
6529,0.0532651245594
6530,0.185847118497
6535,0.0127745727077
6538,0.00333677208982
6541,0.0159886088222
6542,0.00985700637102
6547,0.0031941102352
6549,0.00752160744742
6550,0.00471695419401
6551,0.011660608463
6552,0.11928498745
6553,0.00179724977352
6554,0.0325641743839
6555,0.0744884908199
6559,0.0816590562463
6561,0.0632904097438
6562,0.10765324533
6564,0.0560741946101
6566,0.0291182976216
6567,0.0738678202033
6569,0.0059783346951
6570,0.0210486836731
6573,0.162858620286
6574,0.00369246909395
6575,0.035717651248
6577,0.0196028240025
6578,0.0180273391306
6585,0.0195377878845
6586,0.0277979932725
6587,0.030040409416
6588,0.035317260772
6591,0.0369277000427
6594,0.0171678960323
6597,0.0803500637412
6600,0.00148602726404
6603,0.185527220368
6605,0.00521123921499
6612,0.00225767330267
6613,0.00509692588821
6614,0.00206482363865
6615,0.00315991882235
6616,0.00472244620323
6624,0.0136041045189
6626,0.0502727180719
6630,0.00248049199581
6632,0.0416713245213
6633,0.019122345373
6637,0.00136408780236
6640,0.0206212587655
6641,0.0411659404635
6643,0.129513368011
6644,0.0732070803642
6648,0.150433465838
6651,0.0159254223108
6652,0.00998448953032
6654,0.0172340534627
6655,0.0196526665241
6657,0.00783378444612
6660,0.0213132463396
6664,0.041431620717
6667,0.00935915671289
6668,0.216074615717
6669,0.297382861376
6672,0.0212711486965
6675,0.0100329797715
6677,0.00150599947665
6679,0.0195284895599
6682,0.0449182726443
6683,0.0227022673935
6684,0.00283878436312
6685,0.00872230250388
6690,0.0161186717451
6693,0.00330137554556
6694,0.00441707810387
6696,0.0197911765426
6702,0.00727136759087
6703,0.16567479074
6704,0.0245354045182
6706,0.0494997575879
6708,0.0024052716326
6709,0.0496481917799
6710,0.154896631837
6711,0.0110394814983
6712,0.015681553632
6713,0.0852730423212
6714,0.00486955419183
6715,0.0820700526237
6716,0.00293851504102
6718,0.0221349466592
6719,0.00243590539321
6722,0.00240414845757
6724,0.0171871446073
6726,0.00238652457483
6727,0.0105635495856
6728,0.063953615725
6730,0.0106889465824
6732,0.0462318994105
6737,0.00238978746347
6741,0.0364069379866
6743,0.00709093688056
6745,0.0185478311032
6746,0.0352161489427
6750,0.00261162640527
6751,0.0189390089363
6752,0.067275442183
6753,0.0775173678994
6758,0.045008122921
6759,0.00252454658039
6762,0.0381277538836
6763,0.0428775399923
6764,0.211442649364
6769,0.0312740579247
6771,0.00965234544128
6772,0.0586984008551
6775,0.0018077166751
6776,0.0176638048142
6777,0.00254667317495
6779,0.00223645125516
6784,0.0268326476216
6785,0.0385871492326
6788,0.00761535577476
6789,0.0242852140218
6795,0.0320815257728
6796,0.00809243600816
6797,0.0162642654032
6799,0.00234011909924
6801,0.14630562067
6803,0.0851934850216
6806,0.00728270038962
6807,0.00691966619343
6809,0.0114985462278
6810,0.0591869018972
6812,0.182246625423
6813,0.103802129626
6814,0.242025375366
6816,0.0196028240025
6818,0.00459264498204
6819,0.0309392437339
6822,0.197111129761
6823,0.00204503978603
6824,0.00636442983523
6826,0.00562661699951
6827,0.220943138003
6828,0.00228400342166
6830,0.0179825127125
6832,0.00269318791106
6834,0.0253318529576
6836,0.00727955019102
6837,0.00286322832108
6838,0.0401167832315
6840,0.00987598393112
6843,0.00884212553501
6844,0.221661090851
6845,0.0476279035211
6848,0.180871874094
6850,0.0198759436607
6853,0.00253096572123
6854,0.0228517428041
6856,0.0119820283726
6857,0.015209261328
6862,0.0120225427672
6863,0.142572596669
6864,0.00331842130981
6865,0.0370120219886
6866,0.0124081037939
6868,0.0103417355567
6874,0.0198505148292
6875,0.0100625520572
6877,0.00267413398251
6878,0.0201380103827
6881,0.00769063504413
6885,0.048215072602
6886,0.0827377364039
6888,0.0144646465778
6889,0.477805405855
6893,0.0337596908212
6896,0.00245550530963
6897,0.0806592926383
6899,0.0270556248724
6901,0.0557442158461
6902,0.0584153309464
6904,0.00236036581919
6905,0.110010892153
6906,0.00299879489467
6908,0.0815566778183
6909,0.0419493094087
6910,0.286808490753
6911,0.0148604791611
6913,0.00528794107959
6914,0.00242489716038
6915,0.00224495935254
6916,0.075679667294
6918,0.0031757382676
6920,0.00208024890162
6924,0.025918353349
6925,0.0177471600473
6930,0.0550287142396
6931,0.0525993779302
6935,0.00513361161575
6937,0.0781376808882
6939,0.00524963485077
6941,0.00370155437849
6943,0.0399231277406
6944,0.00164447620045
6945,0.00250447448343
6953,0.00443036528304
6954,0.040522325784
6955,0.00644079968333
6958,0.0109208645299
6959,0.0342527069151
6961,0.00302878790535
6964,0.00446143653244
6968,0.003129492281
6969,0.0662996545434
6970,0.0336946174502
6973,0.137263387442
6974,0.0142356827855
6979,0.010215411894
6981,0.010770490393
6991,0.00583124347031
6992,0.0628512650728
6995,0.0111362393945
6997,0.019509261474
6999,0.00593788223341
7000,0.00282879197039
7001,0.0178955253214
7002,0.0273496489972
7007,0.0153870359063
7010,0.209515318274
7012,0.0198759436607
7015,0.127106115222
7016,0.0564052350819
7017,0.00379843940027
7018,0.0320855826139
7023,0.00415212288499
7024,0.00847417395562
7025,0.0149823641405
7027,0.015896147117
7029,0.00432968232781
7033,0.00414732843637
7034,0.00380461360328
7035,0.00388992158696
7036,0.00551630370319
7040,0.00912517588586
7041,0.253629058599
7042,0.020226970315
7044,0.00398941058666
7046,0.150348827243
7050,0.00489553250372
7052,0.00443375855684
7054,0.00861131772399
7055,0.0113192917779
7059,0.0118402084336
7063,0.140295803547
7072,0.0268135797232
7073,0.0595834776759
7074,0.0072608422488
7077,0.0378737188876
7078,0.0330400392413
7081,0.00420098099858
7084,0.00992495566607
7086,0.0336175113916
7087,0.00619786651805
7090,0.00297798868269
7091,0.0142260827124
7092,0.00287341582589
7093,0.00435444479808
7095,0.00210050051101
7097,0.0318670943379
7098,0.00738948350772
7099,0.105158343911
7103,0.00284206774086
7105,0.00305044418201
7107,0.010494963266
7109,0.0623252093792
7110,0.0805613473058
7113,0.0318484790623
7114,0.0281969811767
7115,0.0097470479086
7116,0.0329744294286
7118,0.0242380741984
7121,0.00161081750412
7122,0.0217995941639
7125,0.0172542240471
7127,0.0198759436607
7129,0.228646695614
7132,0.00220518023707
7133,0.0039912504144
7135,0.0168396942317
7136,0.0154300779104
7137,0.232947215438
7138,0.0189546849579
7140,0.00985003355891
7141,0.00346109061502
7144,0.00837085302919
7145,0.0595004111528
7147,0.207117885351
7148,0.291933655739
7149,0.152377322316
7153,0.171646714211
7154,0.00351068424061
7155,0.0277112368494
7159,0.0120201809332
7164,0.0149911344051
7167,0.00266556465067
7168,0.00997989531606
7171,0.00258108461276
7172,0.0096841128543
7173,0.0398129671812
7175,0.0196028240025
7179,0.159217968583
7180,0.149067401886
7181,0.00362365110777
7184,0.0127211809158
7186,0.00302438670769
7187,0.153244554996
7188,0.00317318341695
7189,0.0168500170112
7191,0.0269826725125
7192,0.00187051843386
7193,0.010992099531
7194,0.0299829617143
7196,0.00301634706557
7200,0.0365245863795
7202,0.00971564464271
7204,0.0190451033413
7205,0.00645426707342
7207,0.113598704338
7213,0.0113289644942
7214,0.238681599498
7217,0.0107735078782
7220,0.0248707626015
7221,0.0126208662987
7222,0.0042261458002
7223,0.0336529798806
7224,0.0997265279293
7225,0.00171586871147
7227,0.0104094482958
7231,0.104219555855
7233,0.00252338335849
7235,0.00407681195065
7236,0.00593061931431
7238,0.0211534854025
7239,0.00129728380125
7240,0.0223973654211
7241,0.0387994274497
7242,0.180243894458
7245,0.208753362298
7246,0.0791414007545
7247,0.0108952652663
7249,0.00345693016425
7253,0.102626606822
7254,0.00820312276483
7255,0.00545129319653
7256,0.106403850019
7257,0.00389815401286
7259,0.0257513169199
7260,0.0115840658545
7261,0.009695767425
7262,0.00241380976513
7264,0.00306561519392
7266,0.00189519010019
7267,0.00257246661931
7272,0.00491877505556
7274,0.292606145144
7275,0.0215496607125
7276,0.158467903733
7278,0.0133669273928
7280,0.00177889445331
7281,0.00255828397349
7282,0.0288939587772
7283,0.00522937998176
7284,0.0352769456804
7285,0.203772425652
7288,0.0307447202504
7289,0.0157299023122
7290,0.00416865432635
7293,0.157189056277
7296,0.00174185319338
7297,0.0191625375301
7299,0.00334575190209
7300,0.00222034659237
7302,0.00279584922828
7303,0.0107874674723
7310,0.00337851908989
7312,0.0350773222744
7314,0.0320855826139
7315,0.015674136579
7318,0.134505078197
7319,0.0188068635762
7320,0.00194413785357
7321,0.00810216739774
7325,0.00399676477537
7330,0.0935063660145
7331,0.176363065839
7332,0.0345383174717
7334,0.010306417942
7335,0.0196028240025
7336,0.0033300712239
7337,0.0929176285863
7341,0.101982407272
7345,0.00607758294791
7347,0.00831059366465
7350,0.0245023984462
7351,0.00914312992245
7352,0.0122822327539
7354,0.00359092978761
7355,0.00184202787932
7359,0.0118798296899
7361,0.147167384624
7362,0.00699685141444
7365,0.0151362931356
7366,0.0163010787219
7367,0.0265400391072
7368,0.0268912892789
7369,0.0127192949876
7370,0.0147027364001
7372,0.0141994468868
7373,0.0886301472783
7375,0.00743284309283
7376,0.00439556967467
7377,0.0997265279293
7378,0.00264132372104
7379,0.0125167816877
7380,0.0341611579061
7381,0.0276997145265
7382,0.00376835744828
7383,0.00133696803823
7386,0.172150194645
7389,0.103651672602
7390,0.016417356208
7391,0.0395174175501
7392,0.00237797317095
7394,0.00419926969334
7395,0.00288445549086
7397,0.371263504028
7399,0.00545556098223
7400,0.0131690362468
7402,0.0569246411324
7405,0.00217668781988
7410,0.0982178300619
7412,0.0029631217476
7414,0.0298659615219
7419,0.0018066422781
7420,0.0176307819784
7421,0.0019767654594
7422,0.00801713112742
7423,0.00444956682622
7426,0.00223687896505
7427,0.0142508195713
7429,0.00261162640527
7430,0.0927264690399
7431,0.0398455522954
7432,0.0493840426207
7433,0.0581569112837
7436,0.00182621157728
7438,0.0456052944064
7439,0.0982555225492
7440,0.0210947040468
7441,0.0119110252708
7442,0.0143512822688
7443,0.023811109364
7451,0.00974819343537
7452,0.00242584990337
7456,0.0308411028236
7458,0.0239098649472
7459,0.177199974656
7460,0.00349751044996
7461,0.0045618461445
7463,0.0197044778615
7464,0.0130669092759
7465,0.00970014091581
7466,0.0210681650788
7467,0.0133638093248
7472,0.00517161563039
7474,0.00808555725962
7477,0.0526050850749
7481,0.0140471467748
7483,0.00653297593817
7484,0.0761804878712
7487,0.00496609136462
7488,0.0086586996913
7489,0.0190001726151
7495,0.0196028240025
7496,0.00429144036025
7498,0.00732721295208
7499,0.0018915560795
7500,0.00261312490329
7502,0.0168823227286
7504,0.00338533381
7506,0.0299151670188
7508,0.216416046023
7510,0.00526254437864
7512,0.00474185263738
7513,0.0678953081369
7515,0.053191114217
7516,0.00318934349343
7517,0.116230845451
7518,0.0331081748009
7521,0.00314746005461
7527,0.0385871492326
7528,0.201318755746
7529,0.0409752503037
7531,0.00322104338557
7532,0.110691532493
7535,0.0181318707764
7538,0.0188586115837
7544,0.0336593538523
7548,0.00798561051488
7552,0.103313565254
7555,0.0498062707484
7556,0.0166537053883
7557,0.0384038984776
7560,0.0116075929254
7563,0.0023965141736
7564,0.141206011176
7568,0.0334002226591
7573,0.0106151113287
7575,0.176056653261
7577,0.041349414736
7578,0.00298376777209
7580,0.0186360720545
7581,0.0337874181569
7582,0.123031780124
7583,0.0740877762437
7585,0.0196028240025
7588,0.00182097335346
7591,0.00739580625668
7593,0.00318822660483
7595,0.036633387208
7596,0.00520847132429
7599,0.158913463354
7600,0.0336247086525
7601,0.00228262506425
7602,0.00358609622344
7604,0.0390894375741
7605,0.0129131413996
7606,0.00278092361987
7610,0.00858593266457
7611,0.0118594942614
7612,0.041711140424
7613,0.0149604668841
7616,0.0126191964373
7617,0.00260596862063
7619,0.00200804346241
7620,0.00883654039353
7621,0.10250069201
7623,0.00243599899113
7627,0.193075224757
7628,0.00999828521162
7629,0.0330152176321
7630,0.181669875979
7636,0.0112020326778
7637,0.0333444327116
7639,0.0288819316775
7641,0.00400903634727
7644,0.136737957597
7645,0.00303515885025
7646,0.0285788085312
7647,0.00243532820605
7656,0.0223762206733
7657,0.0104532316327
7661,0.0110963918269
7663,0.00931372493505
7665,0.0199719648808
7669,0.0310287605971
7670,0.0177923273295
7672,0.127231433988
7674,0.00235129357316
7676,0.00375689123757
7678,0.00280171935447
7680,0.0289033390582
7681,0.00896608736366
7684,0.0198759436607
7685,0.0388367474079
7686,0.00840248260647
7688,0.0491505600512
7690,0.00462062098086
7692,0.00345576251857
7694,0.00640100659803
7696,0.00155372475274
7698,0.0235402379185
7702,0.00253481604159
7706,0.0143645629287
7708,0.00271986355074
7710,0.0318670943379
7712,0.0220291353762
7714,0.00336641888134
7715,0.0123134572059
7718,0.00830609072
7719,0.0400587543845
7720,0.0200033951551
7725,0.00306738470681
7726,0.00680352561176
7727,0.00152161356527
7729,0.166520565748
7733,0.00307860667817
7735,0.0132137294859
7736,0.010770490393
7737,0.0151860164478
7738,0.00250440882519
7740,0.195751130581
7741,0.00901094917208
7746,0.00781367067248
7747,0.00635124789551
7748,0.00341169256717
7749,0.0169395115227
7751,0.00263123610057
7755,0.0491410568357
7756,0.0830463469028
7757,0.0227149929851
7764,0.00667631113902
7766,0.00290151429363
7770,0.00205710530281
7771,0.00541853904724
7772,0.0325166918337
7773,0.0304110236466
7774,0.0476402975619
7775,0.027030242607
7785,0.00133185519371
7787,0.0271501876414
7788,0.00134046538733
7789,0.0636532232165
7790,0.0548912249506
7793,0.0997265279293
7794,0.0131617952138
7795,0.0276501048356
7796,0.100729621947
7798,0.0130419861525
7799,0.00229287333786
7800,0.0151885999367
7806,0.00391950830817
7808,0.00263173924759
7811,0.00387751776725
7812,0.0185659080744
7813,0.0192199666053
7818,0.00307352398522
7821,0.0181318707764
7823,0.0182366743684
7825,0.0052032652311
7827,0.0168823227286
7828,0.0325740836561
7830,0.0918497741222
7831,0.00818818900734
7833,0.00768409110606
7836,0.00513412570581
7838,0.0174296349287
7840,0.00982092972845
7842,0.0069155129604
7844,0.00713821547106
7845,0.0145622203127
7848,0.0139393424615
7849,0.143180325627
7850,0.0506340563297
7851,0.00896608736366
7852,0.0365245863795
7854,0.08245408535
7855,0.0104285832494
7856,0.020398022607
7859,0.0146520789713
7860,0.107387326658
7866,0.002802177798
7868,0.00326506025158
7869,0.00385778327473
7870,0.0100823696703
7875,0.0143018849194
7879,0.0770722851157
7880,0.00816078670323
7884,0.00322117633186
7885,0.0272290557623
7886,0.0344653204083
7887,0.00258254585788
7890,0.252380430698
7892,0.00255846651271
7893,0.0396326221526
7894,0.0684998184443
7897,0.014566835016
7898,0.0613909587264
7899,0.0380710288882
7903,0.0226979888976
7905,0.0164848193526
7906,0.00568270264193
7907,0.00163042382337
7909,0.154896631837
7911,0.0251052118838
7912,0.00388939492404
7914,0.0281327459961
7915,0.0095673436299
7916,0.0273223891854
7919,0.00455987174064
7923,0.0175376329571
7924,0.00851103384048
7926,0.00747208530083
7931,0.0196526665241
7932,0.0133134359494
7933,0.0467002317309
7934,0.0372911430895
7935,0.0283835809678
7936,0.0132623389363
7937,0.0834376364946
7938,0.0133515233174
7940,0.0327610783279
7942,0.00340929045342
7943,0.0331373102963
7944,0.00262481183745
7950,0.00674643320963
7951,0.0420806445181
7952,0.0511733144522
7955,0.00268491799943
7962,0.0360980853438
7963,0.180243894458
7964,0.00395387830213
7966,0.0261991173029
7969,0.00311311660334
7972,0.0143309878185
7976,0.553152322769
7978,0.180243894458
7979,0.00926019251347
7980,0.0149161769077
7982,0.0411255285144
7984,0.00411635963246
7986,0.142730608582
7987,0.112029142678
7988,0.200908645988
7990,0.0150648364797
7992,0.0023634780664
7993,0.188524633646
7996,0.00454989820719
7997,0.0146912038326
8000,0.0214223563671
8001,0.111158423126
8002,0.00301023339853
8005,0.0257132537663
8006,0.0198098849505
8011,0.00407341355458
8012,0.00977716129273
8013,0.185702711344
8014,0.368871539831
8016,0.00894355308264
8021,0.00185131747276
8023,0.0219765324146
8024,0.029267212376
8025,0.0319778248668
8027,0.14230184257
8030,0.188722461462
8032,0.0671674162149
8034,0.0104981763288
8035,0.00250214780681
8036,0.00266129756346
8037,0.314270526171
8044,0.0383145213127
8046,0.353365927935
8049,0.0264398641884
8052,0.063953615725
8053,0.0127585269511
8054,0.0583198703825
8055,0.231229275465
8056,0.00368988933042
8061,0.0370120219886
8065,0.0120995650068
8068,0.0116085829213
8069,0.0025887794327
8070,0.00546342646703
8071,0.0784417018294
8074,0.0332539156079
8076,0.0161067359149
8077,0.0736295357347
8079,0.00287010869943
8080,0.00442992756143
8081,0.00244189146906
8082,0.00259308493696
8087,0.225965797901
8091,0.0163096450269
8092,0.0051129530184
8095,0.0165107995272
8096,0.009695767425
8098,0.126441717148
8099,0.216078653932
8100,0.0175295826048
8102,0.00340346619487
8104,0.013519843109
8105,0.0420257151127
8106,0.00551716936752
8108,0.271116405725
8109,0.189994752407
8112,0.00999254826456
8113,0.0125122331083
8115,0.170334368944
8116,0.0153918834403
8119,0.0813701972365
8120,0.0144120464101
8121,0.00605717441067
8122,0.135664686561
8126,0.0768530070782
8127,0.00210200622678
8130,0.00258254585788
8131,0.0388367474079
8133,0.0533131659031
8134,0.0359796360135
8135,0.183240860701
8138,0.00121841777582
8142,0.00312240468338
8143,0.00818854942918
8144,0.0159947611392
8147,0.00346422824077
8150,0.0326454825699
8152,0.00305597973056
8153,0.0148577149957
8155,0.00269757281058
8158,0.0137168476358
8160,0.00378666794859
8162,0.00295551167801
8164,0.00440677907318
8167,0.00401731394231
8168,0.00257493695244
8175,0.0178278945386
8179,0.00751109328121
8181,0.00858519319445
8182,0.0203249640763
8185,0.0129135837778
8186,0.0184829812497
8187,0.00948811508715
8191,0.0100931879133
8192,0.00738668581471
8193,0.0478441938758
8194,0.0815231129527
8195,0.0610490627587
8199,0.0303109623492
8201,0.0248934719712
8202,0.0153692169115
8204,0.0284139830619
8208,0.0142981810495
8209,0.0171796232462
8211,0.00302608101629
8212,0.00212772027589
8213,0.0117656495422
8218,0.0065088593401
8219,0.0997265279293
8220,0.0106305619702
8221,0.0260138325393
8222,0.00642737140879
8223,0.00316617474891
8224,0.00232774345204
8226,0.273009300232
8229,0.0336569100618
8231,0.0194947365671
8233,0.0129735795781
8235,0.00210865400732
8236,0.0536733306944
8242,0.00310265133157
8245,0.14497345686
8248,0.0150749571621
8249,0.0196028240025
8250,0.10417856276
8251,0.00923089310527
8252,0.114076159894
8253,0.00863952096552
8254,0.00118011783343
8255,0.00191264564637
8257,0.0246113352478
8258,0.0024069417268
8260,0.0542193166912
8262,0.0127382483333
8264,0.0252848677337
8265,0.0276697836816
8267,0.0196028240025
8268,0.00843894481659
8271,0.00147123157512
8273,0.052178952843
8274,0.0206963326782
8276,0.00198926287703
8277,0.0201185066253
8282,0.0020181753207
8283,0.00150285498239
8284,0.00955542735755
8285,0.0196028240025
8286,0.0284538082778
8288,0.0130728706717
8289,0.0290092602372
8290,0.00259476527572
8291,0.0127315390855
8292,0.010992099531
8294,0.182723596692
8295,0.00967322196811
8296,0.0150807844475
8297,0.0337844081223
8299,0.00208725198172
8300,0.00259354501031
8302,0.0225882530212
8303,0.0166512150317
8304,0.00584454135969
8305,0.00704969838262
8306,0.049675732851
8310,0.00615514721721
8313,0.0015299989609
8314,0.0169741827995
8315,0.00358852674253
8316,0.0231908801943
8318,0.0351210832596
8319,0.00932067539543
8322,0.0304810348898
8323,0.0198759436607
8324,0.078042306006
8325,0.0273769591004
8330,0.00593562563881
8334,0.052106577903
8337,0.00162147346418
8340,0.0128176175058
8341,0.00229559000582
8343,0.00237864512019
8344,0.0377710238099
8346,0.0637654364109
8347,0.0044912151061
8349,0.0837152004242
8350,0.00393901625648
8351,0.00456804130226
8353,0.00396534428
8354,0.0370120219886
8360,0.0485718511045
8361,0.154348865151
8364,0.0784417018294
8369,0.0220985990018
8370,0.0339035540819
8371,0.0196028240025
8372,0.00792626477778
8375,0.00499477609992
8377,0.134070426226
8378,0.00948811508715
8379,0.181907817721
8380,0.00706401932985
8382,0.0447074398398
8383,0.0139176575467
8384,0.0109617011622
8386,0.00829883199185
8387,0.047200974077
8391,0.20439851284
8392,0.0452992320061
8393,0.00457094516605
8394,0.00270648160949
8395,0.00792704802006
8399,0.104779116809
8400,0.043128348887
8402,0.0138962157071
8407,0.0262974109501
8410,0.0366328060627
8412,0.0100278090686
8416,0.00127895234618
8419,0.0916720181704
8421,0.18926371634
8423,0.00381821580231
8425,0.0819213986397
8426,0.0156738422811
8427,0.00254128640518
8429,0.0165611281991
8431,0.00253783073276
8435,0.236275628209
8437,0.104750648141
8440,0.00261162640527
8442,0.00246287230402
8445,0.027324302122
8453,0.0214464701712
8455,0.0233770236373
8456,0.00815964024514
8457,0.0145027339458
8458,0.138374209404
8459,0.00443427683786
8460,0.0316680558026
8462,0.0101433116943
8463,0.00714047625661
8464,0.00260056555271
8468,0.00255190278403
8469,0.139084175229
8470,0.00202005007304
8471,0.00919680856168
8472,0.0151419024915
8473,0.0155181530863
8475,0.0415124669671
8477,0.0281927995384
8479,0.0109355999157
8480,0.00267387810163
8481,0.0323484875262
8485,0.125735923648
8488,0.00971564464271
8490,0.0330366417766
8491,0.00405369466171
8492,0.00902443192899
8493,0.0120820282027
8498,0.0374889820814
8499,0.0216089598835
8501,0.00822359696031
8507,0.00249222875573
8508,0.00636776862666
8510,0.00753666600212
8516,0.0265529416502
8517,0.0116308722645
8519,0.0189260523766
8522,0.02504719235
8523,0.00315428664908
8524,0.00589496828616
8525,0.0308316666633
8530,0.00920166354626
8531,0.0951496362686
8535,0.236987560987
8537,0.0318670943379
8538,0.0217036195099
8540,0.015051972121
8541,0.00581092247739
8543,0.0106449760497
8545,0.0214544180781
8547,0.0219243969768
8549,0.0209640879184
8550,0.0450681112707
8552,0.00364909926429
8554,0.22829914093
8555,0.00286260643043
8560,0.0158415399492
8561,0.0566847585142
8562,0.00405973847955
8563,0.168426498771
8564,0.00149000110105
8565,0.00641589006409
8567,0.00271780532785
8571,0.00210865400732
8574,0.00487078167498
8575,0.00199705874547
8576,0.0193681996316
8577,0.0696335285902
8578,0.00200804346241
8581,0.0198628827929
8582,0.0262512303889
8583,0.366774052382
8585,0.00765121588483
8587,0.00549404788762
8588,0.0481011271477
8590,0.0430940836668
8591,0.0565427318215
8592,0.00739506445825
8593,0.11754526943
8594,0.015079674311
8597,0.0122182797641
8599,0.00229287333786
8601,0.123096570373
8602,0.00261162640527
8604,0.0220515877008
8605,0.00147421599831
8606,0.00309595069848
8609,0.162936508656
8610,0.0129747642204
8611,0.00873574148864
8612,0.184325769544
8613,0.0607962682843
8614,0.0360440984368
8618,0.00266151386313
8619,0.109392248094
8620,0.00972479209304
8623,0.0318670943379
8624,0.00455470802262
8625,0.00409319624305
8627,0.032158151269
8629,0.0253770481795
8630,0.219848498702
8632,0.0317126214504
8636,0.0435934104025
8638,0.158443048596
8639,0.00901591591537
8640,0.0171489436179
8645,0.0227066334337
8648,0.163488313556
8654,0.0130419861525
8655,0.0502294786274
8656,0.0194728877395
8658,0.163735419512
8659,0.0281652100384
8660,0.0102167380974
8663,0.0284200049937
8665,0.0285533294082
8666,0.00228685769252
8670,0.0445673540235
8671,0.00623233104125
8672,0.0494871586561
8673,0.0311207249761
8675,0.0145694557577
8677,0.075047776103
8680,0.00741854542866
8681,0.351223289967
8687,0.0234287753701
8690,0.00744797103107
8692,0.0147276381031
8696,0.0774532854557
8700,0.00253096572123
8701,0.0584998838603
8702,0.00737582799047
8705,0.0243669077754
8706,0.0263247657567
8709,0.00275811296888
8711,0.0238313004375
8712,0.0203919783235
8713,0.00434507336468
8715,0.185778334737
8718,0.0346618518233
8719,0.0120192645118
8721,0.0676848888397
8722,0.178490966558
8723,0.00170821452048
8725,0.0112410625443
8726,0.116162359715
8727,0.180871874094
8728,0.0917000547051
8729,0.0122746741399
8733,0.0624964609742
8735,0.0766592919827
8737,0.0246730018407
8742,0.0250670034438
8743,0.045322407037
8744,0.0108755193651
8746,0.0306433793157
8747,0.0720212310553
8748,0.00320129655302
8752,0.0590988025069
8754,0.00252585834824
8757,0.0143468920141
8762,0.0624862201512
8763,0.0377616994083
8766,0.00614078622311
8769,0.0135151958093
8770,0.107167780399
8771,0.0758524984121
8772,0.0592625401914
8777,0.106927514076
8780,0.0119439903647
8782,0.0483696088195
8785,0.00364642543718
8786,0.00356359267607
8789,0.0313017852604
8791,0.0124012744054
8792,0.0223566498607
8793,0.0305949524045
8794,0.0196028240025
8795,0.214788943529
8797,0.0168280228972
8801,0.0683162435889
8802,0.0814284384251
8803,0.0247926712036
8806,0.00693586887792
8807,0.00251457490958
8816,0.0322511345148
8817,0.0765623599291
8818,0.0127639453858
8819,0.00559444865212
8827,0.199474066496
8831,0.0162865258753
8832,0.00594074558467
8833,0.0143946772441
8834,0.00942521076649
8836,0.0254504494369
8838,0.00553233595565
8840,0.0526491366327
8842,0.00948811508715
8843,0.0487432666123
8844,0.0208438094705
8845,0.0146957403049
8846,0.00945157185197
8848,0.0215722192079
8849,0.00193988461979
8850,0.00201726797968
8851,0.199152246118
8852,0.0028412961401
8855,0.00565050449222
8858,0.00296032126062
8864,0.00952072720975
8865,0.16739910841
8866,0.211272507906
8868,0.0036871873308
8870,0.163735419512
8871,0.0153730902821
8873,0.00168725894764
8875,0.0311413537711
8878,0.116180635989
8880,0.0280018411577
8881,0.015420329757
8882,0.00248049199581
8883,0.0246558170766
8885,0.024459188804
8886,0.00511486455798
8888,0.0164725165814
8890,0.00343701429665
8891,0.0861025154591
8893,0.00411501294002
8895,0.0291895922273
8898,0.0146197769791
8900,0.00585659220815
8901,0.00646546855569
8902,0.0113180382177
8904,0.129622519016
8906,0.00378393288702
8908,0.112121358514
8910,0.0112192053348
8911,0.00716181192547
8912,0.00889877136797
8913,0.0142199061811
8918,0.0656432434916
8920,0.181669875979
8924,0.15507119894
8925,0.00161686469801
8926,0.0286788847297
8930,0.00231710635126
8931,0.00640422152355
8935,0.181907817721
8936,0.0297630280256
8937,0.0177907943726
8938,0.00871302746236
8939,0.0129097318277
8941,0.00200429442339
8942,0.00232415297069
8947,0.0157289505005
8948,0.0106015130877
8950,0.0129691101611
8952,0.0409409254789
8953,0.0210681650788
8956,0.0868624597788
8958,0.112330824137
8963,0.16718237102
8964,0.00485108280554
8965,0.014230068773
8968,0.0190448854119
8974,0.173301532865
8975,0.00971564464271
8980,0.00172012124676
8982,0.00161013344768
8985,0.00948811508715
8987,0.0154820466414
8988,0.00440072081983
8989,0.112121358514
8990,0.0310940369964
8991,0.0467526093125
8992,0.0012475050753
8994,0.0280775856227
8996,0.0327061153948
9008,0.00283986981958
9009,0.0216021724045
9011,0.00271828356199
9014,0.0115410778672
9015,0.0340371727943
9020,0.0151181844994
9022,0.015674136579
9023,0.0327042229474
9026,0.227463930845
9028,0.0581569112837
9029,0.00729396101087
9030,0.00140418752562
9032,0.00557329319417
9033,0.00362179405056
9034,0.0470961146057
9036,0.0160407479852
9037,0.0141439810395
9038,0.00932539161295
9044,0.0111259417608
9046,0.0163686871529
9047,0.00258954172023
9048,0.0318670943379
9049,0.011527556926
9050,0.0816603600979
9053,0.00783918239176
9057,0.0346922203898
9059,0.0100493086502
9062,0.00552053796127
9063,0.0120730446652
9067,0.00133367790841
9068,0.199514046311
9069,0.00140001752879
9076,0.00609994679689
9078,0.0174182783812
9081,0.0020677279681
9082,0.0132949259132
9088,0.00115055043716
9091,0.0623697526753
9092,0.00948811508715
9093,0.0112527599558
9098,0.00443351455033
9099,0.0106770470738
9101,0.157189056277
9102,0.00326038338244
9104,0.153244554996
9105,0.203469187021
9107,0.144986957312
9109,0.0255009569228
9110,0.0196028240025
9112,0.0105874687433
9115,0.0605462342501
9122,0.106307268143
9123,0.00127641449217
9125,0.0195214878768
9127,0.00227642827667
9129,0.0104676783085
9130,0.00207217223942
9138,0.0482151694596
9139,0.00780147733167
9140,0.158768460155
9141,0.073782838881
9142,0.0103615196422
9149,0.00510110566393
9152,0.00973656866699
9153,0.00305036595091
9156,0.00253096572123
9163,0.0150576485321
9169,0.0197629667819
9170,0.00559758488089
9171,0.00931372493505
9176,0.0383209958673
9177,0.00689522223547
9179,0.103353902698
9180,0.00131437275559
9181,0.00575244380161
9183,0.0574811324477
9184,0.115492291749
9187,0.0087046707049
9188,0.00498923379928
9190,0.002296223538
9191,0.0210480671376
9193,0.208848521113
9195,0.00430888636038
9197,0.00139950634912
9199,0.00255591701716
9200,0.041020527482
9201,0.00710398843512
9204,0.138374209404
9205,0.00545868696645
9207,0.063953615725
9208,0.00561149930581
9210,0.0256358496845
9211,0.00176241237205
9214,0.0157892201096
9216,0.00293342140503
9218,0.00170143332798
9219,0.00146420346573
9221,0.269129514694
9223,0.00948811508715
9227,0.00136060011573
9229,0.00579599710181
9230,0.0150617025793
9231,0.0409752503037
9233,0.0102667557076
9234,0.0085010798648
9235,0.00482805352658
9236,0.00454326625913
9239,0.00272741727531
9240,0.298518955708
9248,0.0224789045751
9250,0.0121156200767
9251,0.203772425652
9252,0.00280171935447
9253,0.0199659038335
9256,0.0126522555947
9257,0.0349363237619
9260,0.00171651178971
9261,0.0395617932081
9262,0.00515972822905
9265,0.0183015894145
9266,0.00321950973012
9267,0.00626002019271
9272,0.00657841889188
9273,0.0680407658219
9277,0.0168383531272
9278,0.180243894458
9282,0.00380858988501
9285,0.0157534275204
9286,0.0290553830564
9288,0.00346963689663
9289,0.129806265235
9291,0.0148803461343
9292,0.00180828629527
9293,0.00618281494826
9297,0.0319536030293
9300,0.0152694862336
9301,0.00285219796933
9302,0.00345833669417
9303,0.00479875039309
9306,0.00252843648195
9307,0.0388306565583
9311,0.0134305544198
9312,0.0627654194832
9313,0.00529079884291
9314,0.00792929064482
9315,0.0145423766226
9316,0.0332062728703
9318,0.276744931936
9320,0.047201782465
9321,0.00721659371629
9323,0.218553349376
9325,0.00518910447136
9331,0.00563344825059
9334,0.0325986891985
9335,0.10525368154
9337,0.00320877623744
9341,0.00932793412358
9342,0.00790056120604
9343,0.193703815341
9345,0.00127961148974
9347,0.0111217452213
9348,0.159745484591
9353,0.129788532853
9356,0.00310644833371
9363,0.0111362393945
9364,0.028006548062
9369,0.197273865342
9370,0.00254814652726
9371,0.0194332730025
9372,0.171781241894
9374,0.0019446441438
9377,0.00376709527336
9378,0.0196028240025
9380,0.177686169744
9382,0.023708101362
9383,0.113961569965
9385,0.0305288955569
9390,0.0121134687215
9393,0.00106290308759
9396,0.0742613375187
9397,0.0217408519238
9399,0.00137747474946
9400,0.0199408251792
9401,0.00178231671453
9404,0.0121691329405
9405,0.00942683685571
9408,0.0145423766226
9410,0.0364974141121
9411,0.00351087749004
9413,0.00147197709884
9415,0.119577437639
9416,0.0236296840012
9417,0.030406748876
9418,0.0408064462245
9419,0.0317878574133
9423,0.00389904831536
9427,0.0996076390147
9429,0.017451165244
9430,0.0207537710667
9431,0.0307790059596
9432,0.0612090192735
9433,0.0196028240025
9437,0.225965797901
9440,0.00378552405164
9442,0.0054433317855
9443,0.0131702702492
9445,0.0467870570719
9446,0.184171840549
9448,0.0595628842711
9450,0.0773428604007
9451,0.00796850584447
9452,0.0515543669462
9453,0.00221277563833
9455,0.101938396692
9456,0.0091536110267
9459,0.133982017636
9461,0.00863371510059
9465,0.00545284477994
9467,0.0104656685144
9470,0.0365351364017
9471,0.213947206736
9473,0.108803920448
9476,0.0456064864993
9477,0.0169486366212
9478,0.00948811508715
9479,0.0186430756003
9483,0.0083547513932
9485,0.0657828897238
9487,0.00434110639617
9488,0.0631805509329
9490,0.0394119285047
9491,0.0107999769971
9492,0.0922413319349
9495,0.0196028240025
9498,0.174630403519
9499,0.0135268922895
9504,0.0196028240025
9505,0.0200001280755
9506,0.00278069474734
9508,0.00275811296888
9515,0.00139402854256
9516,0.0141994468868
9517,0.034837204963
9518,0.217243850231
9519,0.0196028240025
9520,0.0478832945228
9522,0.0201185066253
9523,0.0385871492326
9524,0.00248049199581
9527,0.0024835888762
9530,0.00256327376701
9534,0.00692884391174
9536,0.226056113839
9541,0.00582247646526
9544,0.0268372986466
9545,0.00710966484621
9547,0.0170059837401
9552,0.183093830943
9553,0.00327730830759
9555,0.00837659463286
9556,0.00844201352447
9560,0.0187656357884
9563,0.00614436110482
9567,0.129493013024
9568,0.0104727372527
9570,0.00481278914958
9572,0.0208067968488
9573,0.00514400890097
9574,0.0311066452414
9576,0.0540436916053
9579,0.196630895138
9585,0.0426662899554
9588,0.00132267281879
9589,0.0141623308882
9590,0.0148980617523
9593,0.0304949376732
9595,0.0170351341367
9596,0.00974278710783
9597,0.0153415454552
9599,0.0409752503037
9600,0.0114639271051
9601,0.0552495419979
9602,0.00635653734207
9603,0.0493256263435
9604,0.0155796315521
9605,0.00981825962663
9608,0.0855601727962
9611,0.0152654061094
9612,0.00948811508715
9614,0.0017284292262
9616,0.00138235767372
9617,0.0168775990605
9618,0.00823080632836
9621,0.00259571429342
9622,0.01324730739
9624,0.0468050837517
9631,0.00598333822563
9632,0.00157998816576
9633,0.159538075328
9634,0.246676489711
9635,0.0608297809958
9636,0.00255968235433
9637,0.0101930163801
9638,0.0272520948201
9640,0.0100077670068
9643,0.0107723651454
9644,0.00886718835682
9645,0.00273049273528
9646,0.00157769711222
9647,0.0187639370561
9648,0.00668431632221
9649,0.00948811508715
9652,0.0166537053883
9654,0.00733471894637
9657,0.0460185147822
9658,0.0466755479574
9659,0.136356383562
9660,0.0224772188812
9662,0.00931372493505
9663,0.0196028240025
9667,0.0349109508097
9668,0.0142579814419
9670,0.00827405508608
9671,0.0232502110302
9673,0.0199485570192
9674,0.0030056303367
9676,0.00182179256808
9680,0.0146897407249
9682,0.0015101035824
9685,0.0436856038868
9690,0.010770490393
9691,0.00973656866699
9693,0.00757825933397
9694,0.00602597463876
9696,0.00167689449154
9698,0.0264217704535
9699,0.0583649799228
9701,0.0315574817359
9705,0.0849473774433
9707,0.0196028240025
9709,0.0178148075938
9714,0.0288844108582
9715,0.00691292900592
9716,0.0606492049992
9718,0.193469718099
9721,0.00625871494412
9722,0.0129406601191
9726,0.00906576123089
9728,0.177686169744
9731,0.00642753904685
9732,0.0397058203816
9734,0.0609657913446
9736,0.0290155299008
9737,0.0178299155086
9738,0.0725493133068
9740,0.0385699756444
9742,0.0354448370636
9746,0.0353208519518
9747,0.148246005177
9750,0.0267786365002
9752,0.00157874368597
9758,0.00508871302009
9759,0.0469318181276
9760,0.00231426930986
9762,0.206774368882
9765,0.0319453179836
9769,0.00958932377398
9770,0.0458604320884
9771,0.0411357991397
9772,0.0220980066806
9773,0.00638940138742
9777,0.0249825511128
9782,0.00447852862999
9784,0.004760352429
9786,0.0116966627538
9788,0.0327102728188
9789,0.0117112630978
9790,0.0161845404655
9791,0.00121373764705
9794,0.00235864380375
9800,0.00300322356634
9801,0.0367990732193
9802,0.00261162640527
9804,0.00740418443456
9806,0.00225931080058
9809,0.00973656866699
9810,0.0166104845703
9814,0.00400323141366
9815,0.0813167840242
9819,0.0980675145984
9821,0.009510749951
9823,0.0181814134121
9824,0.0115013653412
9825,0.00201375945471
9826,0.00268453219905
9827,0.00145229569171
9830,0.0211597010493
9831,0.0129231978208
9838,0.104974940419
9839,0.00971564464271
9840,0.0285389702767
9843,0.006641773507
9844,0.00979815144092
9848,0.0288844108582
9849,0.00578230479732
9850,0.0460631735623
9851,0.183093830943
9853,0.00915533304214
9854,0.00291991303675
9855,0.0196028240025
9856,0.0402799658477
9857,0.0105113312602
9858,0.0533006973565
9859,0.0121094286442
9863,0.0147688705474
9864,0.0851125046611
9866,0.21854826808
9867,0.0169719550759
9871,0.0044388785027
9873,0.00356051884592
9874,0.0840361341834
9875,0.0345368236303
9876,0.00296165561303
9881,0.0124012744054
9882,0.0028412961401
9884,0.013675076887
9886,0.0250275507569
9890,0.0506338253617
9892,0.00671072211117
9896,0.015768352896
9897,0.00364759471267
9899,0.0153566943482
9900,0.0115058925003
9902,0.0211439337581
9903,0.00731404591352
9904,0.0185594931245
9906,0.00350398477167
9907,0.0152236092836
9910,0.0159152690321
9912,0.0153719941154
9915,0.0111923171207
9917,0.00983929075301
9918,0.0543857179582
9919,0.0171769093722
9922,0.0204768348485
9927,0.0349819809198
9929,0.00240568025038
9932,0.0299653764814
9936,0.00831376947463
9939,0.163248181343
9941,0.0377123057842
9943,0.0153853092343
9947,0.180243894458
9949,0.0325312167406
9954,0.0497372411191
9955,0.00853965058923
9957,0.010088714771
9959,0.0108490623534
9961,0.0498276054859
9965,0.00716855190694
9967,0.00858792569488
9968,0.0574781261384
9971,0.0147386724129
9974,0.0253567192703
9975,0.0210877303034
9976,0.00840770080686
9980,0.00263951299712
9982,0.00446780957282
9983,0.0233986433595
9984,0.00332611845806
9987,0.00203854730353
9989,0.0468765310943
9992,0.0208643581718
9993,0.0125840241089
9995,0.0196526665241
9996,0.0206073913723
9999,0.0127309346572
10001,0.00934519711882
10004,0.0026458685752
10007,0.00508871302009
10010,0.0127570796758
10014,0.0827570483088
10018,0.0356279909611
10019,0.245827972889
10020,0.0153361158445
10022,0.0361487865448
10025,0.0267502311617
10026,0.00136682915036
10029,0.0199562385678
10030,0.209515318274
10034,0.00210865400732
10037,0.0301330983639
10038,0.0100992741063
10040,0.234441190958
10041,0.0168068222702
10042,0.00615298654884
10043,0.0120469667017
10046,0.00943028368056
10047,0.0182880721986
10050,0.00248390319757
10053,0.0101307937875
10056,0.00917794834822
10057,0.011032871902
10058,0.00279993750155
10059,0.0144243314862
10061,0.0141994468868
10064,0.154731437564
10068,0.0141994468868
10072,0.0130477929488
10073,0.00740083493292
10074,0.0160800218582
10075,0.0615165270865
10076,0.00304584065452
10078,0.0903938412666
10080,0.00930370856076
10081,0.00227615656331
10082,0.0785317867994
10085,0.0284305717796
10086,0.00902606546879
10087,0.00904135964811
10088,0.0338009819388
10089,0.0610015280545
10091,0.0234632473439
10095,0.063953615725
10096,0.00284399534576
10098,0.0332169681787
10102,0.01220691856
10103,0.0126781212166
10105,0.0024212282151
10106,0.0108150206506
10111,0.00258209020831
10112,0.016086820513
10113,0.0249168295413
10116,0.0069759208709
10118,0.0303003191948
10119,0.0757065042853
10121,0.0288842208683
10124,0.0561961978674
10126,0.0036607766524
10127,0.0122328139842
10129,0.0302386637777
10131,0.0687854066491
10132,0.0196028240025
10133,0.00119566067588
10134,0.0048039611429
10136,0.00571797182783
10137,0.00353824603371
10138,0.00984855461866
10139,0.013803021051
10141,0.00452292151749
10143,0.00304294028319
10145,0.00296001019888
10147,0.00159629830159
10151,0.135626778007
10152,0.0189208146185
10153,0.0393664799631
10155,0.0157534275204
10158,0.0423339642584
10160,0.0370933711529
10161,0.0196028240025
10162,0.0123516162857
10163,0.0180231444538
10165,0.158809065819
10166,0.0202668868005
10168,0.04144821316
10169,0.00487619498745
10172,0.173844337463
10173,0.0268794614822
10174,0.0012020659633
10175,0.062634550035
10176,0.00270143058151
10177,0.00211861892603
10178,0.0997265279293
10183,0.00563735235482
10185,0.109643496573
10186,0.00149733899161
10187,0.00739831011742
10190,0.00239788950421
10192,0.00897669419646
10193,0.062905959785
10194,0.104779116809
10195,0.0141994468868
10196,0.00528959697112
10200,0.0144243314862
10201,0.191512703896
10205,0.00338056543842
10206,0.00412014964968
10209,0.0233015418053
10210,0.261413216591
10214,0.00741288391873
10216,0.0300316791981
10217,0.00278479163535
10218,0.181907817721
10220,0.0109337223694
10221,0.00276336539537
10222,0.0253569670022
10225,0.0313454680145
10227,0.181468963623
10229,0.0192856881768
10234,0.0209930185229
10235,0.0035205532331
10236,0.0106492899358
10237,0.0179674793035
10239,0.0137570630759
10240,0.0111814253032
10243,0.0271245762706
10245,0.0398129671812
10247,0.199492126703
10248,0.0106985159218
10249,0.00323596620001
10250,0.0690088793635
10253,0.0076324371621
10256,0.00210865517147
10259,0.0284949205816
10261,0.023055812344
10265,0.00207132147625
10266,0.010743226856
10267,0.0141994468868
10269,0.0128783304244
10270,0.288189440966
10271,0.00502167642117
10272,0.0121481427923
10274,0.0118984337896
10275,0.109392248094
10279,0.00506290607154
10281,0.0332193113863
10282,0.0017322228523
10283,0.16616769135
10284,0.0309929735959
10289,0.177686169744
10295,0.0140984868631
10297,0.0360141657293
10301,0.00430447375402
10302,0.00645304098725
10303,0.00184255489148
10307,0.0161246694624
10309,0.0249175410718
10311,0.00262156059034
10312,0.0145423766226
10313,0.0325093306601
10314,0.00196548341773
10316,0.096555441618
10317,0.00537841394544
10318,0.00138780812267
10320,0.00600327737629
10324,0.0211812667549
10325,0.0390664488077
10327,0.0184787809849
10328,0.00912354700267
10330,0.0970632731915
10333,0.0313601009548
10338,0.00282067945227
10339,0.00360970175825
10344,0.0154300779104
10345,0.0915995240211
10346,0.0127724381164
10347,0.0124012744054
10348,0.00797824840993
10350,0.155847325921
10352,0.0019538984634
10353,0.00498618092388
10354,0.0141797233373
10355,0.00240534497425
10356,0.00994839239866
10357,0.0146150104702
10358,0.0255321282893
10359,0.00433588633314
10362,0.0118583654985
10364,0.00184605224058
10365,0.00136827281676
10368,0.00649662641808
10369,0.00758430128917
10370,0.0746031180024
10371,0.0426101945341
10373,0.0090421801433
10376,0.027882732451
10377,0.149352759123
10380,0.0174181312323
10382,0.0165143776685
10383,0.0234150420874
10386,0.0183934327215
10387,0.00288474629633
10388,0.0480583421886
10391,0.00867713429034
10392,0.0109121222049
10393,0.0102471029386
10396,0.00948811508715
10400,0.00136643799488
10402,0.00848134886473
10406,0.00365324178711
10407,0.00943057704717
10409,0.0105927791446
10410,0.0172236058861
10412,0.0509712025523
10413,0.00229407893494
10415,0.00255657010712
10419,0.103243745863
10420,0.0317364968359
10422,0.0357107035816
10423,0.00738946627825
10424,0.0125231901184
10425,0.0148458275944
10426,0.0196028240025
10427,0.0257952194661
10428,0.00130821065977
10429,0.00948811508715
10431,0.013205816038
10432,0.0141994468868
10435,0.0572138763964
10436,0.0231669005007
10441,0.0206627324224
10446,0.00425814185292
10447,0.181669875979
10448,0.00337058096193
10449,0.00783680099994
10450,0.00355438655242
10452,0.0155396414921
10456,0.00243556010537
10457,0.0486933588982
10458,0.012172578834
10461,0.00298128649592
10462,0.0807926058769
10464,0.056084163487
10466,0.025392761454
10467,0.00520058814436
10469,0.0160926934332
10470,0.0306377932429
10473,0.0543554909527
10474,0.30926579237
10478,0.0244684740901
10480,0.156577542424
10486,0.0686769559979
10488,0.146135479212
10489,0.00285577354953
10492,0.0235106963664
10493,0.037099249661
10496,0.0225070230663
10497,0.066008143127
10498,0.0495470725
10499,0.0154554322362
10502,0.0122682768852
10504,0.00151104934048
10507,0.163060873747
10508,0.00305326003581
10510,0.0262512303889
10511,0.0149474442005
10512,0.00696110539138
10513,0.040993694216
10514,0.00946197006851
10522,0.0367069542408
10526,0.00374894007109
10527,0.057274453342
10528,0.0532555840909
10531,0.0330314934254
10533,0.171085089445
10534,0.00431193364784
10537,0.00844579096884
10538,0.0175311602652
10539,0.0175545420498
10540,0.120127223432
10542,0.0262547507882
10545,0.0210062526166
10548,0.0196526665241
10549,0.0019358091522
10550,0.00253265514039
10551,0.0044565256685
10556,0.00338212726638
10558,0.00921853352338
10559,0.0152930347249
10561,0.0453158468008
10562,0.00317868613638
10567,0.127869814634
10568,0.0141699677333
10570,0.226085051894
10571,0.0177629701793
10572,0.136971697211
10573,0.00320506771095
10575,0.00913639273494
10576,0.00551934959367
10577,0.159745484591
10578,0.0285308193415
10581,0.00916425231844
10585,0.0178660247475
10589,0.00185131747276
10590,0.00893471948802
10592,0.00753248669207
10593,0.00722563220188
10596,0.0112089691684
10599,0.0345368236303
10601,0.118197962642
10604,0.0157547798008
10605,0.0024075221736
10608,0.0124412961304
10609,0.0361450016499
10610,0.0320511348546
10611,0.0400421880186
10614,0.00233737984672
10615,0.00504073919728
10617,0.0220985990018
10618,0.00210427795537
10619,0.00547812599689
10625,0.0255574285984
10628,0.0224802400917
10629,0.00758030032739
10631,0.0176313109696
10633,0.0367966666818
10640,0.00854870676994
10645,0.0505099520087
10646,0.162858620286
10647,0.00189560698345
10648,0.13211171329
10649,0.0470204651356
10651,0.0135895935819
10652,0.00154412188567
10654,0.00207132147625
10655,0.00873475894332
10656,0.0226823296398
10657,0.0404413826764
10658,0.124271787703
10659,0.0167828071862
10661,0.00321683287621
10662,0.0734998509288
10666,0.0040641753003
10670,0.0780669748783
10672,0.00166662118863
10674,0.0789598301053
10675,0.00268223532476
10678,0.00152384291869
10680,0.00901308376342
10681,0.0298749171197
10682,0.0402608849108
10685,0.0189274027944
10686,0.00235332129523
10692,0.0145477969199
10694,0.0196028240025
10696,0.0376369096339
10697,0.0588056445122
10698,0.00163756858092
10699,0.00378028047271
10700,0.0348289720714
10702,0.0107117518783
10705,0.00250003370456
10706,0.0500239804387
10708,0.0825191363692
10709,0.00185585999861
10711,0.00280171935447
10713,0.00739580625668
10714,0.138895153999
10716,0.00949484761804
10717,0.00869142822921
10720,0.0222314372659
10722,0.0385699756444
10723,0.0233531780541
10724,0.199514046311
10725,0.00428549712524
10726,0.0287388172001
10728,0.0251811537892
10729,0.0100496737286
10732,0.0899782702327
10734,0.0359934717417
10739,0.0217424053699
10741,0.0319536030293
10743,0.0145423766226
10745,0.103495106101
10747,0.237387374043
10748,0.0254094842821
10751,0.0245145279914
10752,0.0213075038046
10753,0.00328904250637
10754,0.0124527197331
10755,0.184171840549
10756,0.0308218114078
10757,0.00835851300508
10758,0.0196028240025
10759,0.00289710168727
10760,0.0189278889447
10762,0.00967714190483
10763,0.0607218854129
10764,0.00175691442564
10766,0.0341357812285
10767,0.185064360499
10769,0.0303493682295
10771,0.0112931150943
10774,0.0158320795745
10775,0.00945010781288
10777,0.105306059122
10779,0.0327740609646
10782,0.00647726561874
10785,0.00745459785685
10786,0.0102767515928
10787,0.0268203243613
10788,0.00329820602201
10789,0.0136219626293
10790,0.00883565098047
10791,0.0106475213543
10792,0.0371158532798
10793,0.00250068190508
10794,0.00582961319014
10795,0.0306360274553
10797,0.0304936636239
10798,0.0389828495681
10802,0.011020604521
10805,0.0330627299845
10807,0.0220985990018
10808,0.0195461176336
10809,0.0067815342918
10813,0.0166733637452
10814,0.0115953451023
10817,0.00755875743926
10818,0.00820312276483
10823,0.00648810667917
10825,0.0113690113649
10826,0.0466129109263
10828,0.00508871302009
10829,0.0311971455812
10830,0.00483358744532
10831,0.166506260633
10834,0.00757825933397
10835,0.0162015724927
10837,0.0370120219886
10840,0.002868125448
10845,0.00975487008691
10846,0.0470878146589
10848,0.312076061964
10849,0.0163104403764
10851,0.0285383556038
10854,0.00354744517244
10855,0.267359524965
10856,0.0307153761387
10858,0.0181519985199
10862,0.0115816416219
10864,0.00147785781883
10867,0.00666443165392
10868,0.0100350491703
10870,0.00300898426212
10872,0.0197476167232
10874,0.0255581587553
10875,0.128305569291
10876,0.0899016857147
10879,0.013919332996
10880,0.009695767425
10882,0.0255444459617
10883,0.0621176660061
10890,0.0315085612237
10893,0.00255190278403
10894,0.0137714985758
10895,0.00967071857303
10897,0.010941542685
10899,0.0554655790329
10902,0.105443052948
10906,0.00402897270396
10908,0.0168400965631
10912,0.0185478311032
10916,0.0116092944518
10919,0.00843981094658
10921,0.00419088732451
10923,0.0098822535947
10924,0.00725606968626
10928,0.015017984435
10929,0.116929717362
10930,0.0283773560077
10931,0.0370470248163
10932,0.168633535504
10933,0.0929174050689
10935,0.0154486130923
10939,0.0675766095519
10940,0.0196526665241
10941,0.0468355715275
10942,0.0179769061506
10943,0.0175545420498
10945,0.0020800428465
10948,0.0289314705878
10950,0.0156434290111
10952,0.00130963558331
10954,0.00384262949228
10955,0.0042078467086
10959,0.00199257791974
10960,0.00518622808158
10968,0.00292720342986
10969,0.0137595748529
10971,0.00240790471435
10972,0.0509383529425
10973,0.0404552184045
10974,0.0377488732338
10979,0.184308931231
10985,0.00289923907258
10986,0.00241380976513
10988,0.00802104920149
10991,0.0317998863757
10994,0.0110191302374
10996,0.0803978443146
10998,0.0215163119137
11000,0.139283746481
11007,0.181512057781
11008,0.0194203834981
11011,0.0239819660783
11012,0.167031079531
11014,0.00148999830708
11018,0.0110925100744
11019,0.238555639982
11020,0.00511435279623
11023,0.00319135282189
11024,0.157189056277
11025,0.00270780478604
11026,0.0154300779104
11027,0.124441377819
11028,0.0235617589206
11032,0.0494209900498
11034,0.160722896457
11035,0.323375105858
11036,0.00558181433007
11038,0.128167003393
11039,0.00622885022312
11040,0.00938886869699
11042,0.079748429358
11043,0.0249521322548
11049,0.0178148075938
11053,0.00206900457852
11055,0.013596300967
11058,0.0248033329844
11059,0.00991760194302
11062,0.00895773153752
11063,0.035442635417
11064,0.00298807770014
11065,0.0189170315862
11066,0.00210803607479
11069,0.0173419825733
11071,0.00873597245663
11074,0.0385871492326
11078,0.0131889069453
11085,0.00647312728688
11086,0.0179873295128
11088,0.00156136788428
11090,0.0161392763257
11094,0.0260372404009
11095,0.0124012744054
11097,0.0170844607055
11099,0.0560534410179
11107,0.194283798337
11109,0.0129213063046
11110,0.136850371957
11111,0.0391212627292
11112,0.0379388257861
11113,0.0103000476956
11115,0.15161319077
11119,0.0104030650109
11121,0.189380124211
11125,0.00766489189118
11126,0.0323876775801
11130,0.00303937215358
11131,0.0041792918928
11132,0.00484844343737
11133,0.0235219355673
11135,0.0178278945386
11137,0.0222970936447
11140,0.011020604521
11141,0.0114043960348
11142,0.0109752845019
11143,0.024645511061
11144,0.0569851510227
11145,0.00835007056594
11148,0.00568199949339
11149,0.0117655443028
11151,0.0433451794088
11152,0.00318531668745
11156,0.00197992776521
11159,0.0296313408762
11160,0.0244594067335
11161,0.0259048622102
11162,0.0156263075769
11164,0.0918796062469
11165,0.0311094168574
11167,0.00224055885337
11168,0.0045046149753
11169,0.00894568767399
11171,0.0134326834232
11172,0.0362025499344
11175,0.0180536527187
11176,0.127638742328
11177,0.00246849609539
11178,0.00127961148974
11179,0.0110429907218
11180,0.00220805988647
11182,0.0648884475231
11183,0.0150315407664
11189,0.00573501642793
11190,0.0169486366212
11193,0.0180045198649
11194,0.00776539556682
11198,0.00773670896888
11200,0.00313866185024
11202,0.104779116809
11203,0.0041002817452
11204,0.0137320999056
11205,0.183344006538
11206,0.025188177824
11207,0.00376111967489
11208,0.0189979728311
11209,0.00149755494203
11210,0.00202674092725
11212,0.00134763622191
11213,0.0028110712301
11217,0.0196028240025
11218,0.0130783030763
11220,0.0423231609166
11221,0.0129691101611
11223,0.00876284576952
11224,0.00890327617526
11225,0.116156712174
11226,0.0161039996892
11227,0.00265671103261
11228,0.144725516438
11229,0.0480650961399
11230,0.101464778185
11232,0.00292039080523
11235,0.010239536874
11238,0.0126556036994
11239,0.0206380654126
11240,0.0121169956401
11241,0.00858792569488
11245,0.00358105776832
11247,0.0297167338431
11248,0.0102160861716
11251,0.00348381628282
11252,0.00251988111995
11253,0.00534453801811
11255,0.17380258441
11256,0.00360013428144
11259,0.142560392618
11261,0.00115817622282
11265,0.00884240213782
11267,0.0592625401914
11269,0.0433666296303
11270,0.00291088828817
11275,0.0020176328253
11277,0.0984269976616
11278,0.00236021541059
11279,0.0806062892079
11281,0.0205742325634
11283,0.0147992717102
11284,0.0244205631316
11285,0.053454298526
11287,0.132335066795
11288,0.00843478459865
11290,0.00643974961713
11291,0.00368329347111
11292,0.025636870414
11294,0.017038391903
11296,0.128259539604
11300,0.00996988359839
11301,0.0165611281991
11302,0.0122715700418
11304,0.0182322002947
11307,0.0185380820185
11308,0.0424437522888
11311,0.0119221145287
11312,0.0997265279293
11313,0.134634241462
11314,0.0163397826254
11315,0.00453372485936
11323,0.0274766907096
11325,0.080324433744
11327,0.0362390875816
11328,0.213576555252
11330,0.0196028240025
11333,0.387415826321
11334,0.0232309401035
11338,0.00688361143693
11339,0.0154051203281
11342,0.00137697765604
11345,0.0121286222711
11346,0.00712112896144
11347,0.0667567849159
11348,0.00169192475732
11349,0.00432886043563
11350,0.0201124567538
11354,0.0223527364433
11355,0.042640414089
11357,0.0196028240025
11359,0.0143224149942
11361,0.0109290098771
11362,0.0126139335334
11363,0.0384963974357
11366,0.0107399895787
11367,0.0375875011086
11372,0.00275811296888
11373,0.0372371450067
11374,0.0145423766226
11377,0.0150456670672
11380,0.0815908312798
11381,0.02098576352
11382,0.00339752598666
11386,0.014635165222
11387,0.0154300779104
11388,0.00461866753176
11389,0.0297413896769
11390,0.19312402606
11391,0.00381081923842
11393,0.0110044172034
11394,0.00966575182974
11401,0.00856428500265
11403,0.0746702030301
11404,0.0655773356557
11405,0.113952487707
11407,0.00500454660505
11408,0.00739506445825
11411,0.00948811508715
11412,0.0112914051861
11414,0.00643269065768
11416,0.0139873540029
11420,0.0113165546209
11421,0.00608923379332
11422,0.00241056713276
11423,0.00809863954782
11425,0.00820921547711
11429,0.0483799129725
11431,0.0220771506429
11432,0.00248099700548
11433,0.0155396414921
11434,0.087655775249
11435,0.00456720823422
11436,0.0149874743074
11438,0.00312214484438
11439,0.0233533289284
11446,0.0121602397412
11447,0.145235881209
11450,0.038079790771
11451,0.00720925908536
11453,0.038779143244
11454,0.0736016184092
11455,0.00189869583119
11456,0.009695767425
11458,0.0134706394747
11459,0.0268152896315
11462,0.00268246629275
11464,0.00189428031445
11468,0.0115804132074
11469,0.0138835720718
11471,0.134703397751
11475,0.0138426590711
11477,0.0194777231663
11480,0.0477995201945
11481,0.0201013721526
11483,0.0302023626864
11486,0.0333112329245
11489,0.0177709814161
11490,0.00769030395895
11492,0.143609732389
11495,0.185796439648
11499,0.0196028240025
11500,0.011571329087
11503,0.0209978409111
11504,0.0196028240025
11505,0.0305389035493
11506,0.0255321282893
11507,0.00748795876279
11510,0.0100821889937
11514,0.0196526665241
11516,0.00577833130956
11518,0.0768530070782
11519,0.023395402357
11520,0.0119922794402
11522,0.00162224867381
11523,0.00786594487727
11526,0.00293948478065
11528,0.0246862675995
11529,0.00532779144123
11530,0.0627216622233
11534,0.0319034866989
11535,0.0160860139877
11537,0.0474839508533
11539,0.0202115867287
11542,0.132560029626
11545,0.00453370762989
11546,0.00786594487727
11549,0.0869012773037
11550,0.0240164399147
11554,0.0203609000891
11555,0.00610891217366
11558,0.154868483543
11559,0.0114454878494
11560,0.0192620381713
11562,0.237673163414
11563,0.0246472880244
11564,0.0141994468868
11565,0.0145694557577
11569,0.00599687872455
11572,0.0487136729062
11573,0.035490591079
11575,0.0131297018379
11578,0.011593317613
11581,0.0325312167406
11583,0.00520058814436
11584,0.0540342777967
11586,0.0121384365484
11587,0.113315321505
11594,0.00444189319387
11600,0.0430603139102
11602,0.0270857904106
11603,0.00407737493515
11604,0.0095965815708
11609,0.0314075313509
11610,0.0110367229208
11612,0.0592584274709
11615,0.00774159794673
11616,0.00185074924957
11618,0.00462353648618
11619,0.0308151505888
11621,0.00162148114759
11622,0.00515255937353
11626,0.0182600039989
11627,0.0156415048987
11629,0.0236118342727
11631,0.0081396587193
11632,0.0429182313383
11633,0.0581569112837
11637,0.00460077403113
11639,0.00226578349248
11642,0.0160342548043
11643,0.0125832138583
11644,0.00683030160144
11650,0.00822139997035
11652,0.00640393374488
11653,0.00341465394013
11654,0.0219205264002
11655,0.0120281856507
11656,0.00522700417787
11657,0.0107779158279
11658,0.0188265405595
11661,0.00334620801732
11664,0.00964349787682
11665,0.450007230043
11667,0.191742062569
11669,0.00403975415975
11674,0.0865707546473
11675,0.155615970492
11678,0.00256570475176
11680,0.00964167620987
11684,0.00203076470643
11685,0.00987183116376
11686,0.0136032225564
11687,0.00139639957342
11688,0.0298067759722
11695,0.220701634884
11696,0.00196891184896
11699,0.0168863907456
11700,0.00239091319963
11701,0.0119865853339
11703,0.0400107763708
11704,0.029690394178
11707,0.01608626917
11710,0.00860451720655
11711,0.0245333388448
11712,0.0058554620482
11713,0.0489379651845
11714,0.00698971841484
11715,0.00753402709961
11717,0.00237080873922
11718,0.063953615725
11719,0.0247525591403
11720,0.00284153525718
11721,0.0114969862625
11726,0.00225043017417
11727,0.00563667854294
11728,0.00167855317704
11729,0.00415589660406
11730,0.0051179304719
11732,0.0161040686071
11735,0.0330874435604
11736,0.0105553884059
11737,0.0031340313144
11738,0.00697918236256
11739,0.00225992151536
11741,0.0632625892758
11742,0.22142007947
11749,0.00395722640678
11750,0.0381769165397
11752,0.0029174874071
11753,0.00276683270931
11754,0.106341347098
11756,0.00304294028319
11757,0.0105839427561
11758,0.00130875024479
11759,0.14630562067
11761,0.0782752707601
11763,0.0196028240025
11764,0.117522642016
11765,0.181669875979
11766,0.0372595749795
11767,0.0193769447505
11769,0.182862743735
11770,0.0272645931691
11771,0.0141724264249
11772,0.00293360115029
11774,0.0228466503322
11777,0.00182371947449
11781,0.0157319623977
11784,0.00964355748147
11785,0.0406074523926
11786,0.00360055151395
11789,0.0103113800287
11790,0.00232805591077
11791,0.0208894815296
11792,0.0710206106305
11793,0.00555405812338
11794,0.1846485883
11795,0.00608875742182
11798,0.0467399545014
11800,0.0031824761536
11805,0.0375875011086
11812,0.0254682544619
11813,0.0233323648572
11816,0.00865126214921
11818,0.00677779642865
11820,0.013085574843
11821,0.00658425502479
11822,0.00698459334671
11828,0.00216567446478
11830,0.00261162640527
11831,0.0321193486452
11832,0.0385298393667
11838,0.00613351259381
11839,0.00930816587061
11841,0.00292154354975
11843,0.0133635513484
11844,0.0308004524559
11846,0.016380392015
11847,0.0137351807207
11848,0.00661448715255
11852,0.00414031790569
11853,0.00404625711963
11860,0.00403876043856
11863,0.0315574817359
11866,0.01119630225
11867,0.0176937822253
11868,0.00125270546414
11869,0.161717802286
11870,0.00216514500789
11871,0.0149099836126
11873,0.0264957509935
11875,0.0274644047022
11880,0.194988697767
11882,0.00327838934027
11884,0.014629391022
11889,0.0308151505888
11890,0.168275609612
11891,0.0529379472136
11898,0.0120072262362
11899,0.00227894238196
11900,0.0117112630978
11903,0.037332944572
11907,0.00323435035534
11910,0.00948811508715
11913,0.0203692540526
11915,0.0280004087836
11917,0.00347029138356
11920,0.0452896133065
11922,0.011506093666
11923,0.00684804748744
11925,0.0182833112776
11926,0.0064966022037
11927,0.108488574624
11929,0.00525204604492
11930,0.0124012744054
11931,0.00989580713212
11933,0.185989946127
11934,0.0340489782393
11937,0.0207327902317
11938,0.280057132244
11940,0.00133696803823
11942,0.00612147292122
11943,0.00234047323465
11945,0.0196028240025
11946,0.0159786399454
11947,0.00298567209393
11950,0.0025580576621
11952,0.265516936779
11953,0.152603775263
11955,0.0621982999146
11956,0.0166537053883
11958,0.0501604005694
11960,0.0046015670523
11961,0.0400012806058
11962,0.0479449443519
11964,0.0149749061093
11965,0.00989438220859
11968,0.0141994468868
11970,0.0131028220057
11971,0.187481790781
11972,0.0159435011446
11974,0.042556066066
11977,0.0424122810364
11980,0.0196028240025
11981,0.0554109737277
11983,0.00174632295966
11984,0.00140289973933
11987,0.00127578305546
11988,0.0306193046272
11989,0.0038749051746
11994,0.00361249316484
11995,0.135630056262
11998,0.0424890369177
12001,0.0181538201869
12002,0.014629391022
12003,0.0297125745565
12005,0.150433465838
12006,0.0165317431092
12007,0.028281820938
12008,0.0193498544395
12009,0.0134832356125
12012,0.00597499171272
12016,0.048638433218
12018,0.010036887601
12019,0.125995159149
12021,0.00508871302009
12022,0.0340284183621
12023,0.00223125307821
12026,0.0112909851596
12027,0.00511386012658
12028,0.0382399298251
12029,0.197441622615
12031,0.00259308493696
12033,0.0758104920387
12034,0.087837100029
12035,0.190002664924
12037,0.031495731324
12038,0.0165755487978
12039,0.0545652918518
12042,0.0348651595414
12043,0.0326732993126
12045,0.0120378276333
12046,0.0102160861716
12048,0.0185464471579
12049,0.00288474629633
12051,0.0149907758459
12052,0.00233198981732
12053,0.00666453596205
12054,0.215081125498
12058,0.0176157392561
12060,0.00420263269916
12062,0.0370816551149
12063,0.0208703931421
12064,0.0372059606016
12066,0.0304810069501
12069,0.0173213724047
12070,0.111625686288
12072,0.0047332928516
12076,0.00170783908106
12077,0.0218972954899
12078,0.00318631483242
12079,0.104779116809
12080,0.0359796360135
12081,0.00257070781663
12083,0.0282087959349
12088,0.106341347098
12089,0.057772051543
12090,0.180243894458
12092,0.00229798723012
12093,0.29450160265
12095,0.04691689834
12097,0.0111180385575
12100,0.00116271944717
12101,0.0175868663937
12104,0.00241380976513
12105,0.00309016183019
12109,0.0115842185915
12110,0.0121514452621
12111,0.146135479212
12113,0.034772478044
12115,0.216709852219
12117,0.00147202552762
12118,0.0162926390767
12121,0.00860957149416
12122,0.0029809421394
12124,0.003732384881
12127,0.0237365812063
12129,0.0224483665079
12131,0.037682890892
12133,0.0104030650109
12135,0.0224129613489
12137,0.0209263414145
12139,0.00264838640578
12140,0.0918319001794
12142,0.0509000085294
12143,0.0149907758459
12145,0.0162996407598
12148,0.0364585481584
12151,0.0225547943264
12156,0.176044583321
12157,0.0196028240025
12158,0.0136382719502
12159,0.0181318707764
12160,0.00274218036793
12162,0.120427168906
12163,0.0117350909859
12164,0.057315595448
12168,0.0148458275944
12169,0.0145423766226
12171,0.00442973012105
12175,0.0284699890763
12178,0.00889470521361
12180,0.00489553250372
12183,0.00247654155828
12185,0.00576771749184
12187,0.00654033664614
12189,0.00836837198585
12194,0.0466819033027
12195,0.0132350092754
12196,0.0115295946598
12202,0.0243690051138
12204,0.00802446063608
12205,0.157189056277
12206,0.0034801105503
12208,0.189304575324
12213,0.114740997553
12214,0.0324482023716
12215,0.00886758230627
12217,0.00274690217339
12221,0.0248233750463
12223,0.0129135297611
12225,0.0292733311653
12226,0.0128933722153
12228,0.0190858636051
12232,0.175339013338
12235,0.105841577053
12239,0.00212909141555
12240,0.00351102766581
12241,0.0168187860399
12242,0.0067275473848
12243,0.00721944356337
12244,0.0112795038149
12246,0.00469860853627
12247,0.0106734726578
12248,0.210419729352
12250,0.228821650147
12252,0.0409752503037
12253,0.186985477805
12254,0.0312176458538
12259,0.0426071621478
12262,0.0412420630455
12268,0.0229563768953
12269,0.0118606463075
12270,0.0194680541754
12271,0.0715596675873
12272,0.0362563617527
12273,0.153244554996
12275,0.0380875468254
12276,0.0251598637551
12278,0.00978343281895
12279,0.100563332438
12280,0.0228488650173
12282,0.0075729964301
12288,0.0298688579351
12292,0.0312195345759
12294,0.255353331566
12297,0.00213478133082
12298,0.211359724402
12299,0.0170923750848
12300,0.0165611281991
12302,0.00249695824459
12304,0.0160060375929
12305,0.0101340273395
12306,0.0024287502747
12307,0.00751488702372
12308,0.0116393603384
12309,0.00327638955787
12310,0.00287239532918
12311,0.00480953790247
12312,0.091785736382
12313,0.00229798723012
12315,0.0417840480804
12317,0.0839022770524
12319,0.308167666197
12320,0.0166290085763
12323,0.00334196491167
12324,0.0224698279053
12325,0.0351491943002
12327,0.00363552896306
12329,0.0166965443641
12330,0.0217364262789
12331,0.176368325949
12333,0.00499061634764
12334,0.175315007567
12335,0.0246883295476
12336,0.022963758558
12338,0.0232397764921
12341,0.0244367327541
12343,0.0893983766437
12348,0.15699416399
12349,0.0206284616143
12350,0.0465153306723
12351,0.00876262225211
12353,0.0052659153007
12356,0.037937797606
12357,0.0135127045214
12359,0.00277327909134
12363,0.0858915448189
12365,0.00149573222734
12368,0.053455311805
12371,0.00345251755789
12372,0.268042743206
12373,0.00761150056496
12374,0.0262165125459
12375,0.0211092140526
12376,0.0489029362798
12377,0.00236289692111
12379,0.220864579082
12381,0.00692251091823
12382,0.0388367474079
12385,0.0346285477281
12386,0.135101541877
12389,0.00694392994046
12394,0.0279243085533
12395,0.209515318274
12396,0.0175384879112
12397,0.0338862538338
12398,0.00345445913263
12402,0.00201521767303
12404,0.00300214136951
12405,0.0183864980936
12406,0.0261884070933
12410,0.0455766506493
12415,0.00865156948566
12417,0.00256664818153
12420,0.0125653930008
12421,0.0111873270944
12424,0.0437407568097
12425,0.159217968583
12427,0.00425467593595
12428,0.00127578305546
12429,0.00544929271564
12430,0.162654191256
12431,0.00484990002587
12432,0.0720989629626
12433,0.00137316156179
12435,0.0108602382243
12437,0.0144753223285
12438,0.00568464258686
12439,0.0196028240025
12440,0.0307747423649
12447,0.13211171329
12449,0.0019767654594
12450,0.00687605608255
12452,0.00161376327742
12455,0.00469516031444
12456,0.0809999704361
12459,0.0129708684981
12461,0.00130340072792
12462,0.00381962163374
12466,0.0193012524396
12467,0.00649906741455
12469,0.182611018419
12470,0.00321814185008
12472,0.159217968583
12475,0.00297854933888
12478,0.0572620481253
12481,0.0373437441885
12487,0.00501923263073
12490,0.153843536973
12491,0.00236367131583
12493,0.0221349466592
12497,0.0848390460014
12499,0.123198017478
12500,0.174728617072
12504,0.00230102078058
12507,0.00327860447578
12508,0.0464783348143
12510,0.0321403481066
12511,0.0316680558026
12512,0.00554332043976
12514,0.00603052880615
12515,0.0425739511847
12516,0.0195377878845
12518,0.0429152064025
12520,0.0256227478385
12522,0.0064897025004
12524,0.0027059642598
12527,0.0722787380219
12528,0.0222799163312
12529,0.0160160511732
12530,0.00186106469482
12531,0.0650739893317
12532,0.0052823885344
12533,0.00170904328115
12535,0.00969554763287
12536,0.0694313496351
12538,0.0371441245079
12542,0.214786231518
12545,0.0360031612217
12546,0.00276336539537
12549,0.0131414653733
12552,0.0959888622165
12554,0.00452391570434
12557,0.0167552419007
12558,0.0196948777884
12564,0.0715617462993
12565,0.00371476309374
12566,0.0506896078587
12567,0.0594598427415
12572,0.0396174415946
12574,0.0944719463587
12575,0.00158612756059
12576,0.0683012828231
12578,0.0968111455441
12581,0.252371430397
12582,0.0143619570881
12583,0.00304974941537
12586,0.0303169395775
12588,0.0175637472421
12589,0.0244936514646
12591,0.0267209541053
12593,0.0357562229037
12594,0.270692437887
12595,0.019126471132
12596,0.031025711447
12598,0.00264932354912
12599,0.00570090999827
12601,0.00346292974427
12602,0.102683693171
12605,0.00860714167356
12606,0.022008003667
12608,0.0183262676001
12610,0.053754042834
12611,0.0144243314862
12614,0.0391618087888
12617,0.187119662762
12619,0.00370067870244
12627,0.00227615656331
12629,0.0685053691268
12630,0.122878119349
12638,0.00223749852739
12640,0.013304262422
12641,0.00634067645296
12642,0.0142296748236
12644,0.0232131686062
12645,0.0202227830887
12647,0.00238901330158
12653,0.0269922520965
12655,0.00664472486824
12656,0.122138470411
12657,0.0468076243997
12659,0.0197531096637
12660,0.126661807299
12661,0.0270448550582
12666,0.167277187109
12667,0.0285533294082
12668,0.0397683642805
12669,0.00778570678085
12670,0.0558840297163
12671,0.013239257969
12673,0.00884586200118
12674,0.0129191232845
12678,0.354236453772
12679,0.0299723129719
12680,0.0157104842365
12684,0.00416980870068
12686,0.00313299614936
12688,0.0451080016792
12690,0.00306098442525
12691,0.00319743528962
12694,0.0145694557577
12695,0.00475848233327
12696,0.181669875979
12697,0.0283162593842
12698,0.0349406190217
12699,0.00926408730447
12700,0.00851938687265
12702,0.0147708076984
12704,0.0191720295697
12705,0.258345365524
12706,0.0094151776284
12709,0.00677315657958
12712,0.0114926612005
12719,0.026897193864
12725,0.00255666743033
12726,0.00304294028319
12727,0.0523090437055
12728,0.0350336022675
12732,0.0152762560174
12733,0.00854094233364
12740,0.00364408548921
12741,0.00318113900721
12743,0.183396473527
12744,0.0122717088088
12747,0.0196526665241
12750,0.0124012744054
12752,0.00895410496742
12753,0.0186727214605
12757,0.00391186447814
12758,0.0631488859653
12761,0.00666438089684
12763,0.0108625488356
12765,0.00973209179938
12766,0.00836933031678
12767,0.00263198185712
12768,0.00134807208087
12771,0.0061790687032
12772,0.0148899601772
12778,0.00283704372123
12779,0.00221277563833
12780,0.0494773052633
12784,0.0105395335704
12788,0.00307273073122
12792,0.00270630372688
12794,0.00175202218816
12796,0.00306749693118
12798,0.04755262658
12799,0.00206921622157
12800,0.00239345082082
12802,0.0130800828338
12803,0.0103485165164
12804,0.0199724864215
12805,0.00444892887026
12806,0.0103532494977
12807,0.0183175485581
12808,0.00867999717593
12809,0.181412518024
12810,0.0159213561565
12812,0.0392748527229
12814,0.00759194931015
12815,0.00131933682133
12816,0.0578297525644
12817,0.00536659359932
12819,0.00431193364784
12820,0.0191329848021
12821,0.0154955340549
12824,0.00171291129664
12827,0.00645175715908
12828,0.0242806058377
12834,0.00971564464271
12836,0.00230981269851
12837,0.00312926038168
12838,0.00235445355065
12839,0.0165837034583
12842,0.00155810941942
12845,0.011204530485
12846,0.022047393024
12848,0.00361389759928
12852,0.0244006160647
12853,0.0155396414921
12854,0.00231496547349
12857,0.0141994468868
12862,0.102085389197
12863,0.0135356057435
12865,0.242018252611
12866,0.0195723865181
12867,0.103495106101
12868,0.00637919595465
12871,0.0602877698839
12873,0.188684687018
12874,0.00659766793251
12877,0.00351022393443
12880,0.00396689865738
12881,0.0239154398441
12882,0.0154820466414
12883,0.0019767654594
12887,0.00127895234618
12888,0.0538390278816
12889,0.0143461711705
12890,0.0320815853775
12891,0.00892464630306
12892,0.00441942503676
12897,0.00224365992472
12899,0.0148458275944
12900,0.0423036925495
12901,0.257140368223
12903,0.0503683313727
12904,0.00447268830612
12906,0.00472841178998
12911,0.00699406908825
12913,0.00580308493227
12917,0.00448360154405
12919,0.11114924401
12921,0.00200134841725
12922,0.00223565218039
12923,0.015854658559
12924,0.180642962456
12928,0.00411038612947
12929,0.00216910848394
12930,0.00766660738736
12932,0.0831282064319
12935,0.00404365640134
12938,0.0158727634698
12940,0.0466106235981
12943,0.0163064785302
12944,0.00335190934129
12946,0.112365916371
12948,0.207121506333
12951,0.191705986857
12952,0.21115359664
12953,0.00318571785465
12955,0.0269922520965
12956,0.0204727705568
12959,0.0106436042115
12960,0.0813064947724
12961,0.00172673771158
12964,0.00704810023308
12965,0.00391202419996
12973,0.188242390752
12976,0.00172626099084
12977,0.00281284679659
12978,0.109923131764
12979,0.183093830943
12983,0.0262157768011
12984,0.00155754212756
12985,0.0105899209157
12986,0.0228127166629
12987,0.00745473150164
12988,0.0099303741008
12990,0.0194078925997
12991,0.0198759436607
12997,0.0167877487838
12998,0.142393872142
13000,0.0107659399509
13001,0.0479177683592
13002,0.0193106736988
13003,0.0116878859699
13004,0.154827609658
13005,0.0028412961401
13008,0.00948811508715
13009,0.00508871302009
13011,0.0019761454314
13016,0.00759118096903
13017,0.00718033174053
13018,0.00689842598513
13019,0.0130419861525
13020,0.0176824312657
13021,0.0153935663402
13022,0.0020344122313
13025,0.225765407085
13026,0.0196028240025
13037,0.0387635566294
13038,0.0221090409905
13042,0.0113737341017
13043,0.00907287187874
13044,0.00195597228594
13046,0.00448294635862
13047,0.307872444391
13048,0.00347809656523
13049,0.0212359726429
13054,0.00520058814436
13055,0.0098552852869
13056,0.00315676163882
13061,0.00212187552825
13062,0.0381728895009
13063,0.0591683462262
13064,0.00165151164401
13069,0.0278200712055
13070,0.0318418443203
13071,0.0144243314862
13072,0.0116800125688
13075,0.0216816347092
13076,0.00570269394666
13077,0.0014963397989
13079,0.0155303217471
13081,0.162542045116
13084,0.0118402084336
13085,0.00240568025038
13087,0.0925280228257
13088,0.0292781610042
13090,0.00152836751658
13091,0.0951394513249
13092,0.00134246412199
13093,0.0120730046183
13100,0.0765970125794
13102,0.0110303079709
13103,0.0110920704901
13105,0.00459378724918
13107,0.0187983475626
13108,0.0548262372613
13111,0.00200429442339
13113,0.00459269527346
13115,0.0280087459832
13118,0.025494357571
13119,0.0188446715474
13122,0.0586191527545
13123,0.0035167997703
13124,0.0132760861889
13125,0.0514648742974
13126,0.00253265514039
13132,0.0135528445244
13133,0.063953615725
13135,0.0217395350337
13138,0.0238926373422
13140,0.0247771479189
13144,0.207435727119
13148,0.0169001482427
13149,0.0159943941981
13150,0.0102051086724
13151,0.0141994468868
13152,0.00120833271649
13156,0.140695258975
13159,0.0141063835472
13160,0.0634257271886
13161,0.00528155686334
13162,0.0321911871433
13163,0.0224136523902
13167,0.00281414715573
13168,0.0134610356763
13169,0.0573417432606
13172,0.0278197564185
13173,0.0018879637355
13176,0.00251860520802
13178,0.217471420765
13179,0.00569695420563
13180,0.0157547798008
13182,0.0102596357465
13184,0.0297020748258
13185,0.0116818891838
13187,0.00945311691612
13189,0.021839896217
13192,0.026897193864
13194,0.100706748664
13197,0.00239581544884
13199,0.0208656899631
13200,0.00253447960131
13201,0.0108617087826
13203,0.00378475291654
13205,0.0113485669717
13207,0.00198934227228
13208,0.080306738615
13211,0.00465723825619
13212,0.130919218063
13218,0.0076535991393
13219,0.0315653011203
13220,0.0123840468004
13221,0.0196028240025
13222,0.0371818840504
13223,0.132756918669
13224,0.158768460155
13229,0.182393267751
13230,0.0180273186415
13233,0.245322316885
13235,0.0403403267264
13236,0.0165625568479
13238,0.00281493132934
13240,0.0124012744054
13243,0.00857659801841
13245,0.0320855826139
13246,0.00779014639556
13248,0.0192827172577
13250,0.0084217172116
13251,0.00871302746236
13252,0.00952867604792
13254,0.00972065143287
13258,0.00285527668893
13260,0.0111878067255
13261,0.234432503581
13264,0.0425427891314
13268,0.0102062607184
13270,0.016295099631
13272,0.0440054684877
13273,0.00835999939591
13274,0.00567927118391
13276,0.0279529094696
13279,0.0138565758243
13281,0.00304755708203
13286,0.0196028240025
13288,0.00350236985832
13290,0.0389371626079
13291,0.00204732501879
13296,0.00692739663646
13299,0.0478356033564
13302,0.110301487148
13307,0.0189593266696
13313,0.0801861807704
13314,0.00302438670769
13318,0.00818655081093
13321,0.0068949055858
13326,0.0030490392819
13327,0.00428212853149
13328,0.22136682272
13329,0.00711661903188
13330,0.0420420467854
13331,0.0894885733724
13334,0.149897843599
13338,0.0188978370279
13339,0.00462049152702
13340,0.00252454658039
13344,0.0054775364697
13346,0.00572892930359
13347,0.0196526665241
13349,0.0866716131568
13351,0.00250725145452
13352,0.0059669627808
13354,0.00267953518778
13357,0.12079448998
13360,0.0150848440826
13361,0.0240164399147
13362,0.051601421088
13364,0.0177452992648
13367,0.0554676912725
13368,0.00508662080392
13369,0.0558840297163
13372,0.158443048596
13375,0.0375036858022
13376,0.0036279077176
13377,0.00152964284644
13378,0.0196028240025
13381,0.230913504958
13382,0.00433695502579
13384,0.00191465485841
13386,0.0021356549114
13389,0.00226233433932
13390,0.00284554692917
13392,0.0189937613904
13393,0.0156989712268
13395,0.0138194076717
13396,0.00478898128495
13398,0.0893701612949
13404,0.0213485192508
13405,0.0179540142417
13406,0.0260630697012
13411,0.0219771899283
13412,0.0543877035379
13419,0.0172581039369
13420,0.00561296846718
13423,0.00232805591077
13426,0.00235864380375
13428,0.0222198739648
13429,0.00220474158414
13433,0.0131611078978
13435,0.00532218953595
13436,0.0013750276994
13439,0.148503661156
13441,0.0123765897006
13442,0.0339489541948
13443,0.298487335443
13444,0.0887144729495
13445,0.00596155179664
13446,0.116362810135
13448,0.00258181034587
13449,0.00946919061244
13450,0.00815964024514
13451,0.0112897083163
13453,0.00372732477263
13454,0.006126397755
13456,0.0427697971463
13459,0.00199823081493
13460,0.0239087957889
13464,0.00253232871182
13466,0.0040455404669
13467,0.00524113327265
13469,0.0222025960684
13470,0.18798814714
13472,0.00148626416922
13473,0.0036051957868
13475,0.00256989616901
13476,0.0126100806519
13478,0.00377847277559
13479,0.00292881694622
13480,0.0199517086148
13483,0.0056034643203
13484,0.00688001606613
13485,0.0351793840528
13486,0.00261162640527
13487,0.00290322257206
13492,0.235649988055
13493,0.0114163253456
13494,0.00508871302009
13496,0.00235821306705
13498,0.00229559000582
13500,0.119090475142
13504,0.0189736243337
13510,0.0255321282893
13512,0.00288445549086
13513,0.00230287597515
13516,0.00279484177008
13517,0.0143714984879
13518,0.0196028240025
13519,0.242018252611
13520,0.211092174053
13521,0.0196028240025
13526,0.00499155884609
13527,0.0156919714063
13528,0.00345949572511
13529,0.0569531880319
13530,0.00981077644974
13534,0.0352890379727
13535,0.00671776896343
13538,0.0199240390211
13540,0.00988135766238
13542,0.0145459305495
13544,0.0280454419553
13546,0.00790797267109
13547,0.0028412961401
13550,0.00511499820277
13551,0.0435277633369
13559,0.00665343971923
13561,0.0703187957406
13562,0.016374245286
13563,0.00129466014914
13564,0.00287678954192
13565,0.013179147616
13568,0.00217575696297
13569,0.00297673302703
13570,0.0100582400337
13571,0.00259490101598
13572,0.00849151238799
13575,0.188742801547
13577,0.009286750108
13578,0.00930560287088
13579,0.228101700544
13587,0.0113794291392
13588,0.00272642658092
13592,0.0194045994431
13593,0.0154754994437
13594,0.0111636351794
13598,0.00238709128462
13599,0.003966412507
13604,0.00302363047376
13605,0.0861842185259
13607,0.00891717616469
13608,0.00410288758576
13609,0.0106942476705
13612,0.0269173234701
13615,0.00410606106743
13617,0.0205225963145
13619,0.00264331931248
13620,0.00697483774275
13625,0.00303859938867
13627,0.0239445827901
13631,0.00862759910524
13635,0.0782465487719
13637,0.00223147915676
13641,0.0141994468868
13642,0.00510701397434
13643,0.0670679956675
13644,0.00129953329451
13647,0.00797816552222
13652,0.036244392395
13654,0.009695767425
13655,0.0126457819715
13657,0.0221971236169
13659,0.0223891343921
13660,0.240956708789
13663,0.00569411320612
13664,0.00402790727094
13665,0.00261196307838
13666,0.0054533672519
13667,0.00794780440629
13669,0.0180408917367
13671,0.0126298898831
13673,0.00476407445967
13675,0.0240735318512
13676,0.00156573439017
13677,0.00888219941407
13682,0.0258380286396
13685,0.00445077288896
13686,0.0521432943642
13687,0.221459046006
13689,0.00432366179302
13691,0.0215566400439
13692,0.062563188374
13694,0.0192991662771
13695,0.00330038717948
13698,0.0137438131496
13702,0.00423306645826
13704,0.00476043345407
13705,0.0176009666175
13707,0.167927995324
13709,0.0246375221759
13710,0.170018941164
13711,0.0015207445249
13713,0.0342021025717
13714,0.00832868274301
13715,0.00999974925071
13719,0.00983277522027
13721,0.0190833304077
13723,0.00591005478054
13724,0.0136582544073
13725,0.0250576585531
13727,0.0185478311032
13729,0.00399480666965
13730,0.00661150831729
13731,0.00147147534881
13734,0.142560392618
13735,0.211482107639
13736,0.00508936028928
13737,0.27275210619
13738,0.00280171935447
13742,0.00129953329451
13744,0.00216488330625
13748,0.00615859031677
13749,0.0243781227618
13750,0.0110783753917
13755,0.00717957038432
13756,0.0148654645309
13758,0.00307088484988
13759,0.180487558246
13762,0.0108096450567
13763,0.0217395350337
13767,0.00750597286969
13770,0.0377096347511
13773,0.00925362389535
13774,0.0359926372766
13775,0.00688635976985
13777,0.0192235391587
13778,0.025554459542
13780,0.0129691101611
13782,0.0181811731309
13794,0.0157547798008
13800,0.0173782873899
13802,0.00213426328264
13805,0.00890081562102
13813,0.0141994468868
13814,0.00808999873698
13815,0.0154668781906
13817,0.0340380258858
13822,0.0164545420557
13823,0.0526307448745
13824,0.0182193126529
13825,0.0109621873125
13827,0.0135077843443
13828,0.009695767425
13829,0.165868967772
13831,0.00890288036317
13832,0.0212667509913
13833,0.27524921298
13834,0.0359847433865
13838,0.00266556465067
13845,0.019033966586
13847,0.0960192605853
13848,0.0196526665241
13850,0.0185478311032
13852,0.0432712584734
13853,0.159745484591
13854,0.00139084656257
13859,0.0416500009596
13860,0.00905088800937
13861,0.0282045807689
13862,0.00912945438176
13863,0.00967575702816
13864,0.0631411075592
13865,0.00817459262908
13867,0.22301132977
13871,0.0232861861587
13873,0.0294924043119
13878,0.0173573885113
13879,0.00230996753089
13882,0.00965168979019
13883,0.011032378301
13887,0.00308271450922
13889,0.0140832643956
13890,0.0120510142297
13891,0.0337880812585
13895,0.00125270546414
13897,0.00629713339731
13898,0.13211171329
13899,0.0115412576124
13901,0.0220438912511
13905,0.01157730259
13906,0.0388791821897
13908,0.121122524142
13910,0.0204945988953
13912,0.00489553250372
13917,0.0143635971472
13918,0.00318934349343
13919,0.0543649867177
13920,0.0242227520794
13921,0.00500142294914
13922,0.00371998874471
13926,0.0141702275723
13929,0.043845616281
13931,0.0027988567017
13932,0.00766660738736
13934,0.00822969339788
13935,0.0298492703587
13936,0.0256190784276
13941,0.0201185066253
13944,0.142393872142
13947,0.00894359126687
13948,0.0445492267609
13952,0.191955149174
13954,0.0140778217465
13959,0.0260141361505
13962,0.00794094614685
13965,0.0372984968126
13966,0.00757323019207
13967,0.00194213190116
13968,0.0196028240025
13970,0.102235078812
13971,0.00994114391506
13972,0.00321255158633
13974,0.044943574816
13979,0.0223261546344
13981,0.224700808525
13982,0.0116507094353
13985,0.00319862994365
13987,0.0898620486259
13989,0.0382001847029
13990,0.0820739641786
13991,0.0111957117915
13994,0.013085574843
13995,0.00391133502126
14003,0.157013550401
14005,0.0421062074602
14009,0.00149441033136
14010,0.162858620286
14012,0.0361624248326
14014,0.179096341133
14015,0.002295617247
14021,0.0196181833744
14023,0.00931372493505
14025,0.00149477040395
14026,0.109832562506
14027,0.0761561244726
14029,0.00941100716591
14033,0.00914316345006
14034,0.00985003355891
14035,0.015516301617
14036,0.00399616872892
14038,0.0219233017415
14039,0.0120871113613
14040,0.0196105781943
14043,0.0221090409905
14044,0.0134586291388
14049,0.0154300779104
14050,0.0182978212833
14051,0.0219275821
14055,0.014016918838
14059,0.0687808096409
14061,0.0196028240025
14063,0.00137469451874
14064,0.242018252611
14065,0.00274166138843
14066,0.0283508244902
14067,0.00491652311757
14068,0.00659765163437
14069,0.0169473979622
14070,0.0358972623944
14072,0.0196028240025
14073,0.00908146239817
14074,0.00913798157126
14077,0.0838865041733
14078,0.0716119483113
14081,0.0339793600142
14082,0.0128958001733
14083,0.0102066937834
14085,0.00603538705036
14086,0.036654099822
14088,0.00267863692716
14091,0.0435397364199
14093,0.00971564464271
14094,0.00276228925213
14097,0.00623496295884
14099,0.0246933028102
14101,0.0204332396388
14103,0.0285244099796
14107,0.046473197639
14108,0.00569245917723
14109,0.00529275694862
14112,0.00178797577973
14113,0.09580694139
14114,0.0357180535793
14115,0.0587388835847
14116,0.0234287753701
14117,0.2240370363
14119,0.0198804493994
14121,0.0188997481018
14122,0.0101050287485
14123,0.00714416895062
14125,0.040859926492
14127,0.168193012476
14129,0.0544737204909
14130,0.0127300471067
14132,0.0189533513039
14134,0.0643417388201
14137,0.00981741584837
14138,0.0169261675328
14139,0.00346261868253
14140,0.0196036621928
14143,0.0187308937311
14146,0.00368492654525
14148,0.00185681506991
14150,0.00575976585969
14151,0.00423878850415
14152,0.0029166303575
14153,0.00611166609451
14155,0.0265379026532
14156,0.0322990231216
14160,0.0608124546707
14162,0.00870472099632
14163,0.00337781151757
14164,0.00274690217339
14165,0.0307659376413
14166,0.00165028253105
14172,0.0135587304831
14173,0.0128450756893
14174,0.0173419825733
14175,0.0257841087878
14176,0.0440804027021
14178,0.011020604521
14183,0.0214178282768
14186,0.0726045891643
14188,0.00886904075742
14189,0.00787264946848
14190,0.00343683455139
14192,0.0881964862347
14193,0.00285671581514
14194,0.0145694557577
14195,0.00297623081133
14198,0.00664362031966
14200,0.0297185759991
14201,0.0522463656962
14203,0.00255190278403
14208,0.0877567157149
14210,0.00651781633496
14211,0.00198857090436
14214,0.00731993000954
14215,0.0176157392561
14216,0.143198758364
14217,0.0141994468868
14218,0.00275811296888
14219,0.0065143010579
14220,0.0426296144724
14223,0.0159806497395
14225,0.00318599352613
14231,0.0129998680204
14232,0.00230828556232
14234,0.0110448664054
14235,0.0780763104558
14236,0.195407152176
14237,0.0384152531624
14238,0.128259539604
14240,0.0273591764271
14243,0.0118474029005
14244,0.0477063059807
14245,0.018265651539
14247,0.0404016189277
14248,0.0121936332434
14249,0.209515318274
14251,0.0210874397308
14254,0.00643775472417
14255,0.0174645874649
14256,0.0104795144871
14257,0.00169162510429
14259,0.00512968748808
14260,0.235649988055
14262,0.10224199295
14263,0.00285890651867
14264,0.00651185726747
14265,0.0375550165772
14267,0.00977355148643
14269,0.0908571630716
14270,0.0137227717787
14271,0.013575354591
14274,0.0150451660156
14275,0.0714578181505
14276,0.294426143169
14278,0.00270966230892
14280,0.135410249233
14282,0.00948811508715
14284,0.00215621502139
14288,0.00989264436066
14289,0.0212515182793
14290,0.00346726016141
14291,0.26436394453
14292,0.0048326770775
14293,0.00480150897056
14297,0.15161319077
14298,0.0109555674717
14303,0.0174192264676
14305,0.0300829745829
14308,0.0941378846765
14309,0.132842481136
14312,0.0125399539247
14313,0.0196537766606
14315,0.240449085832
14316,0.00189727125689
14319,0.0139048108831
14321,0.00415594177321
14322,0.00373293482699
14323,0.00515011558309
14324,0.0196526665241
14327,0.0274585727602
14332,0.0273387096822
14334,0.011394389905
14337,0.0435004420578
14339,0.0401898697019
14340,0.0502087697387
14341,0.00857230089605
14342,0.129533275962
14343,0.0520137399435
14349,0.0283331684768
14351,0.00516051147133
14352,0.0220291353762
14353,0.0161109380424
14354,0.00355618377216
14355,0.117522642016
14356,0.0196028240025
14358,0.157189056277
14360,0.0315120816231
14362,0.00201259343885
14363,0.0341986045241
14366,0.0148695092648
14369,0.0307153761387
14370,0.0149725144729
14373,0.0357107035816
14375,0.0167290717363
14376,0.00130127777811
14381,0.00287045957521
14383,0.00541948433965
14384,0.00138269725721
14385,0.00261162640527
14387,0.0140918679535
14396,0.00738628394902
14397,0.0397199578583
14400,0.0115921972319
14401,0.0561327524483
14403,0.0129465693608
14406,0.105746395886
14408,0.00907277315855
14409,0.185527220368
14412,0.0344653204083
14414,0.00434403168038
14415,0.0146517753601
14416,0.00185685127508
14418,0.0395316705108
14419,0.0141280386597
14420,0.0135845076293
14422,0.0297499429435
14424,0.0278737694025
14430,0.0372371450067
14434,0.0193800032139
14436,0.00812287628651
14438,0.0214784368873
14439,0.0128158442676
14440,0.0102363284677
14441,0.00223070546053
14443,0.0215066112578
14445,0.0323931612074
14446,0.0192374382168
14448,0.00948811508715
14452,0.00842631328851
14453,0.0130200358108
14455,0.0172679163516
14459,0.0034476108849
14462,0.0265441741794
14464,0.00963910855353
14466,0.0315574817359
14472,0.0313670039177
14474,0.0184607263654
14476,0.00220191758126
14477,0.0163655783981
14479,0.0135981682688
14482,0.00329275568947
14483,0.00238968059421
14486,0.00144180830102
14489,0.117917664349
14492,0.503919064999
14493,0.00552847515792
14494,0.0492763929069
14497,0.0916780680418
14498,0.00885896198452
14499,0.0132953710854
14500,0.0562542267144
14502,0.00283463811502
14503,0.00151863100473
14504,0.242018252611
14506,0.0156421884894
14508,0.00963627360761
14510,0.0196028240025
14511,0.150326743722
14516,0.00147822871804
14519,0.00977111514658
14521,0.00270966230892
14522,0.0163693856448
14523,0.00258461013436
14525,0.013895641081
14527,0.0145283341408
14529,0.0291572213173
14530,0.00762144103646
14533,0.00803080946207
14537,0.00310090999119
14538,0.0326062701643
14539,0.0012475050753
14540,0.142147749662
14542,0.0148458275944
14544,0.0105824889615
14553,0.00669566961005
14556,0.0121187595651
14557,0.011441975832
14558,0.0777792483568
14561,0.0320855826139
14562,0.0367440916598
14564,0.121405929327
14566,0.0405375026166
14568,0.0118896625936
14569,0.0220985990018
14573,0.0219114609063
14574,0.00261162640527
14575,0.0224129613489
14578,0.0023577734828
14579,0.00672403676435
14580,0.00360709917732
14581,0.02587579377
14583,0.0142293060198
14587,0.244556412101
14588,0.123704195023
14594,0.00923429988325
14596,0.0123315118253
14597,0.0153280738741
14600,0.119582280517
14601,0.0239555388689
14603,0.0281629376113
14606,0.0396712459624
14607,0.00429254677147
14608,0.0256970543414
14610,0.0744884908199
14611,0.0234038196504
14612,0.0113178035244
14616,0.0251975283027
14623,0.131396278739
14624,0.0583558790386
14625,0.00821654498577
14626,0.0229467693716
14627,0.0144053352997
14628,0.00651319278404
14631,0.159217968583
14632,0.0527519062161
14633,0.0252280626446
14636,0.105716578662
14637,0.0048452350311
14640,0.15367770195
14641,0.003870369168
14642,0.0267288070172
14645,0.00266980705783
14647,0.010998332873
14648,0.0866207331419
14650,0.0218516346067
14651,0.00283939857036
14652,0.234023913741
14653,0.200726568699
14654,0.0061560254544
14655,0.0275051537901
14660,0.00868248008192
14661,0.0322990231216
14668,0.00269058416598
14669,0.0154300779104
14670,0.274291455746
14671,0.00917613692582
14677,0.0110600842163
14679,0.102723643184
14682,0.00796991586685
14683,0.0108822965994
14687,0.00821142084897
14690,0.00348608824424
14693,0.0255321282893
14694,0.0301376190037
14696,0.0698591321707
14697,0.0089698927477
14699,0.0958722233772
14700,0.00287719606422
14703,0.0294820424169
14704,0.00200804346241
14705,0.0431732386351
14706,0.0048405053094
14707,0.0206033717841
14708,0.0873995497823
14709,0.00536911189556
14711,0.0154300779104
14712,0.0107283536345
14716,0.0720181241632
14719,0.0038435314782
14720,0.00359748560004
14721,0.00919481925666
14724,0.00871407333761
14725,0.00255849561654
14729,0.0113450363278
14730,0.0455323942006
14731,0.0191521607339
14734,0.132528290153
14735,0.0100784143433
14736,0.00241578649729
14737,0.00971564464271
14738,0.0104809971526
14739,0.063953615725
14740,0.0249405317008
14743,0.02377971448
14744,0.0817542746663
14745,0.0112408502027
14746,0.134084448218
14749,0.00384934688918
14750,0.00180315261241
14752,0.00478265900165
14753,0.0454597882926
14756,0.00236595841125
14758,0.00674676941708
14759,0.00923792086542
14760,0.00525301229209
14766,0.00942132622004
14768,0.00302123115398
14775,0.0666611269116
14777,0.0255321282893
14779,0.0073346006684
14781,0.00500401994213
14783,0.013317771256
14784,0.0113117648289
14785,0.00323575572111
14787,0.00343826389872
14788,0.195768252015
14793,0.0164699591696
14798,0.108505919576
14799,0.00994114391506
14808,0.0114662079141
14809,0.024889241904
14816,0.232472598553
14821,0.0282574407756
14828,0.162858620286
14832,0.0346840843558
14835,0.0320855826139
14837,0.016704602167
14838,0.0141994468868
14841,0.0220985990018
14843,0.0119326338172
14846,0.0114239323884
14847,0.016079057008
14848,0.0170923750848
14849,0.00430310657248
14850,0.0767265036702
14852,0.0107251154259
14853,0.0556660071015
14855,0.009695767425
14856,0.00140001752879
14858,0.0340080857277
14859,0.00364292040467
14861,0.0304789692163
14864,0.0311571992934
14868,0.00268212449737
14870,0.00142931181472
14874,0.0262512303889
14879,0.0181318707764
14882,0.00254814652726
14883,0.0147738335654
14884,0.00875047035515
14887,0.182694420218
14888,0.00817320030183
14889,0.0201301239431
14891,0.0307153761387
14894,0.115620099008
14896,0.0285765770823
14897,0.0858915448189
14899,0.0451744794846
14901,0.002953969175
14903,0.00250003370456
14905,0.165312319994
14911,0.0117473565042
14912,0.235649988055
14913,0.0220984965563
14915,0.0137844830751
14919,0.0123903537169
14920,0.10744163394
14921,0.0130713572726
14922,0.0104813138023
14924,0.0512489154935
14925,0.0332343988121
14926,0.00219637830742
14927,0.0148813584819
14928,0.0555177889764
14931,0.146041467786
14933,0.156225144863
14935,0.0575345680118
14936,0.0142852440476
14937,0.00294908438809
14939,0.00270143058151
14948,0.00138863699976
14949,0.0146053722128
14950,0.0245023984462
14953,0.109923131764
14954,0.00277392799035
14957,0.00193393346854
14958,0.0381750538945
14959,0.0452945940197
14960,0.0374856963754
14961,0.209551289678
14962,0.0193716268986
14964,0.0327047295868
14965,0.00304540758952
14967,0.00240790471435
14970,0.00818231608719
14971,0.00698541104794
14972,0.109564431012
14973,0.00709844473749
14976,0.0455028451979
14978,0.276935756207
14980,0.011988658458
14981,0.0755867883563
14982,0.0170183908194
14983,0.0124600818381
14986,0.00973656866699
14987,0.00225429772399
14990,0.0384386703372
14991,0.00340082286857
14993,0.0252583455294
14994,0.0434002615511
14998,0.0127067146823
15000,0.0230282880366
15001,0.0324177406728
15004,0.0223383102566
15007,0.00235224678181
15008,0.0183747075498
15009,0.0233414024115
15011,0.0300718750805
15012,0.0859807059169
15013,0.0188103746623
15014,0.017383929342
15019,0.0185478311032
15021,0.0237488560379
15024,0.0563728474081
15028,0.010770490393
15029,0.0213272608817
15032,0.00335913477466
15035,0.0917372703552
15037,0.023490646854
15039,0.00335406698287
15040,0.00769436964765
15041,0.153664037585
15043,0.0212072003633
15044,0.0113213947043
15045,0.00291508040391
15048,0.0264922138304
15051,0.00482568051666
15052,0.0056938813068
15053,0.182393267751
15054,0.00974216591567
15055,0.00633104238659
15056,0.180243894458
15057,0.00357798975892
15058,0.00833664555103
15065,0.00780446734279
15068,0.00345243071206
15069,0.014323702082
15070,0.00882195588201
15075,0.0196526665241
15077,0.0507915727794
15078,0.0423892103136
15079,0.02451187931
15080,0.0719522982836
15081,0.00885288883001
15084,0.00504209520295
15085,0.0299508050084
15086,0.00349008617923
15087,0.00706775952131
15088,0.0124266818166
15089,0.00498522538692
15090,0.180871874094
15091,0.0813095197082
15092,0.0273456852883
15094,0.0330116935074
15095,0.00124034809414
15099,0.0446633286774
15100,0.0131592620164
15105,0.023615533486
15106,0.0169029831886
15108,0.00129832956009
15110,0.00727930944413
15111,0.242018252611
15112,0.00263173924759
15113,0.202894717455
15115,0.00990106817335
15116,0.00802309438586
15117,0.0116742784157
15118,0.017306452617
15119,0.00971210841089
15120,0.00317858485505
15121,0.00332385720685
15123,0.00106290308759
15126,0.0363164804876
15128,0.0195137374103
15132,0.00377815868706
15133,0.00954252481461
15134,0.0319644026458
15137,0.00818768143654
15138,0.0150505723432
15139,0.0589884631336
15140,0.0254055634141
15141,0.0146476104856
15144,0.0112023437396
15145,0.00206546322443
15146,0.0141994468868
15147,0.282530099154
15148,0.00421073846519
15149,0.00247893971391
15151,0.237997487187
15152,0.00321298209019
15153,0.00199633161537
15154,0.152603775263
15155,0.049123827368
15158,0.0165366120636
15160,0.00826420821249
15161,0.171088069677
15164,0.0398142039776
15165,0.0322654023767
15166,0.21115359664
15168,0.0094289155677
15170,0.00451388116926
15171,0.00248642917722
15172,0.0144243314862
15178,0.00775317428634
15182,0.00453747296706
15183,0.00343836541288
15184,0.0249356050044
15185,0.0259944144636
15187,0.00353965326212
15189,0.00501260487363
15190,0.00919481925666
15192,0.0116411764175
15193,0.00116271944717
15196,0.00190914084669
15198,0.0130222858861
15199,0.0317861102521
15201,0.0672048777342
15206,0.0337302833796
15208,0.00748558854684
15209,0.0360804349184
15211,0.00238561653532
15213,0.00339867593721
15214,0.00271718134172
15216,0.00624520564452
15217,0.15699416399
15219,0.00128956336994
15220,0.00230514165014
15221,0.0541793853045
15222,0.031025711447
15223,0.00727924052626
15224,0.0423125438392
15225,0.00296675995924
15226,0.187038436532
15228,0.0032397643663
15230,0.157189056277
15231,0.0252891872078
15232,0.0032397643663
15233,0.00387593056075
15234,0.0136615633965
15236,0.00639406219125
15237,0.159217968583
15238,0.0190108716488
15239,0.00831920839846
15241,0.0174679756165
15247,0.0373479686677
15248,0.00250391103327
15249,0.0103000476956
15252,0.183093830943
15253,0.00192823901307
15256,0.163885772228
15266,0.00257804081775
15270,0.0114352153614
15271,0.0176817122847
15274,0.0446639992297
15279,0.102683693171
15281,0.0109050683677
15282,0.0117636322975
15283,0.00217233924195
15284,0.00315487757325
15285,0.00480917049572
15286,0.00560649950057
15288,0.00458368333057
15290,0.00224493071437
15291,0.00253487122245
15292,0.00560027407482
15294,0.00337608461268
15296,0.00298703089356
15298,0.00857868231833
15299,0.120927639306
15300,0.0406074523926
15302,0.00976047758013
15303,0.00233304291032
15305,0.00403713807464
15306,0.0132594304159
15307,0.174025997519
15308,0.220083504915
15312,0.00236889906228
15314,0.0174760390073
15319,0.0250122323632
15320,0.00455691618845
15322,0.00739632127807
15324,0.00436194939539
15325,0.672786235809
15327,0.00647770706564
15328,0.00323045114055
15334,0.165693312883
15335,0.32209867239
15339,0.101590313017
15340,0.00147785781883
15342,0.0484959185123
15343,0.00405369466171
15346,0.0080838939175
15347,0.0992802605033
15348,0.0140655171126
15350,0.003065030789
15352,0.0067156185396
15357,0.0469778627157
15359,0.014566835016
15361,0.0687858983874
15363,0.0166622586548
15365,0.00571619346738
15368,0.00149438902736
15370,0.0283533204347
15374,0.0105467410758
15376,0.0049425070174
15379,0.0121878739446
15380,0.00375413312577
15382,0.0364300496876
15387,0.0158774126321
15388,0.243572458625
15390,0.0454411394894
15391,0.00796552095562
15393,0.200908645988
15394,0.0335925482213
15395,0.00274556758814
15397,0.0476716123521
15398,0.0113595081493
15399,0.00210821651854
15400,0.00371650373563
15401,0.0147160943598
15402,0.193246006966
15403,0.0047065471299
15407,0.0958545282483
15408,0.024889241904
15409,0.220096975565
15410,0.0130419861525
15411,0.00948811508715
15413,0.0323862805963
15415,0.00692357309163
15417,0.00161174021196
15418,0.00273049273528
15419,0.00315958377905
15420,0.0307153761387
15421,0.0232491251081
15422,0.0271247215569
15427,0.00129398540594
15428,0.0196028240025
15432,0.00710119726136
15433,0.00231202342547
15434,0.00374537263997
15435,0.00249637523666
15436,0.00154948758427
15440,0.0330254100263
15444,0.160186514258
15448,0.174676731229
15450,0.186985477805
15452,0.0014621851733
15454,0.00480065867305
15455,0.0107411136851
15459,0.00605848385021
15461,0.00580156687647
15462,0.0138053456321
15465,0.0156288612634
15468,0.0292178317904
15469,0.0134857352823
15470,0.0116994362324
15471,0.00268246629275
15473,0.00209050043486
15475,0.0171192865819
15476,0.0430035181344
15478,0.00376934395172
15479,0.00249383645132
15481,0.00703456439078
15483,0.0282653961331
15484,0.0196028240025
15486,0.00604301830754
15487,0.0126621238887
15489,0.00267929164693
15490,0.00263586128131
15493,0.00570660829544
15494,0.00190062797628
15495,0.0255581587553
15497,0.0736604034901
15498,0.00238539418206
15500,0.00671621644869
15501,0.00325772049837
15502,0.0229898598045
15504,0.0409752503037
15505,0.0187710281461
15506,0.0210519395769
15507,0.00233525480144
15509,0.0223508160561
15510,0.0120799737051
15512,0.180504560471
15513,0.00545687275007
15515,0.0264061857015
15516,0.0485953986645
15517,0.0424247048795
15518,0.0119027001783
15519,0.0669117793441
15520,0.0246683321893
15522,0.0167208462954
15523,0.0257841143757
15524,0.0154854785651
15525,0.00330296205357
15526,0.00351686496288
15529,0.00915736611933
15531,0.0671837925911
15533,0.0216748993844
15534,0.00193118711468
15536,0.00664032949135
15537,0.0714747682214
15539,0.0189231261611
15540,0.0239419620484
15542,0.0154231116176
15543,0.022015908733
15544,0.0160668473691
15546,0.2060072124
15548,0.266447126865
15550,0.063953615725
15554,0.263343721628
15556,0.0169714149088
15559,0.114216402173
15560,0.00627584150061
15562,0.00684097129852
15564,0.00579204736277
15565,0.00539674749598
15566,0.00255920761265
15567,0.224777057767
15569,0.0551254600286
15570,0.00275811296888
15575,0.208462417126
15576,0.0204084310681
15577,0.0288844108582
15578,0.0306360274553
15579,0.0203118957579
15580,0.0493830144405
15581,0.00840031728148
15584,0.0453712977469
15585,0.00944314245135
15587,0.0298845712095
15589,0.0154300779104
15598,0.110030010343
15599,0.0292178317904
15600,0.00282191485167
15601,0.00834269542247
15602,0.067151658237
15607,0.031002683565
15608,0.0109297372401
15612,0.0535030774772
15613,0.0273497886956
15614,0.115993179381
15615,0.229911342263
15616,0.00197992776521
15619,0.146135479212
15620,0.0301526747644
15621,0.0308151505888
15622,0.0318670943379
15624,0.180871874094
15625,0.0135286487639
15626,0.0250453595072
15627,0.00572798121721
15630,0.00546426326036
15632,0.00731895305216
15633,0.0039666290395
15636,0.0170468837023
15637,0.0149907758459
15638,0.00528506748378
15639,0.00305037014186
15641,0.0304559618235
15642,0.162858620286
15643,0.00386677845381
15644,0.0233658831567
15649,0.0244067646563
15651,0.00721944356337
15654,0.0189791601151
15656,0.0302009116858
15657,0.00931372493505
15658,0.148856252432
15663,0.00698362151161
15664,0.266806870699
15665,0.00515199452639
15666,0.257239311934
15667,0.00303338491358
15672,0.00754991639405
15674,0.00344759784639
15676,0.0308151505888
15677,0.00843342021108
15678,0.148612990975
15682,0.00258884113282
15683,0.0292178317904
15684,0.0154300779104
15685,0.142808452249
15686,0.0350467823446
15691,0.0222656950355
15694,0.009695767425
15696,0.022704295814
15699,0.0122256372124
15701,0.0322990231216
15703,0.239186033607
15705,0.0562462136149
15706,0.0693167373538
15711,0.0105396183208
15713,0.0242706146091
15715,0.13859257102
15717,0.0102679962292
15718,0.185893043876
15719,0.0109826941043
15724,0.237997487187
15726,0.00832204520702
15727,0.00721944356337
15729,0.00423694541678
15730,0.0180080160499
15732,0.0263038389385
15733,0.00502229342237
15734,0.00196891184896
15740,0.0196028240025
15743,0.0148052442819
15748,0.0154300779104
15750,0.0210378561169
15752,0.0111247766763
15754,0.0101967360824
15755,0.0015722354874
15756,0.00489044329152
15761,0.0131660690531
15762,0.009695767425
15763,0.00317194405943
15764,0.528807342052
15765,0.362787187099
15768,0.0116606848314
15769,0.00213478133082
15771,0.171088069677
15772,0.058036878705
15776,0.0594095140696
15777,0.175188690424
15782,0.0176057834178
15785,0.00304711051285
15786,0.0196028240025
15787,0.00918405130506
15788,0.030190249905
15790,0.00814401078969
15792,0.136053666472
15794,0.0191493667662
15795,0.0149907758459
15796,0.0207990612835
15797,0.00219487491995
15800,0.12877766788
15803,0.0130341686308
15805,0.0374792180955
15806,0.00392792839557
15807,0.0354677289724
15808,0.00750589789823
15809,0.0124648232013
15812,0.0141994468868
15814,0.0271407738328
15815,0.0258584935218
15818,0.0164067558944
15819,0.0280239339918
15821,0.0118917860091
15822,0.0065982863307
15825,0.0203316733241
15828,0.0911495089531
15829,0.152377322316
15831,0.0400518141687
15832,0.00356224668212
15833,0.0129691101611
15834,0.00931372493505
15835,0.212864875793
15836,0.010822690092
15837,0.0101645849645
15838,0.00315148872323
15839,0.0172127764672
15841,0.0240601524711
15845,0.0129589214921
15848,0.0160143822432
15851,0.0319688804448
15854,0.0129691101611
15857,0.00903936568648
15858,0.0198571830988
15859,0.0608516708016
15860,0.0141994468868
15861,0.0370396859944
15862,0.00691854953766
15863,0.0118583654985
15864,0.0145338308066
15865,0.0187552943826
15867,0.0116111934185
15869,0.0497811175883
15871,0.0166212357581
15872,0.00707715237513
15875,0.00269535696134
15876,0.0066541894339
15878,0.00973762571812
15879,0.129806265235
15880,0.175438702106
15881,0.102549418807
15883,0.235649988055
15886,0.244556412101
15888,0.00543588167056
15890,0.0141994468868
15891,0.00580012286082
15892,0.00879748910666
15894,0.151835769415
15897,0.00734185706824
15898,0.0152063556015
15899,0.0166290085763
15900,0.00932406168431
15902,0.00948811508715
15903,0.0132487788796
15904,0.00296211335808
15907,0.00367177091539
15908,0.00948811508715
15909,0.00206234119833
15911,0.0584998838603
15915,0.0510815940797
15916,0.19907592237
15917,0.0125094279647
15920,0.0437564365566
15922,0.0287805553526
15923,0.173632189631
15924,0.00680780550465
15925,0.174620240927
15926,0.150348827243
15927,0.0168823227286
15933,0.00404337793589
15938,0.0109964860603
15939,0.00337629462592
15940,0.128178700805
15941,0.038079790771
15942,0.00266372482292
15943,0.00908367615193
15944,0.0150344716385
15946,0.101928815246
15948,0.0196028240025
15952,0.0141994468868
15953,0.0172294341028
15955,0.0550631806254
15958,0.0137015674263
15960,0.0311079025269
15961,0.0156296901405
15963,0.00523657817394
15965,0.00411313539371
15970,0.00182062853128
15971,0.0240047182888
15972,0.0168568119407
15973,0.00498805055395
15974,0.0363860763609
15976,0.00244497018866
15977,0.0358916446567
15980,0.0306615550071
15981,0.00901144370437
15985,0.00754887005314
15992,0.0155618702993
15993,0.015681097284
15994,0.00835620518774
15995,0.0141877438873
15997,0.00729861389846
15999,0.00209779664874
16003,0.0268152896315
16005,0.0367920771241
16006,0.114847064018
16009,0.00776714505628
16012,0.011020604521
16015,0.0100562414154
16016,0.024536151439
16017,0.00379882194102
16018,0.0018578794552
16021,0.00349065498449
16022,0.0604081638157
16023,0.0272103175521
16024,0.0100525915623
16025,0.00731404591352
16027,0.0101844621822
16028,0.0506340563297
16035,0.0703191384673
16037,0.00256523001008
16038,0.0391575470567
16040,0.0189753472805
16041,0.0250988099724
16042,0.00737085798755
16046,0.00843135546893
16047,0.0288490280509
16049,0.00285577354953
16053,0.0185478311032
16054,0.18460907042
16055,0.0438988134265
16056,0.0104594724253
16057,0.002961427439
16058,0.0409752503037
16059,0.068292543292
16060,0.0196028240025
16064,0.00710308086127
16065,0.021124470979
16066,0.00871173013002
16067,0.149270325899
16068,0.0309282056987
16070,0.0153604866937
16072,0.00333795230836
16075,0.113850444555
16076,0.00409688521177
16077,0.00187778903637
16079,0.0731295794249
16080,0.0590819790959
16082,0.00273961923085
16085,0.180243894458
16086,0.0136032477021
16088,0.0138925174251
16091,0.0188127867877
16092,0.0348106436431
16095,0.0214719884098
16100,0.00922339502722
16101,0.00258893938735
16102,0.00275783077814
16105,0.00352297490463
16106,0.0115448758006
16108,0.00691379699856
16109,0.0517039783299
16110,0.00292720505968
16111,0.0152391511947
16113,0.0235219355673
16114,0.0205999277532
16116,0.0110783753917
16117,0.00633226661012
16124,0.0150006422773
16125,0.00139296415728
16126,0.301377564669
16128,0.00282062054612
16130,0.0402127951384
16131,0.0159551016986
16132,0.0115863811225
16133,0.00565502094105
16139,0.0187234412879
16140,0.00257214857265
16144,0.030933605507
16146,0.0196028240025
16152,0.00862092524767
16154,0.00871114525944
16155,0.217265620828
16158,0.0101311001927
16159,0.0736750662327
16160,0.0846393555403
16161,0.00978211127222
16162,0.181642189622
16164,0.00180408754386
16165,0.0639132782817
16170,0.00232217134908
16171,0.00523804361001
16172,0.298518955708
16173,0.120324291289
16175,0.0196028240025
16176,0.182065546513
16178,0.0228593051434
16179,0.0599126219749
16182,0.0180366188288
16183,0.0146517753601
16187,0.0076090702787
16189,0.00233159703203
16190,0.0127210905775
16194,0.0029332570266
16196,0.021989595145
16200,0.0303003955632
16203,0.014735202305
16204,0.0130440238863
16205,0.032158151269
16206,0.0436598844826
16207,0.00496299378574
16211,0.0721803382039
16213,0.0123625453562
16214,0.0411975122988
16215,0.0139186726883
16218,0.00507462909445
16222,0.00320570892654
16224,0.102174699306
16227,0.0185331590474
16228,0.00145621341653
16229,0.0209208205342
16230,0.0292757693678
16231,0.0282547585666
16232,0.0061134332791
16233,0.0214665886015
16234,0.0251544397324
16236,0.0200845431536
16239,0.143625333905
16242,0.00677705882117
16245,0.0195716265589
16246,0.00338945467956
16247,0.152377322316
16249,0.00810663402081
16250,0.00261162640527
16251,0.0540018454194
16253,0.0169984120876
16254,0.00301118381321
16255,0.00811564456671
16257,0.00231195869856
16259,0.00135942862835
16260,0.00639847153798
16262,0.0148458275944
16264,0.0159947611392
16265,0.00896680820733
16268,0.0054513993673
16270,0.0259285178035
16271,0.0109629780054
16273,0.0288192313164
16275,0.0792229175568
16279,0.00681127235293
16280,0.017687542364
16282,0.0209389515221
16284,0.0245233848691
16285,0.00389510416426
16286,0.101662561297
16287,0.0303488057107
16289,0.0298125483096
16291,0.0203315895051
16294,0.0285110156983
16295,0.0114147169515
16296,0.00467298040166
16300,0.0124012744054
16301,0.0148458275944
16303,0.00343290599994
16304,0.00256570475176
16305,0.0288013201207
16306,0.00605562748387
16307,0.0086314259097
16308,0.00658710021526
16313,0.003331274027
16315,0.0454252958298
16316,0.103610552847
16321,0.0325126349926
16322,0.00234403414652
16324,0.00568875716999
16326,0.183350175619
16329,0.0143397655338
16331,0.0023694219999
16332,0.191437527537
16333,0.0182912256569
16334,0.00185131747276
16335,0.0155529547483
16336,0.158443048596
16337,0.00324199162424
16338,0.00274256756529
16339,0.014981216751
16344,0.0052046328783
16345,0.00572240073234
16346,0.183093830943
16347,0.0154971927404
16348,0.0256983842701
16356,0.00927451718599
16357,0.016380392015
16358,0.00200804346241
16360,0.00261198915541
16361,0.00917670410126
16362,0.0166537053883
16364,0.0129504948854
16366,0.0016936637694
16368,0.0440821610391
16371,0.00280068861321
16374,0.0123346764594
16375,0.00971564464271
16383,0.0393819920719
16386,0.00963910855353
16390,0.00161842105445
16393,0.00223070546053
16395,0.00205207616091
16396,0.161527842283
16398,0.0169217884541
16400,0.00428641866893
16403,0.00269160280004
16405,0.00293736113235
16407,0.0138544198126
16408,0.0260687544942
16411,0.0280393101275
16415,0.036940895021
16416,0.00155057909433
16418,0.0689700916409
16419,0.158467903733
16420,0.0147120440379
16422,0.0345430001616
16424,0.0575837045908
16425,0.0129833156243
16429,0.318666160107
16430,0.0356285125017
16431,0.00257147452794
16433,0.0165611281991
16435,0.00739580625668
16437,0.00850194878876
16438,0.0145352650434
16439,0.102027796209
16443,0.0116803366691
16448,0.0117707354948
16449,0.0036343652755
16450,0.203772425652
16451,0.0124012744054
16453,0.00367872905917
16454,0.00665921857581
16457,0.00430644443259
16458,0.0222043190151
16460,0.022022370249
16461,0.0102549158037
16462,0.196613028646
16463,0.0370294302702
16468,0.180748105049
16471,0.165868967772
16472,0.0824280381203
16473,0.00237631099299
16475,0.00252454658039
16476,0.0700932219625
16477,0.00972190871835
16480,0.00229995604604
16481,0.0140377916396
16482,0.00691616768017
16484,0.00278092361987
16485,0.0141716208309
16494,0.0223014745861
16498,0.0398259833455
16501,0.0599814280868
16502,0.0085446704179
16503,0.00652983598411
16506,0.0185904037207
16508,0.0262071043253
16510,0.0129691101611
16511,0.0270818397403
16515,0.00297631998546
16518,0.00446280511096
16521,0.0267444979399
16523,0.0355648696423
16525,0.0126745235175
16527,0.00970975123346
16528,0.0155868884176
16530,0.00694344984367
16533,0.0190840065479
16535,0.19349847734
16540,0.0606492049992
16546,0.00437076529488
16548,0.00544891553
16550,0.0316680558026
16552,0.0136533416808
16553,0.0468072965741
16555,0.0048012053594
16556,0.0360567346215
16557,0.00819192267954
16558,0.0059682582505
16559,0.00490015512332
16560,0.0115678822622
16561,0.0304847955704
16564,0.00608475878835
16567,0.264119058847
16568,0.00388049520552
16569,0.00569834327325
16571,0.22134758532
16572,0.0475295968354
16576,0.00947215687484
16585,0.0566847585142
16588,0.0214045867324
16590,0.00220455601811
16592,0.0104134036228
16595,0.00416602659971
16596,0.0197720024735
16598,0.017388002947
16600,0.00410962104797
16603,0.0222348123789
16604,0.0287552867085
16608,0.00549421226606
16613,0.00222159991972
16615,0.0606492049992
16616,0.0732000246644
16617,0.209123134613
16619,0.00157433422282
16621,0.0105534214526
16623,0.0478970073164
16624,0.0729440823197
16628,0.00282917660661
16630,0.00236289692111
16634,0.0032397643663
16636,0.00971564464271
16638,0.0066831135191
16639,0.00273260101676
16640,0.0118836984038
16641,0.010496051982
16642,0.00786594487727
16643,0.157189056277
16644,0.0274869315326
16646,0.00144933827687
16647,0.00429578870535
16650,0.0039004967548
16653,0.292196959257
16654,0.0307965874672
16655,0.0230734366924
16656,0.00280840997584
16657,0.010433874093
16662,0.0045784083195
16663,0.0482855252922
16665,0.00257099047303
16666,0.00434494530782
16667,0.00241570733488
16670,0.0192483272403
16672,0.0102234622464
16677,0.00943286344409
16678,0.0023965141736
16679,0.0322907827795
16683,0.0655251592398
16687,0.0126953171566
16688,0.00263173924759
16689,0.0135895935819
16691,0.0149907758459
16693,0.162256762385
16695,0.0306018758565
16696,0.0254355631769
16698,0.0413241796196
16699,0.0200403314084
16700,0.00651165982708
16701,0.00535377580673
16702,0.0136843081564
16703,0.0393376648426
16704,0.0209521390498
16705,0.0280544646084
16707,0.00653782766312
16708,0.0238429512829
16709,0.112904943526
16711,0.272159218788
16712,0.0226739589125
16713,0.0148307643831
16714,0.0398250706494
16715,0.247208997607
16717,0.00139915314503
16718,0.00540048023686
16720,0.0220289509743
16721,0.00715488521382
16724,0.0104253068566
16728,0.00258663436398
16729,0.0185478311032
16732,0.0495915152133
16737,0.0246566031128
16743,0.00150437909178
16744,0.00995156355202
16745,0.0221122056246
16746,0.0368944332004
16747,0.0589827112854
16748,0.00940764229745
16749,0.00366984400898
16750,0.00829149223864
16751,0.00213171588257
16753,0.0399949289858
16755,0.0220985990018
16758,0.0348352789879
16759,0.0187344122678
16760,0.0072506275028
16761,0.00233950908296
16762,0.00269847502932
16764,0.00154482561629
16765,0.0218180622905
16766,0.0141994468868
16767,0.0257536843419
16769,0.0306552052498
16772,0.0120496461168
16774,0.0174417737871
16775,0.0025384100154
16777,0.0687930211425
16778,0.142393872142
16782,0.00992481037974
16785,0.00862250290811
16789,0.0162812788039
16795,0.00291508040391
16796,0.0516918078065
16797,0.0107926484197
16799,0.26053956151
16804,0.00931372493505
16811,0.0468158610165
16818,0.0361077561975
16820,0.00558664975688
16821,0.0148248989135
16822,0.00503960298374
16823,0.00130173831712
16825,0.00343014486134
16826,0.0293121170253
16827,0.00661035906523
16829,0.0198759436607
16830,0.009695767425
16831,0.0621023476124
16832,0.0268152896315
16835,0.00366635713726
16836,0.00643549533561
16839,0.0187615454197
16842,0.00711106555536
16844,0.0346641838551
16845,0.0222909338772
16847,0.0303347054869
16849,0.0641740784049
16854,0.00296769523993
16855,0.210388988256
16857,0.0265400391072
16861,0.0478837415576
16863,0.00275811296888
16864,0.00143719674088
16867,0.128259539604
16869,0.0322158224881
16872,0.0204607974738
16875,0.00205013272353
16877,0.00632462324575
16879,0.00242680776864
16880,0.0162023622543
16881,0.00279548764229
16885,0.0159395746887
16886,0.0122051136568
16887,0.0180098451674
16889,0.00590931484476
16890,0.029808299616
16891,0.104779116809
16893,0.00618373788893
16896,0.00609241472557
16898,0.0130082350224
16899,0.0146063407883
16900,0.0117020001635
16901,0.210061132908
16902,0.0233250111341
16903,0.00742852082476
16905,0.122459374368
16908,0.0104061486199
16909,0.00715513899922
16910,0.0123451678082
16911,0.020964730531
16912,0.0154300779104
16913,0.00196891184896
16914,0.00948811508715
16917,0.0109627302736
16918,0.00375758018345
16922,0.00225054705516
16924,0.149125427008
16929,0.0427432544529
16930,0.11850232631
16932,0.00313193886541
16935,0.0317406207323
16936,0.0102062607184
16937,0.0495276860893
16938,0.00819519720972
16939,0.0472511723638
16941,0.0100437980145
16942,0.119775190949
16945,0.00784576032311
16946,0.0128936758265
16947,0.00209717079997
16948,0.00848191045225
16949,0.0148288821802
16953,0.0240688547492
16959,0.0189397111535
16961,0.00735946930945
16962,0.0013485387899
16965,0.0436061769724
16966,0.049753293395
16967,0.00612443871796
16969,0.131258010864
16970,0.019231474027
16974,0.0121376411989
16976,0.0165096074343
16979,0.0129087604582
16981,0.0277882777154
16982,0.0166568998247
16984,0.0300102736801
16987,0.017616994679
16988,0.0188402608037
16991,0.0267477799207
16992,0.101941667497
16993,0.0146694425493
16996,0.0017944938736
16997,0.00270185968839
16998,0.00756515935063
16999,0.00199467549101
17000,0.0141994468868
17001,0.0147509817034
17002,0.0195339284837
17003,0.00266521377489
17004,0.00248049199581
17006,0.00900476519018
17009,0.0108147952706
17010,0.0516712218523
17016,0.0648815110326
17018,0.00289394776337
17019,0.220756232738
17021,0.00289330375381
17022,0.0155059630051
17023,0.0133943231776
17024,0.0166727062315
17026,0.064158000052
17029,0.0169518627226
17030,0.0223171897233
17031,0.0325471386313
17034,0.00234879506752
17039,0.00973474420607
17040,0.00766007322818
17044,0.013282216154
17050,0.0211622305214
17053,0.0040697529912
17055,0.0129485372454
17056,0.00403823703527
17057,0.00280856224708
17059,0.00267908163369
17068,0.00744742061943
17069,0.0154300779104
17071,0.0305154230446
17075,0.0558840297163
17080,0.00206921622157
17085,0.00316271977499
17087,0.00257106870413
17089,0.204462751746
17090,0.00247124163434
17091,0.00281414715573
17093,0.0018066422781
17094,0.00778155215085
17096,0.0516346544027
17100,0.0627525448799
17103,0.00781496427953
17104,0.015317318961
17106,0.00414871936664
17108,0.0449386797845
17109,0.00580156687647
17110,0.0196028240025
17111,0.0179863777012
17112,0.00259215780534
17119,0.0246251523495
17121,0.0124514587224
17122,0.0056764902547
17123,0.0149907758459
17124,0.00263414555229
17126,0.0230108685791
17128,0.0130838621408
17129,0.0131488749757
17131,0.00794545467943
17132,0.0318670943379
17135,0.00626002019271
17137,0.0177602730691
17139,0.0262512303889
17140,0.00287752156146
17141,0.0168752577156
17142,0.0014770453563
17144,0.0068741152063
17146,0.0196028240025
17147,0.00261312490329
17149,0.044284068048
17150,0.205255538225
17151,0.00248168059625
17156,0.00776714505628
17159,0.0176225155592
17161,0.0104351406917
17163,0.0319667942822
17164,0.0129523659125
17167,0.00942457932979
17169,0.00130634114612
17170,0.0125855645165
17175,0.0143646290526
17177,0.0196028240025
17182,0.00959664024413
17185,0.0171368271112
17187,0.0067526451312
17190,0.00478288345039
17192,0.0849490538239
17193,0.00259598484263
17194,0.00650528073311
17197,0.00304260035045
17200,0.00703845918179
17201,0.203161180019
17202,0.0157547798008
17204,0.00398460077122
17209,0.0205825213343
17212,0.0154300779104
17213,0.0129364710301
17215,0.0101505238563
17216,0.0175545420498
17217,0.00147274753544
17220,0.00536188203841
17221,0.0231908801943
17223,0.00904177036136
17224,0.0016265893355
17225,0.00879305787385
17226,0.0886201933026
17227,0.101763442159
17231,0.0262646842748
17232,0.0196028240025
17234,0.0137446019799
17235,0.00868185609579
17237,0.00501914927736
17240,0.00857091043144
17241,0.0143267987296
17242,0.0885128751397
17243,0.0548526868224
17246,0.197141736746
17247,0.019206577912
17248,0.00319483457133
17249,0.0572082474828
17251,0.00666708964854
17254,0.0268917568028
17255,0.00249414867721
17259,0.016483521089
17261,0.00273049273528
17262,0.00860287807882
17266,0.00633961893618
17267,0.00250561465509
17269,0.152377322316
17272,0.00605027750134
17276,0.303867131472
17279,0.00971564464271
17281,0.00863770768046
17289,0.00550122279674
17290,0.0103282453492
17291,0.0193499308079
17293,0.260330438614
17294,0.298518955708
17297,0.180243894458
17300,0.0249827355146
17301,0.0030056303367
17303,0.0792475789785
17304,0.00999254826456
17307,0.0391972623765
17310,0.00611718930304
17311,0.0089443475008
17313,0.00175764702726
17318,0.00448768772185
17319,0.00183180649765
17322,0.00236919987947
17324,0.00927534978837
17326,0.0409065671265
17333,0.0129050603136
17334,0.00609506014735
17335,0.00948852673173
17338,0.0014222364407
17339,0.00272642658092
17340,0.106748685241
17343,0.0251841153949
17346,0.00162550015375
17351,0.00155107071623
17353,0.00243036355823
17354,0.0220291353762
17356,0.00763843953609
17357,0.0158662628382
17359,0.00250065815635
17362,0.184294626117
17363,0.00947335548699
17367,0.047649718821
17369,0.00206921622157
17370,0.0146505832672
17371,0.129806265235
17373,0.00153712870087
17375,0.034941945225
17377,0.117548540235
17379,0.0126877231523
17380,0.0196028240025
17381,0.0125680193305
17382,0.30926579237
17383,0.0865613296628
17384,0.0416554436088
17386,0.00697000417858
17387,0.00233825063333
17388,0.030419267714
17389,0.0110296783969
17390,0.0182907767594
17391,0.00766057008877
17392,0.0220718290657
17393,0.0180472116917
17395,0.00419748527929
17396,0.00268126372248
17399,0.0567462295294
17400,0.043611753732
17401,0.00882084202021
17402,0.11988093704
17404,0.0116779375821
17408,0.0023762579076
17417,0.103242650628
17420,0.0427582189441
17421,0.00143938069232
17422,0.0103263147175
17423,0.00256052869372
17425,0.116619981825
17426,0.105519898236
17427,0.00539727695286
17428,0.0296519063413
17429,0.0384735204279
17431,0.0431607700884
17432,0.101236276329
17434,0.00150972325355
17435,0.00971564464271
17440,0.00765338074416
17443,0.188684687018
17444,0.164334267378
17446,0.211905971169
17450,0.0741321370006
17453,0.00873495731503
17454,0.176368325949
17456,0.0118854679167
17457,0.009695767425
17461,0.0126638710499
17464,0.105499126017
17465,0.0447400324047
17470,0.237997487187
17472,0.0029650523793
17473,0.0254592597485
17474,0.0800911858678
17475,0.00281771970913
17476,0.202578917146
17479,0.0194079019129
17480,0.0158963557333
17483,0.0372359417379
17485,0.00875046662986
17486,0.00292248395272
17488,0.0298372581601
17493,0.0494577549398
17501,0.00159476161934
17504,0.00626002019271
17507,0.0143008977175
17508,0.00318003399298
17511,0.00777923036367
17513,0.158441826701
17515,0.00331186526455
17516,0.0100817503408
17518,0.0159228574485
17519,0.142393872142
17520,0.00657696742564
17521,0.0421680063009
17525,0.01361791417
17527,0.0101987626404
17528,0.183093830943
17530,0.0102295475081
17532,0.0421149097383
17533,0.162350907922
17535,0.0180018227547
17536,0.0445998236537
17537,0.154873386025
17538,0.0107148857787
17539,0.036695972085
17541,0.00134697800968
17542,0.0199835468084
17544,0.0177112538368
17546,0.0113069768995
17548,0.0326801203191
17549,0.0124709000811
17551,0.00659009674564
17552,0.0103550823405
17553,0.0144927948713
17555,0.0135895935819
17556,0.0167503245175
17562,0.0321281328797
17566,0.19291998446
17567,0.0035207439214
17571,0.0141994468868
17573,0.00674416869879
17574,0.0591941326857
17576,0.00241380976513
17578,0.0123433759436
17581,0.00297216116451
17584,0.0170717258006
17586,0.00581191154197
17587,0.00284924171865
17588,0.063953615725
17590,0.00464338622987
17591,0.00246733496897
17592,0.0233747754246
17594,0.00283384160139
17595,0.0102259851992
17598,0.00563750136644
17599,0.11722637713
17601,0.00258300290443
17602,0.210154429078
17603,0.0101769901812
17605,0.0148458275944
17607,0.0100670661777
17608,0.00685908226296
17610,0.00672196084633
17611,0.00822082813829
17612,0.112737327814
17615,0.0166760925204
17617,0.285256236792
17623,0.00295087415725
17625,0.0173069704324
17627,0.00240831030533
17629,0.0016204015119
17631,0.0188502091914
17636,0.0154300779104
17637,0.00655208341777
17638,0.0271715186536
17639,0.00116271944717
17640,0.0324877463281
17642,0.0153664955869
17643,0.00455045327544
17647,0.0213485192508
17648,0.0133515233174
17654,0.0144088631496
17655,0.00222381646745
17656,0.0196028240025
17661,0.182694420218
17663,0.0448680371046
17664,0.00196517119184
17666,0.00580176757649
17667,0.220083504915
17668,0.0107596339658
17670,0.00894057005644
17672,0.0135895935819
17673,0.00820996146649
17675,0.00819192267954
17676,0.0315306037664
17679,0.0464522652328
17680,0.0039820978418
17681,0.112380750477
17682,0.00154948758427
17683,0.0555532313883
17684,0.0166386719793
17686,0.00959282554686
17687,0.00587465427816
17688,0.0267291422933
17689,0.0121106440201
17691,0.00585086503997
17692,0.192526251078
17693,0.0255321282893
17697,0.0185278989375
17701,0.00693440064788
17703,0.0150021016598
17704,0.0285533294082
17706,0.00253501371481
17707,0.0191833712161
17709,0.00137852795888
17710,0.00244497018866
17711,0.0183764919639
17712,0.0487483851612
17713,0.0048700994812
17716,0.16170746088
17718,0.113153956831
17720,0.0196028240025
17721,0.00282740290277
17723,0.00948811508715
17724,0.0318670943379
17726,0.254748374224
17730,0.00954270083457
17731,0.0172445308417
17739,0.0271431356668
17740,0.00905381795019
17742,0.212123483419
17743,0.0727765262127
17744,0.0183418206871
17746,0.0746296867728
17747,0.0185478311032
17749,0.00412629777566
17750,0.00241570733488
17752,0.0220476035029
17754,0.00191792449914
17755,0.0292178317904
17756,0.0107544073835
17757,0.0154300779104
17761,0.00399814732373
17764,0.225569710135
17765,0.0181235838681
17767,0.0173177272081
17768,0.0595362484455
17769,0.10378434509
17772,0.00973762571812
17774,0.00110503693577
17775,0.00162147346418
17778,0.0102051086724
17781,0.031942050904
17782,0.00847800914198
17786,0.00294192158617
17788,0.0291966348886
17792,0.0422179549932
17797,0.00985700637102
17798,0.00984998233616
17799,0.0347510017455
17800,0.00927399192005
17801,0.124536305666
17802,0.00827909633517
17807,0.0595912709832
17808,0.00351933087222
17809,0.0171180032194
17810,0.0216816347092
17811,0.00854749046266
17813,0.0352569110692
17815,0.0102728726342
17817,0.0110459960997
17819,0.00457829097286
17821,0.228212311864
17824,0.0205809120089
17825,0.00178927509114
17828,0.0720852166414
17830,0.0250899754465
17832,0.00508040096611
17834,0.00996364839375
17839,0.0223577972502
17845,0.050672609359
17847,0.019748903811
17853,0.00441747857258
17854,0.0653622597456
17855,0.0286235753447
17857,0.009695767425
17863,0.0237308908254
17866,0.0204659588635
17869,0.00752249080688
17872,0.0590163879097
17873,0.0355648696423
17876,0.0449233353138
17877,0.0266011077911
17887,0.00213419948705
17888,0.00287516089156
17889,0.0129523659125
17892,0.111507043242
17893,0.04077180475
17894,0.0685184523463
17895,0.00250998628326
17896,0.0196028240025
17900,0.00738520082086
17910,0.00527068041265
17911,0.00460561132059
17915,0.782479703426
17917,0.00333536742255
17919,0.00247050821781
17920,0.0165560338646
17921,0.0081085273996
17924,0.00294502428733
17925,0.012673211284
17926,0.149352759123
17927,0.161354720592
17928,0.00291508040391
17931,0.172632157803
17932,0.0108921919018
17933,0.0171388108283
17934,0.104548811913
17940,0.0205926410854
17941,0.0754752680659
17942,0.0944412127137
17949,0.0293552298099
17950,0.205337911844
17951,0.00948811508715
17952,0.0117655443028
17955,0.0198379587382
17957,0.00344679155387
17960,0.00666266400367
17961,0.00466266321018
17964,0.0181538201869
17965,0.00951372459531
17966,0.00747756520286
17969,0.00941696576774
17970,0.00630498630926
17972,0.011020604521
17980,0.0198319088668
17981,0.00454464228824
17986,0.00369063625112
17988,0.0325712300837
17989,0.0154300779104
17993,0.098620377481
17994,0.00204914575443
17995,0.00355168199167
17996,0.00467586237937
17997,0.0457826144993
17998,0.0106911100447
18000,0.0126855792478
18001,0.00284904637374
18002,0.0841860622168
18004,0.0103194946423
18007,0.0426944568753
18008,0.00259610195644
18016,0.00438759522513
18017,0.0196028240025
18018,0.0272778123617
18019,0.0027174630668
18023,0.0379878915846
18027,0.010325296782
18028,0.0323424674571
18031,0.0118402084336
18034,0.0390027910471
18035,0.0171174667776
18036,0.0127181503922
18037,0.0699855014682
18039,0.0042800125666
18040,0.0189208146185
18041,0.00609126267955
18042,0.0118402084336
18044,0.00439603300765
18045,0.145072355866
18046,0.00248168059625
18047,0.00200479244813
18048,0.00190782558639
18049,0.0161326378584
18051,0.00299186585471
18057,0.0209085959941
18059,0.0409752503037
18062,0.152603775263
18063,0.00406765658408
18064,0.00968181714416
18069,0.00266106589697
18070,0.00295039429329
18071,0.00157475320157
18074,0.0619456470013
18077,0.031025711447
18078,0.0553087480366
18081,0.0280209705234
18082,0.00256989616901
18085,0.251564651728
18090,0.0201185066253
18093,0.0145694557577
18094,0.00668169837445
18095,0.00415731780231
18096,0.00766821857542
18097,0.00896235927939
18098,0.0445303432643
18101,0.0222413241863
18102,0.153244554996
18103,0.00747315725312
18106,0.0142093421891
18108,0.00948811508715
18109,0.223735138774
18111,0.0517312549055
18113,0.0318670943379
18115,0.0148891275749
18116,0.00459210015833
18117,0.0272182580084
18118,0.00221277563833
18120,0.0123425386846
18121,0.107068754733
18124,0.162784606218
18125,0.0219025183469
18127,0.00478488346562
18130,0.0390285104513
18131,0.0111878272146
18133,0.0127072585747
18134,0.00589060783386
18135,0.00500454194844
18136,0.0120371645316
18138,0.0149907758459
18139,0.0207261946052
18141,0.0174961742014
18144,0.0867488756776
18145,0.00147362216376
18146,0.003986726515
18147,0.0129673955962
18148,0.00167077337392
18149,0.0479522682726
18152,0.00574828125536
18153,0.0159947611392
18156,0.00381917692721
18157,0.0206012222916
18158,0.139622047544
18159,0.0148021634668
18162,0.0230715498328
18164,0.0055456738919
18166,0.0260132160038
18169,0.00369206885807
18172,0.0473179370165
18174,0.0150750782341
18175,0.0103433411568
18176,0.00368105946109
18177,0.00809039268643
18178,0.00310317636468
18179,0.0366571545601
18180,0.0235704705119
18184,0.0150635847822
18186,0.0736457183957
18191,0.0465456433594
18194,0.0997265279293
18196,0.0257791317999
18197,0.00973762571812
18198,0.0196526665241
18200,0.00247163302265
18201,0.0824280381203
18207,0.00302770966664
18208,0.0808012112975
18209,0.00381427654065
18212,0.00558156566694
18213,0.0125075150281
18216,0.0280830636621
18219,0.0222656950355
18220,0.00180226285011
18222,0.0403429828584
18223,0.00237283296883
18224,0.0234982073307
18226,0.00755821028724
18227,0.0600980855525
18228,0.0137396641076
18229,0.0160610452294
18232,0.209515318274
18233,0.0146608166397
18234,0.00236889906228
18236,0.00747636938468
18239,0.0037326652091
18240,0.00213171588257
18241,0.0255321282893
18242,0.00318677374162
18244,0.00556595157832
18248,0.0169660933316
18249,0.0230734366924
18253,0.00705557921901
18254,0.0110049787909
18255,0.0187445748597
18256,0.13661955297
18262,0.00912945438176
18266,0.00267148483545
18267,0.216356471181
18270,0.0130947334692
18273,0.183093830943
18275,0.00312881101854
18276,0.00789450854063
18278,0.11464728415
18280,0.0344175249338
18286,0.0176293607801
18289,0.0196526665241
18293,0.00619576126337
18295,0.0620778687298
18297,0.00272391247563
18299,0.00344074354507
18301,0.00899698957801
18302,0.00534703349695
18303,0.00706401932985
18304,0.0309302341193
18305,0.0412683747709
18309,0.0720144286752
18311,0.00158124405425
18312,0.11110816896
18313,0.0309439543635
18316,0.00241429661401
18319,0.0265154372901
18320,0.0466097332537
18321,0.00424516154453
18322,0.00379526335746
18328,0.00366680300795
18330,0.0651084929705
18331,0.0487982183695
18334,0.0285156182945
18337,0.0124012744054
18340,0.0220985990018
18343,0.00406379671767
18344,0.0129714794457
18346,0.00613351259381
18347,0.00630843779072
18348,0.00348435621709
18349,0.023871185258
18353,0.00475980574265
18354,0.0309613905847
18355,0.00820312276483
18356,0.00555037753657
18357,0.0296434499323
18358,0.0108382506296
18359,0.0222058556974
18360,0.199474066496
18361,0.0215699709952
18362,0.0157547798008
18364,0.033170234412
18365,0.0751945227385
18366,0.0712711513042
18367,0.00259351660497
18369,0.219336524606
18372,0.057772051543
18374,0.158860042691
18378,0.00288635701872
18379,0.0145423766226
18382,0.0024042034056
18384,0.217471420765
18385,0.0511592067778
18388,0.0115932198241
18389,0.152377322316
18394,0.0634554624557
18395,0.149352759123
18396,0.0286608245224
18400,0.0330152176321
18401,0.0158185921609
18402,0.162858620286
18406,0.00830003619194
18408,0.00613623065874
18409,0.0394765995443
18411,0.0241624824703
18412,0.0179397948086
18414,0.00903103128076
18415,0.0053214575164
18416,0.0352102778852
18417,0.0341257676482
18418,0.0033936065156
18422,0.00260840402916
18423,0.0480344593525
18427,0.101299658418
18429,0.00145120348316
18430,0.017388002947
18432,0.184000685811
18433,0.0174293331802
18434,0.0559028238058
18435,0.0515069849789
18438,0.0171320419759
18439,0.00128889910411
18440,0.01051452104
18441,0.0161726772785
18442,0.00573698524386
18447,0.102683693171
18448,0.00192988710478
18452,0.244665071368
18456,0.00877580232918
18458,0.194774925709
18459,0.177764981985
18461,0.0141184842214
18463,0.0152540365234
18464,0.00393366161734
18469,0.00358600425534
18470,0.0616196244955
18471,0.0149907758459
18476,0.00262187724002
18477,0.0173213724047
18483,0.0255828890949
18484,0.0153625998646
18487,0.0391473583877
18489,0.0893805846572
18493,0.0273078698665
18494,0.0184890441597
18495,0.00931372493505
18500,0.0163838267326
18502,0.0261592697352
18505,0.0322990231216
18507,0.00985003355891
18509,0.0233658831567
18511,0.00302608101629
18515,0.0349489226937
18516,0.0795124322176
18517,0.0012950320961
18518,0.0585899353027
18520,0.0141994468868
18526,0.182203665376
18529,0.00632610684261
18530,0.0368052870035
18531,0.0168689135462
18532,0.00463647115976
18533,0.00646409625188
18535,0.0213763024658
18537,0.0192870423198
18538,0.00326350703835
18542,0.00284381955862
18543,0.0173419825733
18546,0.00235802237876
18547,0.0307153761387
18548,0.00311288423836
18549,0.00177927128971
18550,0.0167839545757
18551,0.0532251670957
18553,0.016776740551
18556,0.14003290236
18557,0.00844059325755
18559,0.0182634238154
18560,0.00574829196557
18562,0.0016537689371
18565,0.0486040785909
18566,0.00134697800968
18568,0.163589000702
18569,0.0602672547102
18570,0.0412098355591
18571,0.00285691441968
18576,0.0351464934647
18580,0.0200796257704
18584,0.00571574922651
18587,0.146949082613
18588,0.0294481217861
18591,0.00253689638339
18592,0.00673988647759
18594,0.050848223269
18595,0.0243690051138
18597,0.0643018037081
18599,0.0351869277656
18600,0.0152328265831
18602,0.00211797677912
18603,0.00285415677354
18605,0.142233908176
18609,0.0159948132932
18610,0.00829701125622
18612,0.00514013506472
18613,0.00350524531677
18615,0.00399387301877
18622,0.00708100013435
18623,0.0183140933514
18624,0.00388186844066
18625,0.0114368963987
18626,0.0198106300086
18628,0.0194973088801
18629,0.0241791252047
18630,0.017611829564
18632,0.00200313399546
18633,0.003540760139
18634,0.00442929891869
18636,0.0131561039016
18640,0.176172658801
18641,0.0448377430439
18642,0.189952686429
18645,0.0789598301053
18648,0.182023793459
18653,0.00472818268463
18654,0.00488745979965
18655,0.0334597975016
18658,0.0282467659563
18660,0.0146333305165
18668,0.0119290091097
18672,0.00366613222286
18673,0.0246351044625
18674,0.0292482059449
18676,0.00190055102576
18678,0.0400182045996
18679,0.00697305053473
18680,0.0244599748403
18681,0.00281110871583
18682,0.0960653498769
18683,0.0028197017964
18684,0.00715734483674
18686,0.023708101362
18689,0.0499299354851
18691,0.00158966088202
18694,0.0096852472052
18696,0.00671232072636
18698,0.049703348428
18700,0.0165611281991
18702,0.0313670039177
18704,0.133614942431
18705,0.0176009666175
18706,0.0165540613234
18707,0.0858915448189
18713,0.0160375796258
18714,0.0292380731553
18717,0.0568818971515
18718,0.0183643419296
18719,0.0226812046021
18720,0.0136553319171
18722,0.0345649123192
18723,0.0213554389775
18728,0.0205162186176
18729,0.0408417098224
18730,0.0031606531702
18734,0.0524712949991
18736,0.00245574233122
18738,0.0308754108846
18739,0.0169146209955
18740,0.0268939975649
18741,0.0181817915291
18742,0.0659668147564
18746,0.0344106517732
18748,0.00138235767372
18749,0.0262512303889
18750,0.0411997921765
18751,0.00138863699976
18752,0.00174169486854
18753,0.0351107120514
18758,0.0123839825392
18759,0.00613748421893
18761,0.0963471084833
18763,0.140055298805
18766,0.0529882833362
18767,0.00351008703001
18768,0.0422478877008
18769,0.0107508823276
18770,0.0490404143929
18772,0.0186483636498
18776,0.0132659263909
18778,0.0034400827717
18783,0.0432784557343
18785,0.015525707975
18791,0.0259106680751
18792,0.0688635408878
18793,0.0323525033891
18795,0.00292273820378
18798,0.0313697122037
18800,0.0171965155751
18802,0.0292178317904
18803,0.0322334133089
18804,0.00239212368615
18805,0.00722208246589
18806,0.0271238908172
18807,0.193173915148
18810,0.0210257284343
18813,0.00282214046456
18826,0.00837055686861
18834,0.0157967358828
18838,0.089843839407
18839,0.291933655739
18841,0.00326650077477
18842,0.0143840461969
18843,0.00227176095359
18845,0.00929400511086
18846,0.00266106589697
18850,0.00269520725124
18854,0.131618320942
18855,0.0243408959359
18856,0.0520764142275
18858,0.00931372493505
18859,0.0196273196489
18860,0.00582931702957
18862,0.0034754301887
18865,0.0102880047634
18867,0.01146528963
18869,0.0104212043807
18870,0.175701379776
18871,0.003634841647
18873,0.00237864512019
18874,0.013983448036
18883,0.0264285858721
18887,0.00317367981188
18888,0.0196028240025
18889,0.0428775399923
18890,0.0184820368886
18892,0.0360383503139
18893,0.00948811508715
18894,0.0077323843725
18895,0.0393390879035
18897,0.0355314947665
18899,0.00359552563168
18900,0.00932539161295
18902,0.0200882423669
18904,0.206414684653
18905,0.0171893686056
18906,0.0895379260182
18907,0.0144243314862
18908,0.00465438328683
18910,0.103495106101
18913,0.0123076010495
18916,0.00649662641808
18917,0.00338807282969
18918,0.14085495472
18920,0.0163806527853
18922,0.0325714163482
18923,0.0656921863556
18925,0.0520669668913
18927,0.00343024777249
18928,0.00196891184896
18929,0.00897072348744
18930,0.00337784481235
18934,0.0581569112837
18935,0.110298745334
18937,0.0329017192125
18938,0.0239110514522
18940,0.00142107880674
18942,0.159745484591
18943,0.268862426281
18954,0.0196028240025
18956,0.00971564464271
18957,0.106961533427
18959,0.0338188409805
18961,0.191384077072
18963,0.0244779344648
18964,0.0731397941709
18965,0.0148369511589
18966,0.180871874094
18968,0.0222132448107
18970,0.00232253712602
18971,0.00275459093973
18973,0.00275783077814
18976,0.0719349458814
18979,0.00308940862305
18980,0.00107499270234
18981,0.0472370944917
18984,0.0715928301215
18985,0.0109085608274
18988,0.00399720529094
18989,0.00322281057015
18990,0.0270331706852
18991,0.0363164804876
18994,0.0093178441748
18996,0.10131303221
18999,0.00874239578843
19000,0.00411149486899
19002,0.00404420727864
19006,0.00355635466985
19007,0.00245711300522
19008,0.00249414867721
19014,0.0798714011908
19016,0.0233282539994
19017,0.0366810970008
19019,0.00245230924338
19025,0.00403424398974
19030,0.02277655527
19031,0.0413337126374
19032,0.0409890078008
19033,0.00204098364338
19034,0.00213777995668
19037,0.00592879764736
19038,0.0325166918337
19040,0.0196028240025
19044,0.116929717362
19046,0.00958158727735
19047,0.0196028240025
19050,0.00344160827808
19051,0.00324362865649
19052,0.0281758289784
19053,0.0044394498691
19054,0.00507814530283
19056,0.01734543778
19057,0.00370263610967
19059,0.0382399298251
19060,0.00362972472794
19062,0.00257980939932
19070,0.00627898238599
19071,0.0283635035157
19072,0.0125207137316
19073,0.0510937608778
19074,0.0153795732185
19075,0.0375301279128
19081,0.00380207318813
19082,0.00685068452731
19086,0.0015646032989
19087,0.00593693647534
19090,0.0401807203889
19091,0.00315832695924
19095,0.0169807877392
19098,0.0253931451589
19099,0.00405233772472
19100,0.0277882777154
19101,0.0402247160673
19103,0.0888670757413
19104,0.0196028240025
19105,0.0537648238242
19107,0.00820312276483
19108,0.0292099509388
19109,0.0162740256637
19112,0.00338953221217
19113,0.00641996134073
19114,0.00776714505628
19117,0.00488576013595
19118,0.0195744540542
19122,0.0440821610391
19124,0.00278908782639
19127,0.0100154280663
19130,0.0111242784187
19132,0.203772425652
19133,0.0183665044606
19136,0.0119891045615
19140,0.0396213531494
19144,0.202378168702
19145,0.00355152855627
19146,0.0141994468868
19147,0.00330981984735
19150,0.0170357804745
19151,0.0882185921073
19152,0.0184747502208
19154,0.0813335999846
19155,0.0173419825733
19156,0.0211490876973
19163,0.00952773541212
19166,0.0212543830276
19170,0.0866981372237
19173,0.0030958079733
19174,0.0613762550056
19175,0.201094016433
19176,0.0141994468868
19178,0.00787878222764
19179,0.0756094828248
19182,0.00987011101097
19184,0.041872587055
19186,0.0254548676312
19188,0.00560310808942
19189,0.00275359698571
19191,0.0298658870161
19192,0.00620205048472
19194,0.00294241239317
19196,0.0390664488077
19198,0.0566176623106
19199,0.00414795102552
19200,0.00255169626325
19206,0.154896631837
19207,0.0383262373507
19208,0.00244937161915
19209,0.0212649963796
19218,0.016934921965
19219,0.00340346619487
19223,0.00165599840693
19229,0.0526577606797
19230,0.0367920771241
19231,0.142685696483
19234,0.0136626036838
19239,0.0229428242892
19240,0.0152551811188
19242,0.00372263719328
19243,0.0173886623234
19248,0.00301948771812
19249,0.0591603219509
19250,0.0219144504517
19252,0.00216127373278
19253,0.00793640594929
19255,0.0076559279114
19258,0.00374814914539
19260,0.0196028240025
19261,0.00244887755252
19262,0.0115079535171
19263,0.0126811722293
19266,0.00401460193098
19268,0.0123556191102
19273,0.00287239532918
19278,0.0219816993922
19279,0.101316526532
19280,0.00354971643537
19283,0.0192740764469
19284,0.00133696803823
19288,0.00272373505868
19289,0.025875704363
19290,0.0095079112798
19294,0.0577706880867
19295,0.00558181433007
19296,0.00323778786696
19297,0.0257552769035
19298,0.0179540142417
19302,0.00729888305068
19303,0.00661908788607
19304,0.0197087023407
19307,0.00989148113877
19310,0.0105492891744
19312,0.0127276498824
19316,0.0221371501684
19321,0.0185080412775
19322,0.0173419825733
19323,0.015562703833
19324,0.00251860520802
19325,0.0106927696615
19329,0.00508871302009
19330,0.0393584743142
19331,0.0023172958754
19334,0.0366792716086
19336,0.0013822944602
19340,0.17385391891
19342,0.149352759123
19343,0.00257099047303
19346,0.0204301290214
19347,0.0322990231216
19348,0.129806265235
19349,0.0836074352264
19354,0.00235024350695
19355,0.0203674342483
19356,0.010770490393
19358,0.125867694616
19359,0.0762589499354
19362,0.0115053551272
19363,0.0187344122678
19365,0.00537468632683
19369,0.0155552700162
19370,0.111336492002
19371,0.00252194120549
19372,0.00289541482925
19375,0.0198364555836
19376,0.0238451100886
19379,0.00557931698859
19381,0.00617941422388
19383,0.00942744594067
19386,0.0246737934649
19389,0.00621904060245
19391,0.0272182580084
19392,0.00389318913221
19393,0.0892161801457
19394,0.00615344708785
19396,0.00684022577479
19397,0.0138901211321
19398,0.236939176917
19399,0.00276850396767
19400,0.00722625758499
19401,0.00552731147036
19402,0.0232672896236
19404,0.016102405265
19405,0.063953615725
19406,0.00269944127649
19408,0.0805435106158
19409,0.00294180843048
19413,0.0830746367574
19414,0.224088102579
19415,0.0152279986069
19417,0.0135950166732
19418,0.00942652951926
19419,0.0131636653095
19422,0.00230396189727
19424,0.00696115475148
19425,0.00816759373993
19426,0.00258910586126
19431,0.00952290836722
19433,0.0188402608037
19434,0.0367920771241
19435,0.0341996215284
19437,0.00338512472808
19438,0.0141994468868
19442,0.0541797019541
19443,0.0333545170724
19445,0.0184465441853
19448,0.00630175741389
19449,0.00356506579556
19450,0.0254055634141
19451,0.00152777519543
19456,0.130667671561
19457,0.0036160510499
19458,0.0112008852884
19460,0.0146603826433
19462,0.00594757823274
19463,0.158768460155
19464,0.00142931181472
19466,0.01273830235
19467,0.0369246378541
19468,0.0374597534537
19473,0.00206389627419
19477,0.0254055634141
19478,0.00971553381532
19484,0.109462857246
19490,0.00865915417671
19492,0.0325312167406
19497,0.0554877929389
19499,0.0219680331647
19500,0.00144862360321
19501,0.00400640210137
19504,0.00480456091464
19508,0.00390474195592
19513,0.00574750173837
19516,0.108803920448
19517,0.0103715574369
19519,0.00290522747673
19521,0.00199633161537
19522,0.0103730456904
19524,0.123001530766
19525,0.00191752554383
19526,0.0284394174814
19527,0.024736424908
19534,0.00262939464301
19535,0.171088069677
19538,0.00281952344812
19540,0.0125035746023
19542,0.00587588269264
19543,0.0110925100744
19544,0.207623705268
19546,0.00807003397495
19548,0.062163002789
19549,0.00828413944691
19552,0.231425091624
19553,0.13211171329
19554,0.0166622586548
19556,0.00287542352453
19559,0.261859208345
19560,0.0277289468795
19564,0.0179364681244
19565,0.0395296700299
19568,0.0177067741752
19569,0.0235381498933
19570,0.150348827243
19571,0.223078966141
19573,0.0155761139467
19575,0.00631837220863
19576,0.0147276110947
19578,0.011147656478
19579,0.0104758795351
19580,0.16394867003
19582,0.0865196213126
19586,0.015674136579
19587,0.148110643029
19590,0.0233718268573
19591,0.00140001752879
19592,0.0204050075263
19594,0.00530195515603
19596,0.00903359614313
19597,0.0466590225697
19598,0.0561008229852
19599,0.00121605955064
19600,0.0691194459796
19602,0.00632954295725
19603,0.218575105071
19604,0.08384668082
19607,0.0404621325433
19608,0.0291062835604
19612,0.066109970212
19613,0.107700526714
19614,0.0322681553662
19616,0.0254055634141
19618,0.0196028240025
19621,0.00192517461255
19622,0.00330934650265
19623,0.0076794126071
19624,0.00270035816357
19625,0.0108568947762
19626,0.0486450940371
19628,0.00860276445746
19631,0.00183180649765
19635,0.0027220803313
19636,0.0204621683806
19637,0.0462897755206
19638,0.00399559224024
19639,0.00504414085299
19641,0.0196028240025
19642,0.0646697953343
19643,0.163348719478
19646,0.157922491431
19647,0.00889837555587
19648,0.0212028902024
19649,0.0294747501612
19650,0.0254567246884
19652,0.00973656866699
19653,0.00287752156146
19657,0.0157403964549
19659,0.0732679218054
19661,0.00259578973055
19667,0.0113653140143
19669,0.279071509838
19671,0.018910298124
19673,0.146135479212
19677,0.0158022008836
19678,0.0108786737546
19681,0.0575136207044
19683,0.00510448776186
19684,0.0250691697001
19686,0.0913999080658
19687,0.036942537874
19693,0.0817067474127
19694,0.0100237382576
19695,0.00544776348397
19696,0.0299470927566
19697,0.00708364183083
19698,0.0318670943379
19699,0.010765645653
19701,0.0307153761387
19703,0.0061134332791
19704,0.0619178749621
19705,0.12265920639
19707,0.0124012744054
19708,0.0110005466267
19711,0.013178601861
19713,0.0185478311032
19714,0.118738755584
19718,0.00752020580694
19724,0.00741848209873
19725,0.00667690858245
19728,0.0100723654032
19729,0.0134758101776
19730,0.00254814652726
19734,0.0172581039369
19735,0.00229735556059
19736,0.0038764514029
19739,0.0800204649568
19740,0.0976582616568
19741,0.0196028240025
19742,0.0106323231012
19744,0.0392646342516
19745,0.018267672509
19746,0.0171546749771
19748,0.00698771001771
19750,0.0285386033356
19752,0.0088305529207
19754,0.23087516427
19756,0.00145785976201
19758,0.00639104563743
19759,0.034301739186
19760,0.0557146444917
19762,0.0199118535966
19764,0.00861212797463
19765,0.00962338037789
19768,0.0775856748223
19772,0.00220079463907
19773,0.00895577203482
19774,0.00219487491995
19775,0.00745851825923
19776,0.00371303781867
19778,0.00148258975241
19782,0.0543854981661
19783,0.00571875227615
19785,0.00930388830602
19787,0.00813602562994
19788,0.00542239984497
19791,0.00472509395331
19792,0.00735514704138
19794,0.00629385514185
19798,0.00748319784179
19801,0.0303948149085
19803,0.3224183321
19806,0.00386894424446
19807,0.0150002203882
19810,0.00222971965559
19812,0.0583206042647
19817,0.0198759436607
19819,0.0196028240025
19824,0.0224142167717
19825,0.00983549654484
19826,0.0351673774421
19827,0.0135541846976
19828,0.0381808057427
19832,0.00238652457483
19836,0.018976515159
19839,0.00718172825873
19842,0.12920434773
19844,0.00472718663514
19845,0.0416291728616
19848,0.0483891554177
19849,0.0781957581639
19851,0.0122769409791
19853,0.00948811508715
19854,0.0145125584677
19855,0.039951376617
19860,0.0242011230439
19862,0.00134672655258
19865,0.035161934793
19867,0.00558936037123
19868,0.00278566172346
19869,0.0495468899608
19870,0.0202570185065
19871,0.00552600156516
19873,0.0127019360662
19874,0.00249575055204
19875,0.0464186742902
19876,0.00273216562346
19877,0.0119433710352
19880,0.00736830476671
19881,0.0138729140162
19886,0.0222151037306
19887,0.0189419779927
19892,0.00566433509812
19893,0.184669673443
19894,0.00326775223948
19896,0.0024869365152
19898,0.00243957061321
19899,0.0191434565932
19901,0.00900505390018
19902,0.025621637702
19903,0.0762129947543
19904,0.0409754477441
19906,0.165684968233
19911,0.0150511367247
19913,0.0168760176748
19919,0.0148043613881
19921,0.072331994772
19926,0.00159729563165
19929,0.0579186975956
19930,0.0165202505887
19939,0.0190693009645
19940,0.00686051556841
19945,0.0344274267554
19947,0.0311497468501
19949,0.182393267751
19951,0.0495989136398
19964,0.0212089251727
19965,0.00366861675866
19967,0.015396934934
19968,0.0558801405132
19969,0.013167258352
19970,0.0200942028314
19971,0.00135352986399
19972,0.00296870688908
19974,0.0139162773266
19975,0.00776008050889
19976,0.0170010253787
19982,0.0310240462422
19983,0.00245339307003
19985,0.00973656866699
19989,0.00256908102892
19990,0.220751449466
19992,0.00948811508715
19995,0.109325170517
19997,0.012408121489
19998,0.00851870980114
19999,0.0196332801133
20000,0.00627126311883
20001,0.0414689444005
20002,0.00257078232244
20003,0.0045220865868
20007,0.00247893971391
20009,0.00552550842986
20011,0.0027067027986
20013,0.152377322316
20014,0.010196601972
20017,0.0141049446538
20018,0.00939976237714
20020,0.0279026608914
20022,0.00411298498511
20026,0.0254055634141
20028,0.00786594487727
20029,0.210154429078
20031,0.0041800304316
20032,0.0497811175883
20034,0.00985923223197
20038,0.00253096572123
20041,0.0119548616931
20043,0.0125742349774
20045,0.0089323008433
20047,0.0933969691396
20051,0.0103433066979
20054,0.011334088631
20056,0.0207741502672
20058,0.164333090186
20059,0.0057708141394
20061,0.00949303712696
20062,0.016985444352
20065,0.0380710288882
20066,0.00689666951075
20067,0.0102629195899
20068,0.0324712730944
20073,0.0224576704204
20075,0.00406940514222
20076,0.108062572777
20079,0.0108522968367
20080,0.218215063214
20082,0.217265620828
20083,0.202209681273
20085,0.0196462552994
20089,0.0245493203402
20090,0.00189588661306
20092,0.10755545646
20098,0.0721803382039
20102,0.00804190523922
20104,0.00474051153287
20107,0.0220724213868
20108,0.0231769979
20109,0.0111217452213
20110,0.25952231884
20113,0.00929795205593
20114,0.165857955813
20120,0.00460675964132
20122,0.00821134354919
20123,0.021362317726
20126,0.00531924236566
20130,0.0185071751475
20131,0.00755410594866
20136,0.009695767425
20137,0.0403234735131
20138,0.010770490393
20140,0.0133891701698
20142,0.00418660324067
20143,0.0318670943379
20144,0.28500020504
20145,0.00142213015351
20146,0.0436227247119
20147,0.0317656174302
20149,0.0495470725
20152,0.0336269773543
20153,0.0346976406872
20155,0.0102051086724
20156,0.18306428194
20157,0.00766007322818
20158,0.00295162061229
20167,0.0177670959383
20168,0.208753362298
20170,0.110691532493
20171,0.0899749100208
20172,0.0437870435417
20173,0.00491585815325
20175,0.0189535152167
20176,0.0235857889056
20183,0.0730836316943
20185,0.0939385443926
20188,0.00225931080058
20189,0.162858620286
20190,0.0240489970893
20191,0.182862743735
20192,0.0128401909024
20199,0.002752014203
20201,0.00385876768269
20202,0.017263289541
20205,0.022796170786
20206,0.0122282234952
20209,0.0238185245544
20211,0.0171489436179
20214,0.0616196244955
20216,0.00602086447179
20218,0.229039043188
20222,0.171088069677
20223,0.00737177254632
20225,0.00726251676679
20227,0.00590575579554
20228,0.135746479034
20230,0.0330152176321
20233,0.0292830597609
20235,0.182862743735
20236,0.178819745779
20239,0.00610088324174
20242,0.0315825641155
20243,0.206335544586
20246,0.00564156612381
20247,0.00709107145667
20248,0.0145694557577
20250,0.0133690349758
20252,0.0227969102561
20254,0.00222666654736
20255,0.0144243314862
20256,0.0106551749632
20258,0.021625675261
20259,0.0194231681526
20261,0.00754031864926
20265,0.0148547990248
20266,0.00935258064419
20268,0.0102484272793
20269,0.0118666430935
20272,0.00260277185589
20273,0.0382237285376
20274,0.080026678741
20275,0.0049780071713
20276,0.0209481082857
20280,0.0159947611392
20281,0.00628002081066
20282,0.00287934718654
20285,0.118802033365
20287,0.0248459521681
20291,0.0345430001616
20292,0.00248830905184
20299,0.0163350254297
20300,0.0370933711529
20301,0.00161670078523
20302,0.0373540557921
20305,0.0346034094691
20307,0.0110115455464
20308,0.00451003247872
20310,0.0141994468868
20311,0.065008059144
20315,0.0233853757381
20319,0.0211439002305
20322,0.0118758389726
20326,0.0173505172133
20327,0.0018684869865
20328,0.00373778468929
20329,0.0054093953222
20330,0.010255496949
20332,0.0335534736514
20336,0.0140531240031
20342,0.0630239769816
20344,0.0222620721906
20345,0.104779116809
20347,0.0146516039968
20350,0.0318269692361
20351,0.00594816170633
20352,0.00369681301527
20354,0.0113650672138
20355,0.00813520606607
20356,0.0397153832018
20361,0.010146102868
20362,0.0224060304463
20363,0.0128636276349
20364,0.0485871769488
20368,0.00480702100322
20382,0.04632075876
20385,0.0341088138521
20387,0.00776714505628
20388,0.199132546782
20389,0.0349903032184
20390,0.00221458403394
20394,0.00394907966256
20396,0.00137400662061
20397,0.00948811508715
20400,0.00839632656425
20404,0.00851382222027
20405,0.00890327617526
20406,0.00732672726735
20407,0.0279215835035
20413,0.00142254179809
20415,0.00295039429329
20417,0.00815133191645
20418,0.00586947984993
20419,0.158768460155
20420,0.0455686971545
20421,0.00477350968868
20422,0.0487413555384
20425,0.0104372818023
20426,0.00244797859341
20428,0.0931245461106
20430,0.125160142779
20432,0.00652405386791
20434,0.00734414020553
20435,0.0146494554356
20436,0.00673324102536
20437,0.0196028240025
20439,0.0138480048627
20442,0.00973656866699
20445,0.00191778934095
20447,0.00831111613661
20448,0.0119534023106
20460,0.0148071162403
20461,0.00288494373672
20462,0.00276671163738
20464,0.00504049519077
20466,0.00256563280709
20469,0.00318750366569
20471,0.0356209538877
20473,0.00963910855353
20475,0.057274453342
20478,0.0328991934657
20479,0.0115264216438
20481,0.0196659453213
20482,0.0182881392539
20485,0.0116872629151
20486,0.012398227118
20488,0.0307201202959
20489,0.00250440882519
20492,0.00590506708249
20493,0.00785762816668
20494,0.00172626099084
20495,0.0064604007639
20496,0.00231113703921
20501,0.0281597916037
20504,0.238555639982
20506,0.0515921860933
20507,0.0802704170346
20509,0.020881831646
20512,0.0056033609435
20513,0.036023106426
20514,0.0219395700842
20515,0.011222734116
20517,0.00175764702726
20518,0.207083895802
20519,0.0143091464415
20523,0.00344097404741
20525,0.0101047148928
20526,0.00817460380495
20528,0.0263628978282
20531,0.00447148643434
20536,0.0362638197839
20540,0.00415050052106
20541,0.00673049828038
20544,0.00346395839006
20545,0.0177066493779
20546,0.0131747638807
20548,0.0118423793465
20553,0.00512626487762
20555,0.00233359565027
20558,0.0318670943379
20559,0.0255321282893
20561,0.00546320620924
20562,0.0175443477929
20564,0.0014779092744
20565,0.00724631128833
20568,0.0145694557577
20569,0.0142377037555
20570,0.00916486233473
20572,0.0092740226537
20573,0.226526424289
20575,0.0312001090497
20576,0.0226107314229
20580,0.00308060087264
20582,0.0084336521104
20584,0.0047803693451
20588,0.00796109065413
20590,0.0082273427397
20593,0.00371345551684
20594,0.0020304324571
20595,0.00481823738664
20596,0.00486906431615
20597,0.0073199365288
20602,0.0254055634141
20603,0.00931372493505
20604,0.168517962098
20605,0.00862865988165
20606,0.00830631423742
20607,0.0375388003886
20608,0.0141994468868
20610,0.0032508764416
20612,0.00392763176933
20613,0.0281612221152
20620,0.0181237794459
20622,0.0838432759047
20626,0.00256754085422
20627,0.00215268880129
20628,0.00211996305734
20629,0.0121893724427
20633,0.229911342263
20635,0.0294322818518
20637,0.0604201517999
20638,0.0220693442971
20639,0.00638218829408
20641,0.0224549286067
20643,0.00187959708273
20644,0.0142663558945
20645,0.109392248094
20649,0.00318576022983
20651,0.014810288325
20654,0.00627292785794
20657,0.0353198461235
20658,0.0029947871808
20659,0.0250289533287
20660,0.0166338831186
20662,0.0515434704721
20664,0.0385618172586
20665,0.00442268652841
20668,0.125144615769
20669,0.159745484591
20670,0.0256704743952
20671,0.00242270645685
20672,0.00301750912331
20674,0.00173002528027
20675,0.00465957727283
20677,0.0471325740218
20679,0.0520385541022
20680,0.0169653687626
20681,0.00266285706311
20682,0.0416133739054
20683,0.034443795681
20685,0.0250971019268
20686,0.010770490393
20687,0.0141715602949
20688,0.0639581158757
20691,0.0470489002764
20693,0.00141521613114
20694,0.0262646842748
20696,0.00462215440348
20698,0.0151140876114
20699,0.182694420218
20702,0.0028412961401
20704,0.00760053424165
20705,0.0198759436607
20706,0.0144705343992
20709,0.00273045920767
20710,0.102630957961
20712,0.00344768119976
20713,0.21714143455
20714,0.0154664488509
20715,0.0107953362167
20716,0.0171632058918
20718,0.0113777937368
20719,0.00967612210661
20721,0.0155055839568
20722,0.0236019864678
20725,0.0357141755521
20727,0.0103532588109
20728,0.009695767425
20729,0.0353367477655
20732,0.0324667319655
20734,0.00887583848089
20735,0.179096341133
20736,0.00360314082354
20740,0.21250487864
20742,0.0108063565567
20745,0.00931890960783
20747,0.0285373181105
20748,0.200527966022
20749,0.0132449837402
20751,0.00837171263993
20752,0.00602086447179
20754,0.0440665520728
20757,0.0618633516133
20759,0.0236565843225
20761,0.0963153094053
20764,0.0105703389272
20767,0.0133332507685
20768,0.0126872276887
20770,0.00867069233209
20772,0.10881190002
20773,0.0596873536706
20774,0.0434287972748
20775,0.0307153761387
20779,0.0437213145196
20781,0.00615133019164
20783,0.0124235982075
20784,0.00382047449239
20785,0.00520058814436
20789,0.0444038845599
20791,0.00891713425517
20794,0.143906235695
20796,0.117694728076
20798,0.0774554684758
20801,0.00284904637374
20802,0.0358041599393
20803,0.0168863907456
20804,0.00932539161295
20805,0.00195282278582
20806,0.0141994468868
20807,0.209515318274
20816,0.01585191302
20819,0.00235821306705
20822,0.0260352436453
20825,0.0587745010853
20827,0.0341775938869
20828,0.00338314333931
20829,0.157418474555
20832,0.0100415134802
20834,0.0732775107026
20838,0.0129669867456
20842,0.017357584089
20844,0.171088933945
20845,0.0495730116963
20848,0.00288874167018
20849,0.017424531281
20852,0.032989423722
20854,0.0340284183621
20857,0.0479734428227
20860,0.158441826701
20863,0.0207448285073
20864,0.1846485883
20865,0.0144299389794
20867,0.00395498657599
20868,0.00328081171028
20870,0.0107175083831
20872,0.0152994347736
20873,0.0218496210873
20874,0.0118942232803
20875,0.0102051086724
20876,0.0214212425053
20879,0.0727628618479
20880,0.0331419184804
20882,0.0031939886976
20883,0.0623368732631
20886,0.185796439648
20887,0.00238709128462
20888,0.0136786792427
20889,0.00588683690876
20892,0.0148458275944
20893,0.0405763089657
20894,0.00789097230881
20897,0.0154300779104
20899,0.0255321282893
20900,0.00260874885134
20901,0.0355637148023
20902,0.00963910855353
20903,0.0824894830585
20906,0.0033664254006
20907,0.0318670943379
20910,0.00350236985832
20911,0.0388646125793
20912,0.0121487323195
20916,0.0389424264431
20919,0.132800132036
20921,0.0187746156007
20925,0.00918489787728
20926,0.0391575470567
20927,0.0219680331647
20929,0.0109681496397
20932,0.0186593271792
20935,0.0578035712242
20939,0.0127695826814
20942,0.0160272978246
20943,0.193644866347
20944,0.0254592597485
20947,0.00948811508715
20952,0.0310393348336
20953,0.0311066452414
20957,0.0148891275749
20959,0.0103075560182
20960,0.0115637779236
20962,0.0111178541556
20964,0.0433448925614
20972,0.00316932471469
20974,0.0541906617582
20977,0.00967612210661
20980,0.015906309709
20983,0.0067251836881
20984,0.0290005169809
20986,0.00944634154439
20987,0.00271336175501
20988,0.00244752923027
20989,0.00569378957152
20993,0.00267413258553
20995,0.0786679014564
20996,0.0151948137209
20997,0.00613351259381
20998,0.00124484032858
21000,0.0317267812788
21001,0.0180124640465
21002,0.00766371330246
21003,0.0220142714679
21004,0.0579357556999
21008,0.00537429889664
21010,0.00888102408499
21011,0.0780725032091
21013,0.00907406304032
21018,0.0029809421394
21021,0.040009137243
21024,0.0206469278783
21026,0.0214218329638
21028,0.0678776353598
21032,0.0166336093098
21035,0.0262512303889
21036,0.116501167417
21038,0.00676990160719
21039,0.00817459262908
21041,0.00825690664351
21044,0.00257070781663
21045,0.00268092565238
21046,0.0230533350259
21047,0.18798814714
21048,0.118835158646
21052,0.0182421132922
21054,0.00380883389153
21057,0.00237864512019
21061,0.0207099989057
21063,0.0182591658086
21064,0.0706701874733
21065,0.010283946991
21066,0.211862429976
21067,0.00776278413832
21070,0.00220656441525
21072,0.0305334553123
21074,0.164195463061
21075,0.0129553414881
21076,0.0124012744054
21077,0.00858792569488
21078,0.034046087414
21079,0.149125427008
21080,0.0124421045184
21082,0.0120281856507
21084,0.00896235927939
21085,0.0107472259551
21090,0.0708094909787
21094,0.00265928334557
21096,0.104082331061
21098,0.201782524586
21100,0.0290923938155
21103,0.0048041776754
21104,0.0101295607165
21106,0.002606427297
21108,0.00256256316788
21109,0.00370827270672
21111,0.0230095982552
21113,0.00423521175981
21118,0.00243027228862
21120,0.0138886449859
21121,0.0223178248852
21122,0.0106927696615
21125,0.00126295292284
21127,0.0145501550287
21129,0.00948811508715
21131,0.0299516431987
21136,0.0831830352545
21139,0.00387081038207
21141,0.00349800591357
21143,0.0159947611392
21144,0.0374892689288
21145,0.0154300779104
21146,0.00838544778526
21148,0.00438108434901
21149,0.00342349102721
21151,0.0111957117915
21152,0.00139460223727
21153,0.0159947611392
21156,0.00803762301803
21158,0.0578039474785
21160,0.00312976003624
21162,0.235658094287
21164,0.0177596081048
21165,0.0409752503037
21167,0.0552106685936
21169,0.035537481308
21171,0.00334192207083
21173,0.0517464876175
21174,0.242407009006
21175,0.036530341953
21176,0.00358016649261
21177,0.0455195829272
21178,0.010388947092
21179,0.0174449943006
21181,0.227313145995
21185,0.0117581011727
21186,0.011227752082
21187,0.242018252611
21188,0.0176057834178
21191,0.0139792347327
21192,0.0162427183241
21193,0.0153006985784
21194,0.0475019328296
21197,0.0012475050753
21198,0.00521123921499
21199,0.0300096143037
21204,0.0023965141736
21205,0.17963925004
21206,0.0421969406307
21210,0.0118864700198
21214,0.021777138114
21218,0.439511537552
21219,0.00863785110414
21223,0.00348681397736
21224,0.0118402084336
21225,0.0306433793157
21227,0.010512297973
21229,0.0565427318215
21234,0.0286432821304
21235,0.00588156748563
21240,0.0260495655239
21246,0.0368944332004
21248,0.0227013919502
21251,0.010722768493
21252,0.00438494654372
21253,0.0196028240025
21255,0.0452591814101
21257,0.0262824501842
21259,0.0121710533276
21260,0.0688000842929
21265,0.0208656899631
21267,0.0107582593337
21268,0.00147785781883
21271,0.0320855826139
21272,0.266447126865
21275,0.00456459494308
21283,0.014726835303
21284,0.00237983814441
21285,0.0166126880795
21286,0.0455195829272
21287,0.00323989847675
21288,0.00243387604132
21289,0.004984525498
21290,0.0120060890913
21291,0.0155396414921
21296,0.106638409197
21297,0.0883466526866
21300,0.0157567914575
21301,0.00852385535836
21303,0.0180079396814
21305,0.0124405520037
21307,0.00873729400337
21309,0.100544042885
21311,0.0105602396652
21316,0.0146241337061
21317,0.00951894279569
21319,0.0417917110026
21322,0.00835587736219
21325,0.0157547798008
21326,0.0118644796312
21327,0.0068204686977
21328,0.216985374689
21329,0.0288008544594
21330,0.0255321282893
21331,0.239220350981
21334,0.00308925006539
21337,0.0121530191973
21339,0.0109040550888
21340,0.0222703572363
21342,0.0236291382462
21345,0.0206046048552
21347,0.00683844788
21349,0.0023577734828
21350,0.00645361607894
21352,0.00289119849913
21355,0.009695767425
21356,0.00916371494532
21357,0.0203960351646
21363,0.0143397655338
21364,0.0211490876973
21366,0.015674136579
21367,0.0135528445244
21369,0.0061454679817
21370,0.00232149334624
21375,0.0840098261833
21378,0.00278020440601
21379,0.00368526065722
21380,0.00626750849187
21381,0.00679021468386
21383,0.152214303613
21385,0.0036867915187
21386,0.00611983984709
21387,0.0243193712085
21392,0.0371158532798
21394,0.0190810691565
21395,0.0838056430221
21397,0.0262646842748
21398,0.00261504296213
21399,0.0170568339527
21401,0.0206609386951
21402,0.0196526665241
21403,0.0325850993395
21404,0.0180663373321
21405,0.0924914702773
21406,0.00599501933903
21409,0.0331716313958
21410,0.0788711830974
21411,0.00951765663922
21414,0.0176732148975
21416,0.00482869287953
21417,0.0225967504084
21420,0.00238709128462
21422,0.180243894458
21423,0.0105360830203
21424,0.0276931207627
21428,0.0243712738156
21429,0.00973656866699
21430,0.0326592810452
21431,0.0201185066253
21433,0.0372444912791
21434,0.116929717362
21435,0.0107283536345
21437,0.0317421741784
21446,0.0328715480864
21451,0.0942680612206
21453,0.0287952516228
21458,0.00850199256092
21466,0.0154300779104
21467,0.00363108585589
21468,0.115536272526
21469,0.0196028240025
21471,0.00903536844999
21472,0.0506187900901
21473,0.0607690066099
21476,0.00652024103329
21480,0.074843339622
21483,0.04518346861
21487,0.180243894458
21493,0.0245274733752
21494,0.033632285893
21495,0.0322155915201
21496,0.00139683927409
21497,0.0045611509122
21498,0.0100988913327
21499,0.00613255007192
21505,0.0040512047708
21510,0.120757639408
21511,0.0135019468144
21512,0.00272741727531
21513,0.0141994468868
21521,0.00550912786275
21523,0.0298491176218
21525,0.0150052448735
21528,0.0542197413743
21530,0.0142054213211
21531,0.0965048968792
21532,0.00614276295528
21533,0.0211365055293
21534,0.0919131189585
21537,0.00541340187192
21538,0.0469495654106
21542,0.00743867410347
21543,0.00150930357631
21544,0.0120061337948
21545,0.00235361931846
21546,0.0213833115995
21547,0.0188978370279
21548,0.011020604521
21551,0.0240489970893
21553,0.130395203829
21554,0.00963910855353
21555,0.007106797304
21556,0.00741981668398
21557,0.0564916096628
21558,0.0255321282893
21560,0.00276277540252
21561,0.0131863802671
21563,0.0065422700718
21565,0.0103457914665
21568,0.0343497730792
21571,0.0178278945386
21573,0.0145694557577
21574,0.0907592475414
21575,0.00420365063474
21580,0.0140604209155
21581,0.220890402794
21583,0.00839815661311
21585,0.00504916394129
21587,0.00677703972906
21589,0.0219510011375
21591,0.0107961362228
21594,0.0811067894101
21596,0.0172418318689
21597,0.00287845334969
21600,0.0247386693954
21601,0.0180936548859
21602,0.00353333842941
21604,0.023077564314
21605,0.00814828276634
21606,0.0154300779104
21607,0.00244763400406
21608,0.0931245312095
21609,0.0125842140988
21611,0.00750418240204
21612,0.0224826354533
21615,0.00436273450032
21616,0.00298470258713
21621,0.193703815341
21624,0.010770490393
21625,0.00647532381117
21627,0.129806265235
21631,0.203772425652
21633,0.002953969175
21635,0.18500187993
21637,0.0352935269475
21639,0.146135479212
21640,0.00295263668522
21642,0.00287386542186
21643,0.0188816934824
21644,0.0268424507231
21645,0.0171573590487
21646,0.0251738522202
21647,0.0502453148365
21649,0.00641277153045
21650,0.0304795913398
21652,0.0165611281991
21655,0.211272507906
21656,0.00940515846014
21661,0.0196028240025
21662,0.257843583822
21665,0.0258062891662
21667,0.00136989948805
21670,0.0103088356555
21673,0.00854782573879
21675,0.00248049199581
21676,0.00948572251946
21677,0.291777431965
21678,0.00623549800366
21681,0.00574929220602
21686,0.00865730084479
21689,0.146135479212
21690,0.00973762571812
21691,0.0156330130994
21695,0.0398179665208
21696,0.023660313338
21699,0.0122998999432
21703,0.00132683652919
21705,0.023280043155
21707,0.0548660084605
21708,0.00589152937755
21713,0.00433749053627
21718,0.0135528445244
21719,0.0270818397403
21722,0.00252748653293
21723,0.00334620801732
21724,0.00258779968135
21727,0.00903639663011
21728,0.296508073807
21729,0.276320368052
21731,0.0176157392561
21732,0.00474331760779
21737,0.158467903733
21741,0.0193187426776
21743,0.00251317955554
21744,0.0306360274553
21745,0.00173616956454
21747,0.0825148224831
21748,0.0112309549004
21751,0.0128800524399
21752,0.0039337403141
21754,0.194302633405
21755,0.0151860164478
21758,0.0164171792567
21759,0.00395183777437
21762,0.0926200896502
21763,0.0175729244947
21767,0.00145378243178
21768,0.0124559104443
21771,0.0173419825733
21772,0.02204294689
21773,0.00698754470795
21774,0.127609029412
21775,0.0548016577959
21777,0.131326138973
21778,0.00372932781465
21779,0.0670126900077
21781,0.0616196244955
21782,0.00924411136657
21784,0.0687166601419
21785,0.0141994468868
21787,0.0632029473782
21793,0.32209867239
21795,0.00227407272905
21796,0.00140366016421
21798,0.00256332755089
21802,0.0272464882582
21803,0.0820700526237
21804,0.00274862581864
21805,0.00251562031917
21807,0.0361450016499
21810,0.00218181731179
21819,0.00973656866699
21821,0.00277115684003
21825,0.0242706146091
21829,0.00228967610747
21830,0.0653297901154
21831,0.0593537017703
21832,0.0189937613904
21833,0.149859160185
21835,0.0023965141736
21836,0.0707148611546
21837,0.00253783073276
21840,0.0079259602353
21841,0.0128840599209
21843,0.00917796604335
21846,0.0280711464584
21848,0.0285533294082
21849,0.0327610783279
21851,0.00726925441995
21852,0.133959174156
21854,0.0239132363349
21856,0.0278640221804
21860,0.00250447448343
21865,0.063953615725
21866,0.0108335940167
21868,0.0152075057849
21869,0.00822199042886
21871,0.00306705082767
21873,0.112330824137
21874,0.0272182580084
21876,0.00156002084259
21878,0.00701113790274
21879,0.00512818153948
21881,0.0554724521935
21882,0.243975281715
21883,0.00131257949397
21884,0.00287353200838
21889,0.00424971105531
21890,0.00235821306705
21891,0.00727852014825
21892,0.0266960915178
21894,0.0149834258482
21895,0.0025773702655
21896,0.0500353910029
21899,0.0118173342198
21900,0.00264159380458
21901,0.0252648517489
21902,0.0253794118762
21904,0.0403680726886
21907,0.163963362575
21908,0.0553574003279
21911,0.0452028401196
21914,0.00978236086667
21915,0.0148556418717
21916,0.00624407269061
21917,0.238545179367
21920,0.0196028240025
21922,0.0520289465785
21923,0.00943475216627
21924,0.014809133485
21925,0.0195171628147
21927,0.00116271944717
21928,0.00861785374582
21931,0.0217385664582
21933,0.183093830943
21935,0.260472357273
21936,0.0292633585632
21938,0.0221457518637
21941,0.207794904709
21944,0.00683391932398
21949,0.00267584226094
21950,0.00468303402886
21951,0.00706924544647
21954,0.00989783462137
21956,0.00955017562956
21962,0.00852445885539
21963,0.0670757815242
21965,0.015161014162
21966,0.0064841369167
21970,0.00254974910058
21972,0.01054897625
21974,0.00352590018883
21975,0.109347954392
21977,0.0153628094122
21978,0.119238339365
21979,0.011147656478
21980,0.0312234796584
21983,0.00183111184742
21986,0.00142931181472
21993,0.0286419019103
21994,0.0154887940735
21997,0.108449265361
21998,0.104779116809
22000,0.269500792027
22001,0.0364556089044
22002,0.00260291155428
22004,0.0137407043949
22007,0.0409994125366
22012,0.0297947824001
22014,0.0227709300816
22015,0.00340701197274
22017,0.127608075738
22019,0.013456591405
22020,0.0166161637753
22021,0.203772425652
22022,0.00372358132154
22023,0.0153514891863
22024,0.0138143394142
22026,0.00631741108373
22029,0.164643764496
22030,0.014933408238
22031,0.0196526665241
22032,0.00914834998548
22034,0.00936308316886
22035,0.00333448452875
22041,0.003018575022
22042,0.0182964410633
22043,0.00245932862163
22045,0.0291077382863
22047,0.0410782620311
22048,0.0238861218095
22049,0.0264498516917
22052,0.0609274208546
22053,0.0103425113484
22056,0.0321266427636
22058,0.0311759896576
22061,0.0742828696966
22067,0.0161201003939
22068,0.0549986101687
22072,0.0869912952185
22077,0.0172596815974
22082,0.00964637193829
22084,0.109448879957
22088,0.0234470833093
22091,0.0251816976815
22096,0.228212311864
22097,0.0120913088322
22098,0.0154300779104
22099,0.00891233608127
22101,0.0627220571041
22102,0.00273049273528
22104,0.00305606704205
22105,0.0110735753551
22109,0.0265057943761
22112,0.0408169031143
22118,0.219568014145
22119,0.00364318536595
22120,0.0196028240025
22121,0.00295216217637
22122,0.00322104338557
22123,0.27162784338
22126,0.00534494919702
22127,0.144455850124
22128,0.0186641477048
22134,0.0396814346313
22136,0.037599015981
22138,0.00492944801226
22139,0.0345354452729
22140,0.0125492271036
22142,0.0040542492643
22143,0.0141994468868
22145,0.0221469029784
22146,0.00199207640253
22148,0.0311017110944
22150,0.0146517753601
22155,0.0388107821345
22157,0.00285577354953
22158,0.0185643192381
22160,0.00116762460675
22161,0.00439559714869
22162,0.00766460504383
22163,0.0409389995039
22164,0.0154300779104
22165,0.00499477609992
22166,0.00642672600225
22167,0.00815177895129
22168,0.0260124318302
22169,0.0313670039177
22170,0.0353707745671
22176,0.157893285155
22178,0.201524630189
22179,0.0101679051295
22180,0.0141992866993
22181,0.161717802286
22183,0.0632863119245
22184,0.00871648825705
22186,0.0452847369015
22187,0.181669875979
22193,0.00373346521519
22195,0.0495470725
22196,0.0141994468868
22197,0.00246769073419
22199,0.0178746189922
22200,0.0588056445122
22202,0.00311381206848
22203,0.00116271944717
22206,0.0262646842748
22207,0.0183252375573
22208,0.00244716694579
22209,0.152377322316
22213,0.00141948356759
22214,0.0113476896659
22216,0.00181614607573
22217,0.0193392205983
22218,0.00461375713348
22219,0.0136507153511
22220,0.0560439117253
22224,0.0852339863777
22227,0.0354962088168
22228,0.0372634492815
22229,0.00208053993993
22230,0.00835225079209
22231,0.0372371450067
22233,0.0716336667538
22236,0.00362549372949
22237,0.0322639942169
22241,0.0524891428649
22243,0.00908068101853
22244,0.0258117746562
22246,0.0224405191839
22247,0.0246698968112
22248,0.0365867502987
22250,0.0214926674962
22251,0.0272933673114
22252,0.0132639054209
22254,0.00860957149416
22258,0.04604017362
22259,0.017928339541
22262,0.00193871057127
22263,0.0143397655338
22264,0.00243837200105
22265,0.0513279400766
22266,0.20439851284
22267,0.0349171049893
22268,0.249476522207
22270,0.00133629969787
22271,0.199360772967
22273,0.0903224721551
22274,0.198876202106
22281,0.157321214676
22283,0.20129391551
22285,0.00279106199741
22286,0.209467589855
22287,0.0231043007225
22288,0.0412353612483
22289,0.0395655333996
22301,0.0017740187468
22303,0.0730880275369
22305,0.0249701999128
22306,0.00909887906164
22308,0.00671817641705
22310,0.185458183289
22311,0.00374610582367
22312,0.0130419861525
22313,0.0370868481696
22315,0.21115359664
22316,0.0272235777229
22317,0.0100009953603
22318,0.00796850584447
22321,0.0467799901962
22328,0.0415509566665
22329,0.034859534353
22330,0.0315773002803
22331,0.011771351099
22332,0.0302539560944
22335,0.0147162815556
22336,0.0182096343488
22340,0.00259476527572
22341,0.0137590952218
22342,0.00415435153991
22343,0.0540412291884
22344,0.0196526665241
22345,0.0287805609405
22347,0.00161376327742
22348,0.0171489436179
22349,0.00253576249816
22350,0.0382164381444
22353,0.0111362393945
22354,0.0108063565567
22355,0.0165005289018
22356,0.249476522207
22358,0.00378440390341
22359,0.0339247472584
22361,0.00739506445825
22362,0.0141994468868
22363,0.00588510138914
22365,0.0199054852128
22367,0.0272835865617
22370,0.0470721237361
22372,0.0149231841788
22375,0.234441190958
22377,0.00725980475545
22378,0.00579049577937
22380,0.0141994468868
22381,0.0158182643354
22382,0.00255838013254
22384,0.0348980166018
22387,0.00248049199581
22388,0.220207601786
22390,0.0101514915004
22391,0.0225924178958
22394,0.0196028240025
22403,0.0462897755206
22404,0.140898361802
22406,0.0173213724047
22407,0.0201710127294
22412,0.185310080647
22413,0.00948811508715
22415,0.00764430034906
22418,0.00512239942327
22420,0.0196526665241
22421,0.0151169924065
22423,0.0151274325326
22425,0.00430701067671
22426,0.0245354045182
22428,0.0233517866582
22431,0.00268431287259
22434,0.0322124250233
22436,0.00861139036715
22440,0.149729415774
22446,0.00261920271441
22447,0.00478029903024
22450,0.0294378679246
22452,0.0213006380945
22453,0.00362146855332
22454,0.00485288118944
22455,0.00154656381346
22456,0.00655719125643
22457,0.00328756077215
22458,0.00620263861492
22459,0.0345824286342
22460,0.0430864170194
22461,0.236004605889
22463,0.0105716008693
22465,0.00767838070169
22467,0.00623723538592
22469,0.0145749123767
22472,0.00566433509812
22478,0.00328432675451
22479,0.00898537412286
22483,0.0250670034438
22485,0.00748953223228
22486,0.00162318407092
22487,0.0109594836831
22490,0.0272182580084
22493,0.017184317112
22494,0.0185478311032
22497,0.00206042337231
22498,0.00239142030478
22501,0.0872749760747
22502,0.00186841050163
22503,0.0129210567102
22506,0.0227334033698
22508,0.0263881757855
22513,0.00935819745064
22514,0.042227845639
22518,0.00412510242313
22521,0.00154409615789
22522,0.0462717674673
22524,0.111657731235
22526,0.00251054740511
22528,0.00468841334805
22535,0.00266258232296
22536,0.00750068854541
22537,0.0819071605802
22541,0.00132452021353
22542,0.0161162223667
22543,0.0859953612089
22544,0.0196028240025
22545,0.192659661174
22546,0.00628944626078
22547,0.00947382114828
22548,0.167927995324
22550,0.0712533667684
22552,0.0028412961401
22554,0.00481574097648
22556,0.0556423328817
22557,0.00364739377983
22559,0.00163467193488
22560,0.00135290354956
22561,0.0185377616435
22563,0.0192466359586
22565,0.0163693856448
22566,0.0107927862555
22568,0.01053939946
22570,0.223251760006
22571,0.0375934168696
22572,0.00692262267694
22575,0.0167196784168
22576,0.00247163302265
22577,0.0439044460654
22578,0.275560319424
22581,0.00871861446649
22582,0.0837261006236
22584,0.0128595102578
22585,0.046435739845
22588,0.00546680623665
22591,0.0234542023391
22592,0.00522032380104
22593,0.0113374441862
22594,0.0207952540368
22595,0.0175545420498
22596,0.254804164171
22598,0.00882472842932
22599,0.00288885831833
22600,0.00589349586517
22602,0.00630367128178
22603,0.00924727879465
22607,0.0932923927903
22611,0.0183957107365
22613,0.00295308465138
22614,0.0152765633538
22615,0.184171840549
22616,0.00125270546414
22617,0.0359840914607
22618,0.0357243418694
22619,0.0154246380553
22620,0.0596640855074
22621,0.091239631176
22623,0.0405142977834
22624,0.0454115048051
22626,0.0166072435677
22627,0.00522278575227
22628,0.0252008792013
22632,0.0534024015069
22633,0.00290328753181
22635,0.0131116732955
22637,0.0506340563297
22638,0.210061132908
22640,0.00859543122351
22641,0.00555763300508
22642,0.0033654065337
22643,0.0444794781506
22647,0.00168891926296
22649,0.22380015254
22650,0.0195803660899
22652,0.0298009365797
22653,0.00833685044199
22658,0.180032551289
22659,0.0023772243876
22665,0.0411040894687
22668,0.0165128521621
22669,0.0431905947626
22674,0.0228730924428
22676,0.00291831837967
22677,0.00855771172792
22678,0.026897193864
22681,0.00343257607892
22686,0.0431863702834
22688,0.151835769415
22689,0.00221340102144
22691,0.0152789819986
22692,0.00373592064716
22693,0.104540854692
22694,0.232698395848
22695,0.156226843596
22699,0.00249101500958
22700,0.00956175196916
22701,0.00948811508715
22702,0.158467903733
22705,0.216129004955
22707,0.0196028240025
22708,0.00992609467357
22711,0.00999254826456
22712,0.00218690466136
22716,0.0982364565134
22717,0.0122550679371
22720,0.0335074327886
22721,0.00513463234529
22722,0.00963910855353
22723,0.0306847505271
22724,0.029789743945
22726,0.006719248835
22731,0.0250451900065
22732,0.0558840297163
22734,0.0353671647608
22735,0.0191081445664
22736,0.0219769943506
22738,0.0101133370772
22740,0.00302223092876
22741,0.00918630789965
22744,0.0227640606463
22747,0.00562516599894
22748,0.0029902360402
22749,0.00340484967455
22751,0.0174758993089
22752,0.024672517553
22754,0.0100988913327
22756,0.0601812526584
22758,0.0820299014449
22759,0.0157547798008
22760,0.00272292806767
22762,0.00636901799589
22763,0.125774353743
22764,0.0129691101611
22766,0.0384440720081
22767,0.00882403273135
22768,0.0440387427807
22771,0.00122039532289
22773,0.158467903733
22775,0.0237365812063
22776,0.00948811508715
22784,0.236603781581
22786,0.0073199365288
22789,0.00798482540995
22790,0.00899170245975
22792,0.0118457889184
22794,0.0108921919018
22799,0.00213171588257
22800,0.0198759436607
22805,0.00343488692306
22806,0.0187533386052
22809,0.104538120329
22810,0.0245588961989
22817,0.0028001347091
22819,0.179123789072
22820,0.00126596132759
22822,0.00390224624425
22823,0.0168712940067
22824,0.0108740925789
22830,0.00196891184896
22831,0.00506799388677
22838,0.00901368819177
22840,0.0279171708971
22843,0.00918185617775
22846,0.00256076874211
22847,0.0281016174704
22848,0.00254876329564
22849,0.00341282738373
22855,0.0225662719458
22856,0.0311486888677
22857,0.00266575627029
22858,0.0206240173429
22863,0.0520583167672
22866,0.00286587607116
22867,0.0208964571357
22868,0.0181959234178
22870,0.00207736040466
22871,0.0333605743945
22874,0.00461466610432
22875,0.0252881161869
22878,0.0465405248106
22884,0.0126388119534
22891,0.0220280010253
22892,0.0307723004371
22893,0.0153280738741
22895,0.00879199430346
22896,0.0527390837669
22897,0.00302470172755
22898,0.00316045060754
22900,0.00152566074394
22902,0.00643691932783
22903,0.00269100256264
22904,0.00819113664329
22905,0.00789876375347
22906,0.0794159024954
22909,0.0032320083119
22910,0.00264711608179
22912,0.0320737734437
22913,0.00265032565221
22915,0.00389350927435
22916,0.00945099629462
22917,0.00215013255365
22919,0.0404856428504
22925,0.0015277271159
22928,0.0770106241107
22930,0.0153537876904
22932,0.220850065351
22933,0.00431555043906
22934,0.0220291353762
22936,0.243572458625
22939,0.0069461138919
22941,0.00755257532001
22944,0.019000293687
22946,0.0165029745549
22949,0.177960932255
22951,0.229039043188
22954,0.0482261776924
22955,0.00632251100615
22957,0.00328447646461
22958,0.00989043992013
22959,0.0306848231703
22960,0.0279510635883
22962,0.0208387728781
22965,0.0805597454309
22967,0.175701379776
22972,0.0231789201498
22975,0.181642189622
22976,0.0506340563297
22977,0.0983937233686
22978,0.00613600946963
22983,0.00577560300007
22984,0.176242351532
22990,0.00964055210352
22994,0.111071832478
22996,0.0625000149012
22998,0.0257564075291
22999,0.0393091291189
23003,0.0143776256591
23004,0.174728617072
23005,0.24500451982
23008,0.00209133699536
23009,0.267259865999
23010,0.00299084605649
23011,0.00494261737913
23017,0.00502466736361
23018,0.0149421449751
23021,0.0056709619239
23023,0.0285927914083
23024,0.0461700484157
23025,0.0197219718248
23027,0.00655855843797
23028,0.136319965124
23029,0.00522008864209
23030,0.0196867045015
23033,0.0434383749962
23035,0.00122216762975
23040,0.10192194581
23042,0.00379711179994
23043,0.00993488077074
23044,0.00652688881382
23045,0.00273801595904
23047,0.0788310095668
23052,0.013710889034
23054,0.00376597023569
23055,0.00290288031101
23056,0.0329694487154
23057,0.0178371481597
23062,0.0127546535805
23066,0.0338807441294
23070,0.0182406045496
23074,0.0214748438448
23075,0.0617105774581
23076,0.00117112114094
23079,0.0108726928011
23080,0.0585026629269
23081,0.0171281471848
23082,0.0152812423185
23083,0.0382237285376
23085,0.00728779751807
23086,0.00600773189217
23088,0.00549838505685
23093,0.0257492829114
23094,0.0947284772992
23096,0.0237977840006
23097,0.00127578305546
23098,0.013258931227
23100,0.037157677114
23104,0.00608747079968
23106,0.03451365605
23113,0.0108911748976
23114,0.136391237378
23116,0.00227039190941
23118,0.0846316367388
23120,0.00511099118739
23121,0.0146627658978
23126,0.0359490811825
23127,0.00872792862356
23128,0.00375176174566
23131,0.03896150738
23132,0.0258160438389
23133,0.230445981026
23137,0.0154300779104
23138,0.147693127394
23139,0.0808004513383
23141,0.0264130569994
23142,0.00140001752879
23143,0.189754262567
23144,0.0357180535793
23147,0.168202072382
23153,0.0196028240025
23157,0.012603088282
23161,0.0104081919417
23163,0.0154300779104
23164,0.00584557512775
23167,0.0194354355335
23169,0.627897918224
23171,0.00476226396859
23173,0.0157234594226
23175,0.0155560486019
23177,0.00226065050811
23178,0.272236704826
23179,0.0223486255854
23183,0.00268853781745
23184,0.0920430794358
23185,0.0289550181478
23186,0.0126366280019
23187,0.00395371858031
23188,0.0146977016702
23190,0.0196028240025
23191,0.0133151710033
23192,0.0845200121403
23194,0.0531824529171
23196,0.0169112272561
23198,0.298518955708
23200,0.00747396005318
23201,0.181907817721
23205,0.131205141544
23207,0.00230165477842
23208,0.00520058814436
23209,0.00187076057773
23210,0.00670245941728
23212,0.00754381623119
23213,0.14797347784
23216,0.129806265235
23217,0.0221090409905
23218,0.0141865098849
23221,0.0364153049886
23222,0.0271618720144
23223,0.00662847235799
23224,0.0021875903476
23225,0.00451954547316
23227,0.0552625134587
23229,0.00360794086009
23234,0.0016189875314
23238,0.0718679502606
23240,0.0421760641038
23246,0.0162356030196
23247,0.00558289187029
23250,0.0196701921523
23251,0.00466533750296
23253,0.00708316965029
23254,0.0262646842748
23255,0.0377086922526
23256,0.00278105842881
23257,0.00645762868226
23258,0.00222067092545
23259,0.0538353957236
23260,0.00146106467582
23261,0.00153613532893
23264,0.0152560267597
23265,0.00744896801189
23266,0.00207132147625
23267,0.0027746045962
23268,0.022713182494
23270,0.00845997035503
23271,0.00155455584172
23276,0.203772425652
23277,0.220890402794
23279,0.00327316159382
23280,0.00576706649736
23281,0.0132246324793
23285,0.0161323416978
23288,0.0349128060043
23290,0.00487347925082
23291,0.0102684367448
23292,0.00302906311117
23293,0.0895662903786
23294,0.208114802837
23297,0.00961099099368
23299,0.0737206414342
23300,0.00127595686354
23303,0.0482828766108
23304,0.146376982331
23306,0.039662308991
23308,0.0131289847195
23309,0.00190024520271
23310,0.076957039535
23311,0.0149907758459
23317,0.266340523958
23322,0.00314654619433
23323,0.0666758716106
23324,0.15629863739
23325,0.0085175903514
23326,0.110341794789
23331,0.00843981094658
23334,0.00146012369078
23335,0.017706874758
23336,0.0567964166403
23337,0.00822199042886
23338,0.00241570733488
23339,0.00188523868565
23341,0.00858792569488
23342,0.00335168465972
23343,0.0155397299677
23344,0.0372371450067
23346,0.182992443442
23347,0.00488340761513
23348,0.226773455739
23351,0.0237365812063
23355,0.00270408717915
23356,0.00274025113322
23358,0.0196526665241
23361,0.0203089825809
23362,0.00431130314246
23364,0.00555530423298
23368,0.00636801915243
23370,0.265083879232
23372,0.0107188690454
23375,0.00900235679001
23378,0.00844884570688
23379,0.00557499285787
23382,0.0137530267239
23385,0.00907188095152
23386,0.00374865648337
23387,0.040244396776
23390,0.0807813331485
23391,0.00856008287519
23393,0.0533577166498
23394,0.0164482071996
23398,0.00640060333535
23399,0.00422759493813
23401,0.0196028240025
23405,0.0112698394805
23406,0.0181302595884
23408,0.0100414603949
23410,0.009695767425
23413,0.0249173492193
23414,0.00184566655662
23415,0.0254055634141
23418,0.0657059326768
23420,0.00374351348728
23422,0.0407719537616
23425,0.00360540649854
23427,0.0182131510228
23428,0.00437034200877
23429,0.284388631582
23430,0.0226188357919
23432,0.00566224893555
23433,0.00236595841125
23434,0.0027040229179
23435,0.0424993410707
23436,0.0288151614368
23437,0.193246006966
23438,0.00223119347356
23441,0.0032015228644
23443,0.0091553106904
23449,0.0919131189585
23450,0.19312402606
23452,0.00796257145703
23453,0.0148638095707
23454,0.0163313094527
23455,0.00791739020497
23456,0.0118642952293
23458,0.012988303788
23461,0.0196791142225
23462,0.00921912584454
23463,0.0196028240025
23465,0.113667935133
23469,0.00825715344399
23470,0.00126475433353
23472,0.0201185066253
23478,0.00252856034786
23480,0.00721626216546
23484,0.00576868560165
23485,0.00238865776919
23486,0.0194762479514
23488,0.22694504261
23489,0.00319985253736
23492,0.0418322011828
23493,0.120810225606
23494,0.0108094764873
23495,0.011612303555
23496,0.0189937613904
23497,0.179068952799
23500,0.00757825933397
23501,0.00521246483549
23502,0.00272829947062
23504,0.0411290936172
23506,0.129806265235
23507,0.135338038206
23508,0.00189598137513
23513,0.290242046118
23514,0.238531559706
23515,0.00248049199581
23521,0.0179215073586
23522,0.00893496070057
23524,0.00391416344792
23525,0.027856906876
23527,0.00482821417972
23532,0.0034275315702
23536,0.0106029137969
23537,0.00543993059546
23539,0.095417805016
23540,0.00942521076649
23541,0.0240103844553
23542,0.00590737722814
23548,0.108755774796
23549,0.0322870723903
23551,0.00401209527627
23552,0.0590420477092
23554,0.0112804444507
23555,0.00707430811599
23556,0.00858792569488
23559,0.11391928792
23560,0.00702216802165
23561,0.197879076004
23563,0.0176295507699
23564,0.245846867561
23570,0.0247615966946
23571,0.009695767425
23574,0.0721803382039
23575,0.209515318274
23577,0.0371227711439
23580,0.0259474609047
23584,0.00427609262988
23586,0.0520730279386
23588,0.150433465838
23592,0.0167673453689
23593,0.00948811508715
23594,0.0100357551128
23595,0.0331282839179
23596,0.0303037874401
23598,0.015674136579
23601,0.0035134460777
23603,0.0443863868713
23604,0.290209978819
23608,0.00305950944312
23609,0.00903666205704
23614,0.00980825163424
23616,0.0130419861525
23617,0.00587479397655
23620,0.157189056277
23622,0.00360731827095
23623,0.00473289983347
23624,0.00800033006817
23625,0.22694504261
23629,0.00506789749488
23632,0.0131762390956
23633,0.0568051896989
23637,0.011008778587
23638,0.00189869583119
23639,0.0757875442505
23645,0.177686169744
23649,0.00283931498416
23650,0.0015519077424
23653,0.0204827748239
23654,0.00139950634912
23656,0.299131423235
23658,0.0117655443028
23659,0.002777146874
23663,0.0495470725
23665,0.00858792569488
23667,0.00435389066115
23671,0.0149907758459
23675,0.00202486407943
23677,0.00337213347666
23679,0.0537771694362
23680,0.0189261995256
23681,0.0201571546495
23682,0.0332486666739
23683,0.0024422632996
23685,0.0116825057194
23686,0.009695767425
23687,0.0265197884291
23690,0.0145423766226
23692,0.00147966458462
23693,0.0345733165741
23696,0.0015509511577
23697,0.00532592972741
23698,0.00256989616901
23700,0.189703881741
23701,0.0146422367543
23702,0.0014113803627
23703,0.0217592474073
23704,0.031025711447
23705,0.00923224538565
23706,0.0141994468868
23707,0.227763950825
23708,0.0377878472209
23712,0.0154300779104
23713,0.00757825933397
23715,0.00348057993688
23720,0.00334623362869
23721,0.00168143305928
23722,0.0973913222551
23724,0.0237487778068
23725,0.0126327862963
23727,0.00342349102721
23728,0.162858620286
23729,0.00428520375863
23731,0.04234739393
23735,0.0179253667593
23740,0.00529641052708
23742,0.282405853271
23743,0.0523873046041
23745,0.194468647242
23746,0.0131592368707
23748,0.198837026954
23750,0.0196028240025
23751,0.0272374488413
23755,0.289075255394
23759,0.0158280450851
23760,0.0216816347092
23761,0.0232228916138
23762,0.00134317518678
23764,0.0128778573126
23765,0.0498502850533
23766,0.0141461743042
23767,0.00304923509248
23768,0.0369772389531
23769,0.0328295044601
23771,0.145292729139
23772,0.0111362393945
23773,0.157189056277
23775,0.0442068874836
23777,0.00439264951274
23779,0.0213048383594
23780,0.0558115206659
23782,0.0088166911155
23783,0.0036811362952
23784,0.00930705387145
23785,0.00285827578045
23787,0.0173782873899
23789,0.0296434499323
23790,0.00611005863175
23791,0.0296065267175
23792,0.00257379096001
23794,0.176368325949
23799,0.0187912732363
23800,0.238555639982
23803,0.00422393716872
23804,0.0220985990018
23805,0.0177019555122
23809,0.0202115867287
23811,0.0749907940626
23813,0.0277586653829
23814,0.0192569345236
23816,0.0149907758459
23818,0.0142424888909
23821,0.0269084833562
23822,0.0196028240025
23827,0.0781200155616
23829,0.00281626894139
23831,0.00276051159017
23833,0.127867564559
23834,0.0359749272466
23839,0.0158525761217
23840,0.00442607467994
23843,0.00234919274226
23845,0.0887672826648
23846,0.0409752503037
23849,0.291150003672
23850,0.0489500425756
23854,0.0109276399016
23857,0.0208656899631
23859,0.00994960404932
23860,0.00217004679143
23861,0.00480699166656
23863,0.00429100822657
23867,0.0105087123811
23868,0.0029332106933
23869,0.00223634694703
23871,0.158467903733
23873,0.0372911430895
23877,0.0154611729085
23878,0.0425350368023
23879,0.00262060458772
23881,0.00416858354583
23883,0.001486463123
23885,0.0296434499323
23886,0.00289679481648
23887,0.00321000115946
23889,0.0133014898747
23890,0.00845326948911
23891,0.0572258122265
23895,0.00261162640527
23896,0.242018252611
23898,0.0405242629349
23899,0.0124012744054
23900,0.0127695826814
23902,0.014428012073
23904,0.0125546175987
23906,0.00228035752662
23908,0.0450416021049
23910,0.0396230593324
23915,0.00647026672959
23917,0.130924507976
23918,0.0173213724047
23922,0.0163228698075
23924,0.0705263912678
23926,0.249476522207
23929,0.00330018810928
23934,0.0241605211049
23936,0.00509405368939
23941,0.179046839476
23942,0.0199517086148
23944,0.0196631923318
23945,0.0057665114291
23947,0.00437253573909
23948,0.109745651484
23951,0.00936514977366
23953,0.00270466855727
23955,0.00931372493505
23957,0.00268246629275
23959,0.00984855461866
23962,0.0261814761907
23963,0.0111521407962
23966,0.00145484122913
23970,0.046147800982
23971,0.0670865401626
23972,0.121405929327
23976,0.109392248094
23978,0.0857159122825
23981,0.0220985990018
23983,0.0040459134616
23984,0.00972110964358
23985,0.0243912544101
23986,0.00271548400633
23988,0.0306360274553
23990,0.22977411747
23991,0.00305930851027
23992,0.00302572548389
23993,0.0373849049211
23994,0.160878509283
23995,0.0990784168243
23996,0.0071397703141
23997,0.0216816347092
24000,0.0780888944864
24001,0.0315749868751
24005,0.0061451443471
24007,0.00332898856141
24010,0.02414496243
24014,0.176363065839
24015,0.0357180535793
24017,0.0367309451103
24019,0.00225468282588
24020,0.0242981147021
24022,0.0012703272514
24023,0.00290801632218
24025,0.216205120087
24026,0.0847896337509
24027,0.0271324347705
24028,0.0348478667438
24030,0.0204227901995
24033,0.00718176318333
24034,0.00312997004949
24036,0.120195910335
24039,0.0248071048409
24040,0.0196028240025
24043,0.00948811508715
24044,0.0481839850545
24047,0.0466129109263
24048,0.00360701349564
24052,0.0128103261814
24054,0.0736684128642
24056,0.0185106471181
24058,0.00207132147625
24060,0.071382381022
24061,0.0108335940167
24067,0.00998635124415
24068,0.00422459328547
24072,0.0713569149375
24073,0.0638430640101
24075,0.00358583545312
24076,0.0132655212656
24080,0.020991479978
24081,0.0345896705985
24082,0.160922035575
24083,0.00308801210485
24085,0.0141994468868
24086,0.00613351259381
24091,0.0296638719738
24094,0.0084685953334
24095,0.0269639380276
24098,0.093768954277
24099,0.0448703691363
24100,0.0185935143381
24104,0.22694504261
24105,0.0129528539255
24106,0.00529919238761
24111,0.0122832618654
24113,0.00400298042223
24115,0.0733199715614
24117,0.209078028798
24119,0.0258418340236
24120,0.00484935706481
24121,0.0234056245536
24122,0.00117143127136
24127,0.00323383999057
24128,0.180243894458
24140,0.0146494554356
24145,0.0045767375268
24149,0.00538993813097
24150,0.00638355221599
24151,0.0151126552373
24153,0.00764278834686
24155,0.0178275182843
24156,0.00665339827538
24157,0.500641405582
24158,0.0198791529983
24159,0.00285455421545
24163,0.0166537053883
24166,0.151835769415
24169,0.0122645264491
24173,0.00305488915183
24174,0.00415289774537
24178,0.0211659148335
24180,0.00566137069836
24183,0.00235821306705
24187,0.180243894458
24189,0.0413337126374
24192,0.116929717362
24193,0.0284584350884
24197,0.0382844917476
24198,0.00223364075646
24199,0.012485765852
24200,0.00213478133082
24201,0.114899165928
24203,0.0209683571011
24205,0.00132294557989
24207,0.0141093675047
24208,0.00263885036111
24218,0.00561485858634
24220,0.0342383719981
24224,0.009695767425
24226,0.0345896705985
24230,0.0313229486346
24232,0.0130384815857
24236,0.00342723494396
24237,0.0155396414921
24238,0.21377556026
24242,0.0190821588039
24249,0.0162097141147
24250,0.00325738638639
24251,0.00303172529675
24255,0.117700450122
24256,0.0746890157461
24258,0.00209391512908
24263,0.0107748145238
24264,0.121795192361
24265,0.0106214331463
24266,0.0234122946858
24268,0.00402618013322
24272,0.0435706712306
24273,0.00764363165945
24274,0.0862220749259
24275,0.211272507906
24279,0.00745124975219
24280,0.0188151765615
24283,0.0172220561653
24284,0.0080640129745
24287,0.00524218240753
24288,0.00574256945401
24289,0.0261942148209
24291,0.154896631837
24293,0.0102659473196
24294,0.0166897270828
24297,0.187199756503
24298,0.125822976232
24299,0.00234531704336
24301,0.0342357866466
24302,0.181669875979
24303,0.032497715205
24304,0.0252047199756
24305,0.00240874220617
24306,0.0153719941154
24308,0.0345368236303
24309,0.0356354601681
24310,0.00264472491108
24311,0.09580694139
24313,0.00804204959422
24315,0.0616718009114
24316,0.0512139983475
24318,0.0046938280575
24319,0.197498396039
24323,0.0136533416808
24325,0.0378785319626
24326,0.0113714290783
24327,0.211836785078
24328,0.0243193712085
24329,0.176242351532
24330,0.0150758773088
24331,0.0284046120942
24332,0.0196028240025
24339,0.0118683148175
24340,0.00240568025038
24341,0.0141994468868
24342,0.0287382472306
24343,0.0019767654594
24344,0.0196526665241
24345,0.216060727835
24349,0.00142871506978
24351,0.00255625881255
24358,0.00973762571812
24360,0.0190360285342
24363,0.00889068283141
24367,0.00241128378548
24369,0.180871874094
24370,0.031964674592
24371,0.104779116809
24373,0.0135032543913
24374,0.016783144325
24379,0.00230920943432
24380,0.0851791575551
24381,0.100031651556
24383,0.00971553381532
24385,0.0295148510486
24386,0.0600257366896
24387,0.00192825286649
24388,0.138144299388
24389,0.0231887884438
24391,0.193703815341
24392,0.0136032672599
24393,0.00254526967183
24394,0.00872591510415
24395,0.217026993632
24396,0.00948811508715
24397,0.00308389286511
24398,0.272867321968
24399,0.00880462769419
24400,0.155064046383
24403,0.067690692842
24404,0.0369990430772
24405,0.0173419825733
24406,0.00683230394498
24407,0.0217956136912
24409,0.00202822871506
24411,0.0166622586548
24412,0.225734829903
24413,0.00756023125723
24415,0.0102248899639
24418,0.0036763898097
24419,0.00689522223547
24422,0.188684687018
24423,0.0074175731279
24424,0.0169536601752
24425,0.0143397655338
24428,0.157422751188
24429,0.00440649082884
24430,0.00687375757843
24432,0.00873525440693
24433,0.00723451701924
24434,0.0142736788839
24436,0.0468408055604
24437,0.00149572512601
24438,0.0416722521186
24439,0.093818962574
24440,0.00147103541531
24441,0.00270206388086
24443,0.0275828465819
24444,0.0913999080658
24446,0.00219222623855
24448,0.0110307699069
24449,0.0222759861499
24450,0.00385874742642
24451,0.0345430001616
24457,0.00257385079749
24458,0.063953615725
24460,0.00504616601393
24463,0.0154300779104
24464,0.0250328164548
24466,0.0182155314833
24467,0.001625356148
24469,0.002926268382
24472,0.0183322597295
24474,0.0306836739182
24477,0.00364610808901
24478,0.00415100296959
24480,0.0100738443434
24481,0.002396103926
24482,0.156160280108
24485,0.166788369417
24487,0.00755061767995
24490,0.009695767425
24491,0.0318258032203
24493,0.121801190078
24494,0.00284904637374
24497,0.0141994468868
24498,0.00690165767446
24500,0.180504560471
24502,0.00546505348757
24503,0.0196526665241
24504,0.205377459526
24506,0.12881013751
24507,0.00929936207831
24511,0.0159947611392
24520,0.00829569995403
24525,0.00184661638923
24527,0.00944177340716
24528,0.00319909537211
24530,0.00417680991814
24532,0.00948811508715
24537,0.0315991938114
24538,0.0242811590433
24539,0.140499278903
24541,0.0335806757212
24544,0.00310796056874
24547,0.0353671647608
24554,0.00366145698354
24555,0.0272835865617
24556,0.0440829657018
24559,0.00821635033935
24563,0.0229453630745
24565,0.0286240428686
24566,0.0117943929508
24568,0.0196028240025
24571,0.0403829626739
24575,0.0413634628057
24576,0.0999665483832
24577,0.0123079260811
24578,0.00908323843032
24580,0.255353331566
24583,0.0416207164526
24584,0.0512070804834
24585,0.0105153340846
24588,0.00164888077416
24590,0.00142917910125
24592,0.178152903914
24595,0.00395845156163
24597,0.00698362151161
24600,0.00685852020979
24601,0.00190505734645
24602,0.00392855703831
24607,0.0297607537359
24613,0.206190004945
24615,0.00284884194843
24617,0.0426495671272
24620,0.00659646093845
24624,0.093969553709
24626,0.0265400391072
24627,0.0245225448161
24629,0.00332907401025
24632,0.0357243418694
24640,0.0210380442441
24641,0.00965464767069
24643,0.0636398792267
24644,0.00209699617699
24646,0.00285162543878
24647,0.178307160735
24648,0.234441190958
24652,0.0372554399073
24655,0.0220291353762
24657,0.00269295228645
24659,0.0110585829243
24662,0.0193905178457
24664,0.00243354379199
24668,0.0183497089893
24671,0.0124388132244
24673,0.0121507523581
24674,0.00519040226936
24675,0.0166280567646
24677,0.029749777168
24679,0.0301111433655
24682,0.00310260104015
24683,0.00374798174016
24685,0.00318857957609
24686,0.0735366344452
24688,0.0197736676782
24690,0.0120799737051
24691,0.0722794756293
24694,0.223357871175
24695,0.159745484591
24697,0.0356503836811
24699,0.0112397382036
24700,0.0263451617211
24701,0.0025377208367
24702,0.00794800370932
24703,0.00421637669206
24704,0.0375301279128
24705,0.0201225690544
24706,0.00411967374384
24707,0.00353993917815
24708,0.0525355190039
24711,0.0600723512471
24712,0.00718885473907
24713,0.0397693961859
24714,0.00805583875626
24715,0.0147756999359
24717,0.0199597589672
24718,0.0178423542529
24719,0.203772425652
24721,0.220385372639
24722,0.00229798723012
24723,0.0174934696406
24726,0.0444421842694
24727,0.0431439951062
24729,0.129336893559
24732,0.0364464372396
24733,0.0043868245557
24734,0.00608419952914
24735,0.0136923696846
24737,0.0031789126806
24739,0.180243894458
24744,0.00310270278715
24745,0.0917372703552
24746,0.009695767425
24748,0.0413026511669
24751,0.013930064626
24752,0.0170133411884
24753,0.0196028240025
24755,0.0398142039776
24756,0.00696617318317
24758,0.0185372717679
24759,0.250145852566
24760,0.00263441493735
24763,0.00207132147625
24764,0.0248505845666
24766,0.218215063214
24768,0.0220291353762
24770,0.00315163983032
24771,0.0141516821459
24772,0.00297679821961
24773,0.0115723926574
24777,0.00213714526035
24778,0.224707990885
24782,0.00662466790527
24785,0.128217563033
24792,0.154731437564
24793,0.0124012744054
24798,0.17385391891
24799,0.00978487450629
24800,0.0212191157043
24802,0.0300766024739
24803,0.0031429270748
24804,0.00294914073311
24806,0.0153957791626
24807,0.00600807089359
24808,0.00221130647697
24810,0.0180240646005
24812,0.00492192665115
24813,0.00767929293215
24816,0.0300316791981
24817,0.00795730762184
24819,0.0461598224938
24822,0.0120799737051
24826,0.0196562539786
24828,0.00246873917058
24829,0.00956882163882
24832,0.012369312346
24833,0.00175436469726
24834,0.00644466094673
24835,0.0127560654655
24839,0.0676545202732
24841,0.0112033523619
24844,0.0337279289961
24845,0.0116092404351
24846,0.00488383881748
24847,0.00993176642805
24848,0.0167039521039
24849,0.0137520702556
24850,0.0122497249395
24851,0.00379210244864
24852,0.0224129613489
24857,0.0181191414595
24858,0.219102889299
24861,0.0116492547095
24862,0.00318057672121
24863,0.0183334294707
24865,0.0441788434982
24867,0.245919376612
24869,0.00199633161537
24871,0.242785051465
24873,0.00279942224734
24876,0.00216679996811
24877,0.183344006538
24878,0.00985700637102
24879,0.00413750112057
24880,0.225091248751
24881,0.001428414369
24882,0.00201521767303
24885,0.00278092361987
24886,0.0496619790792
24887,0.0318670943379
24888,0.00887008477002
24891,0.0165767204016
24892,0.00261162640527
24893,0.00492033874616
24896,0.00552369328216
24897,0.2820327878
24898,0.0154119636863
24901,0.00573542714119
24904,0.00251498399302
24906,0.234479486942
24907,0.0331021733582
24909,0.0137149263173
24912,0.0102963009849
24914,0.0240348279476
24915,0.0319778248668
24916,0.00203506578691
24917,0.028235334903
24918,0.0038263737224
24919,0.0640858337283
24921,0.0063418392092
24928,0.266491949558
24930,0.00796077866107
24932,0.00130887737032
24933,0.00827896315604
24935,0.172654733062
24937,0.145073458552
24938,0.00307571352459
24941,0.0191038586199
24942,0.0058635477908
24945,0.0459965802729
24946,0.192252576351
24948,0.00948305241764
24950,0.0490657500923
24953,0.00146614143159
24958,0.00268618483096
24959,0.0173235554248
24960,0.0178090687841
24963,0.0269922520965
24965,0.00508871302009
24967,0.168572157621
24968,0.202125325799
24971,0.107320792973
24974,0.280414879322
24975,0.00304110068828
24976,0.0601573400199
24978,0.00191192317288
24981,0.0315103568137
24982,0.0113434642553
24983,0.0301577933133
24988,0.182862743735
24990,0.0160214174539
24991,0.0427764356136
24992,0.00545952562243
24993,0.0471195317805
24996,0.00347549282014
24998,0.0562184043229
24999,0.00640482222661
25000,0.0098351156339
25003,0.0120799737051
25005,0.0145973600447
25006,0.0148390578106
25008,0.00971564464271
25010,0.0199770331383
25011,0.0142614617944
25012,0.0026680289302
25014,0.0953697636724
25016,0.0210581514984
25017,0.00894355308264
25023,0.0504075624049
25024,0.00139950634912
25025,0.00252843648195
25031,0.0145423766226
25032,0.0614372082055
25033,0.0115896575153
25035,0.0825101658702
25038,0.00606234744191
25039,0.0107223680243
25040,0.00556707056239
25042,0.0324418470263
25044,0.0141837354749
25045,0.00201726797968
25046,0.00439939647913
25051,0.0189215112478
25054,0.00812536571175
25056,0.00296860397793
25057,0.0582919754088
25058,0.0671352297068
25059,0.00268667284399
25063,0.165069177747
25068,0.0260038804263
25075,0.0370427370071
25077,0.00618926389143
25087,0.0180183015764
25089,0.00142931181472
25091,0.0345383174717
25092,0.00948976445943
25093,0.111763246357
25094,0.0557720325887
25096,0.00948811508715
25098,0.0311094913632
25099,0.0372231565416
25104,0.105293504894
25105,0.00764435483143
25107,0.00167135405354
25111,0.00645041512325
25114,0.00976611487567
25116,0.0112929232419
25117,0.00611781841144
25121,0.0035952096805
25122,0.0196028240025
25123,0.232239633799
25129,0.0786660313606
25131,0.0280555058271
25132,0.00565061718225
25133,0.00272393715568
25136,0.003416944528
25137,0.00320039107464
25138,0.0289516728371
25141,0.00988668203354
25145,0.0312712863088
25146,0.236603781581
25147,0.010770490393
25148,0.100706748664
25150,0.00189869583119
25152,0.0207223389298
25153,0.0153265697882
25156,0.164126127958
25159,0.00232415297069
25160,0.0112633006647
25162,0.0469652600586
25164,0.0109789613634
25165,0.0148097043857
25166,0.124113574624
25167,0.00814971700311
25168,0.0145694557577
25170,0.0093301506713
25171,0.142929241061
25172,0.0076996460557
25173,0.216129004955
25175,0.0279788579792
25177,0.0202623102814
25183,0.00234256288968
25184,0.0115264216438
25189,0.224971622229
25190,0.00611095922068
25193,0.0767269954085
25195,0.0353671647608
25198,0.00304704112932
25200,0.0385871492326
25204,0.0237239822745
25208,0.178937807679
25216,0.0195744540542
25217,0.00737252272666
25218,0.0175002403557
25219,0.0237498171628
25220,0.00542907463387
25223,0.112330824137
25224,0.0145694557577
25227,0.0524533316493
25228,0.00360531057231
25229,0.00973762571812
25232,0.0294647812843
25234,0.0466177426279
25235,0.0185275040567
25236,0.00353676010855
25238,0.00508871302009
25241,0.0424692928791
25242,0.031025711447
25243,0.181517153978
25244,0.00954376906157
25245,0.0200163926929
25246,0.00487836822867
25249,0.063953615725
25251,0.119929239154
25253,0.00480313133448
25254,0.00414227601141
25257,0.11390350014
25258,0.0576557256281
25264,0.00576694635674
25269,0.0248679406941
25271,0.0170788560063
25272,0.0133638838306
25273,0.230401575565
25275,0.00424277130514
25276,0.00855993758887
25278,0.0349916219711
25279,0.02990911901
25280,0.0220291353762
25282,0.00940965581685
25288,0.0196028240025
25289,0.227852612734
25290,0.164333090186
25292,0.181669875979
25294,0.0076768589206
25295,0.010728222318
25296,0.00522257760167
25297,0.00233229040168
25299,0.00215882039629
25302,0.0345368236303
25304,0.0383447110653
25306,0.0233860518783
25309,0.0026539049577
25310,0.0196028240025
25312,0.0170103032142
25313,0.0289145763963
25314,0.00522160669789
25315,0.00133696803823
25316,0.176056653261
25318,0.00287752156146
25321,0.030113838613
25322,0.00923541653901
25323,0.235649988055
25325,0.00256333476864
25328,0.0770698934793
25329,0.183093830943
25331,0.00345962704159
25332,0.0550783388317
25333,0.159745484591
25336,0.10345505178
25339,0.00195706821978
25340,0.051371190697
25343,0.0331783331931
25347,0.0154300779104
25349,0.0226611029357
25350,0.0574652887881
25354,0.0023575827945
25355,0.00395492091775
25359,0.0228754580021
25360,0.245827972889
25362,0.014566835016
25366,0.0386309139431
25369,0.0147027364001
25377,0.0442429892719
25378,0.00527518009767
25379,0.00757348397747
25381,0.0270319543779
25382,0.0708886235952
25383,0.333315640688
25384,0.00567541085184
25386,0.0135153615847
25388,0.0245225913823
25390,0.0278855506331
25392,0.0113766994327
25393,0.00625180220231
25394,0.00922271143645
25395,0.101245477796
25396,0.218335166574
25397,0.0361591689289
25398,0.0458842143416
25399,0.0083547309041
25400,0.00377168296836
25401,0.0218037832528
25402,0.0248746015131
25404,0.0181505735964
25405,0.0170655492693
25407,0.00282342336141
25408,0.0130272815004
25409,0.00394393038005
25410,0.028014883399
25412,0.00708710076287
25413,0.00242398004048
25415,0.0216387659311
25416,0.187179386616
25418,0.00520058814436
25420,0.159217968583
25421,0.0336949601769
25423,0.00652049435303
25425,0.134313434362
25426,0.131990283728
25429,0.0473438575864
25430,0.0141479633749
25437,0.00544427661225
25447,0.009266782552
25449,0.0165615472943
25450,0.00955350510776
25452,0.0744457319379
25454,0.106107085943
25455,0.0188873242587
25457,0.00243156845681
25458,0.0059056468308
25459,0.0196028240025
25461,0.201547667384
25462,0.118930608034
25463,0.00510518718511
25464,0.00410819100216
25466,0.00831850804389
25470,0.00447237351909
25472,0.130308568478
25475,0.00497670797631
25478,0.0233475454152
25481,0.0205267425627
25482,0.00125270546414
25484,0.00720957946032
25485,0.0429868586361
25486,0.180243894458
25490,0.0780522227287
25491,0.00841074250638
25493,0.00207132147625
25494,0.034840233624
25496,0.00340231019072
25500,0.0737418830395
25504,0.0107013732195
25506,0.0023965141736
25507,0.142723947763
25508,0.0710907503963
25511,0.14230184257
25512,0.00368687370792
25514,0.0042845569551
25517,0.0161109380424
25518,0.0821817070246
25520,0.0347114354372
25526,0.00960756465793
25529,0.0876059830189
25530,0.0168823227286
25534,0.06769952178
25536,0.00829035975039
25537,0.198595702648
25538,0.0215248111635
25539,0.154807120562
25541,0.00830060150474
25542,0.00359490560368
25543,0.00320157338865
25544,0.0442014113069
25545,0.0772946104407
25548,0.00973762571812
25550,0.0544045343995
25551,0.00249826977961
25552,0.0543601103127
25553,0.0190063733608
25554,0.00397406425327
25556,0.0525589995086
25560,0.0185478311032
25563,0.0309635382146
25564,0.0173419825733
25567,0.0179888326675
25568,0.0309321973473
25574,0.149692520499
25576,0.00910524372011
25581,0.00508401729167
25582,0.0390727743506
25585,0.00943701155484
25588,0.199072435498
25591,0.0152477920055
25592,0.0196028240025
25595,0.0264028869569
25597,0.0175545420498
25600,0.0668163225055
25603,0.0109779201448
25606,0.00314707425423
25607,0.0124106695876
25609,0.0408198796213
25610,0.00229287333786
25611,0.00235861144029
25612,0.00654545985162
25613,0.00151013524737
25614,0.00330241280608
25618,0.0141766313463
25619,0.00965154357255
25621,0.0825761407614
25624,0.0021745886188
25625,0.00821925792843
25626,0.01027272176
25628,0.0487593337893
25630,0.0122198406607
25631,0.00257508503273
25635,0.0149753428996
25638,0.00838751345873
25642,0.0065406775102
25643,0.0307651609182
25651,0.0090421801433
25652,0.00973656866699
25653,0.0320785716176
25654,0.183344006538
25655,0.00284904637374
25659,0.00539131648839
25663,0.114291146398
25667,0.017246728763
25668,0.168251797557
25670,0.0372156538069
25671,0.00195706821978
25672,0.0230734366924
25675,0.0327078439295
25679,0.0280712246895
25680,0.0165611281991
25686,0.0214444845915
25690,0.0145083852112
25692,0.00315670738928
25696,0.0159947611392
25698,0.00898126419634
25700,0.0250165443867
25702,0.0465657003224
25703,0.029498450458
25706,0.0394065305591
25707,0.044391606003
25709,0.0273874420673
25712,0.0271902810782
25713,0.00146831618622
25716,0.0198759436607
25718,0.00421313475817
25721,0.0439951270819
25722,0.00251359073445
25725,0.0593676567078
25726,0.00437681842595
25727,0.0196028240025
25728,0.0307153761387
25730,0.00750951468945
25732,0.0183711610734
25733,0.00889420136809
25734,0.00286739179865
25739,0.00169592828024
25740,0.0107965534553
25742,0.0159947611392
25746,0.0141344359145
25747,0.0126585653052
25748,0.00595994945616
25749,0.00656599737704
25750,0.138164997101
25753,0.00306687457487
25754,0.00278566172346
25756,0.0308025721461
25757,0.00252060173079
25758,0.001486463123
25759,0.00297242961824
25760,0.0183156058192
25763,0.00317984051071
25764,0.00825621187687
25768,0.0487084910274
25770,0.0194334406406
25771,0.0390214547515
25772,0.0925657227635
25773,0.196150287986
25775,0.0233713146299
25778,0.0606492049992
25780,0.00721944356337
25782,0.00210908660665
25783,0.0166914332658
25784,0.0069857086055
25788,0.019138161093
25791,0.0094776917249
25792,0.00302040670067
25796,0.0500179119408
25797,0.100706748664
25798,0.0128117119893
25800,0.180243894458
25801,0.0120934220031
25802,0.00307086156681
25804,0.0201790388674
25805,0.0774219483137
25806,0.0034829871729
25809,0.00728480005637
25811,0.0127018820494
25813,0.256560057402
25814,0.106860071421
25815,0.00382211897522
25818,0.0105596715584
25821,0.0104860235006
25823,0.112636081874
25824,0.00184850709047
25826,0.0254055634141
25827,0.0138827292249
25828,0.0081431819126
25829,0.0188073348254
25830,0.0229013673961
25833,0.0149907758459
25835,0.00838759727776
25836,0.0341107361019
25837,0.00275459093973
25840,0.00261789513752
25842,0.0406195484102
25843,0.00634033652022
25844,0.017388002947
25845,0.00460579944775
25846,0.0468830838799
25848,0.00229559000582
25852,0.0363689363003
25854,0.0219280198216
25857,0.0209405440837
25858,0.0695769563317
25860,0.209515318274
25861,0.0270406790078
25865,0.00142350338865
25866,0.168633535504
25869,0.00184848578647
25870,0.00879617128521
25871,0.209536552429
25873,0.0117655443028
25876,0.00298512284644
25882,0.00304555660114
25883,0.00185229675844
25886,0.0262646842748
25892,0.0038697309792
25893,0.00855038035661
25894,0.00405328301713
25895,0.0349146872759
25896,0.00500424066558
25897,0.00977605395019
25901,0.0351990796626
25902,0.0250445492566
25905,0.00160498369951
25906,0.0451159998775
25907,0.162752524018
25908,0.286596059799
25909,0.00162371818442
25910,0.0385871492326
25912,0.0700330585241
25913,0.0018066422781
25914,0.005196637474
25915,0.0534233301878
25916,0.0252606756985
25917,0.0101582640782
25918,0.174728617072
25921,0.00249704625458
25922,0.00303095718846
25924,0.0308439731598
25925,0.00508871302009
25927,0.00673355907202
25932,0.00264175958
25936,0.00248421845026
25938,0.00967612210661
25939,0.0279501825571
25940,0.0373066067696
25944,0.0375519655645
25949,0.00872055068612
25950,0.0132871912792
25952,0.0196028240025
25954,0.00896050035954
25955,0.00563568435609
25956,0.0743850246072
25957,0.00698227528483
25962,0.0253000892699
25964,0.00362155819312
25965,0.0035758567974
25966,0.0110817505047
25970,0.0882185921073
25972,0.0169678591192
25976,0.00971564464271
25978,0.063045591116
25985,0.0741138979793
25986,0.133351042867
25988,0.0257524996996
25990,0.0146802058443
25992,0.014338048175
25993,0.00261312490329
25994,0.0627674087882
25996,0.00185131747276
25997,0.0368413999677
25999,0.0455911196768
26003,0.0495456121862
26004,0.177686169744
26005,0.00811144337058
26006,0.0117636322975
26007,0.0361114665866
26008,0.00996296294034
26009,0.00370094086975
26012,0.209515318274
26015,0.0111242784187
26016,0.0453269034624
26018,0.174310788512
26019,0.00298449560069
26020,0.00519137969241
26021,0.00457884091884
26023,0.00184240587987
26025,0.0484041534364
26026,0.00273021357134
26027,0.070447832346
26030,0.0265600103885
26031,0.0203634016216
26035,0.00547383865342
26039,0.103524900973
26040,0.13211171329
26042,0.00869981665164
26043,0.00818345416337
26048,0.12126519531
26052,0.0713310837746
26053,0.00472966209054
26056,0.00334379007109
26059,0.163149222732
26062,0.00960065238178
26063,0.0036893861834
26065,0.0114772329107
26067,0.0233894437551
26069,0.0028412961401
26074,0.00563086848706
26075,0.0281372014433
26076,0.012632981874
26077,0.0587915182114
26078,0.0473539307714
26081,0.0114116389304
26083,0.00699601322412
26084,0.00292154354975
26086,0.0121892066672
26088,0.0279192440212
26089,0.0129518108442
26090,0.0118978451937
26091,0.0185559447855
26094,0.012102146633
26096,0.143565312028
26098,0.165868967772
26100,0.0249207038432
26101,0.0154300779104
26102,0.00244301720522
26106,0.0346106253564
26107,0.00337469996884
26109,0.00783169455826
26113,0.0252863131464
26114,0.0204520206898
26115,0.11722637713
26116,0.010166073218
26121,0.0193445254117
26123,0.0101380739361
26124,0.176913887262
26126,0.0196028240025
26127,0.0368416234851
26131,0.0127083407715
26132,0.00262248096988
26134,0.0231230389327
26136,0.012684199959
26139,0.00265276688151
26140,0.057772051543
26141,0.00655048526824
26142,0.00887309107929
26144,0.00369681301527
26145,0.00950945634395
26146,0.00647827517241
26148,0.0389154702425
26155,0.0160816665739
26157,0.0141994468868
26158,0.00132146838587
26159,0.157418474555
26160,0.0155820166692
26161,0.0114368963987
26163,0.023135619238
26166,0.0196004323661
26170,0.0115181012079
26173,0.0028130300343
26176,0.0456534363329
26178,0.0148348538205
26179,0.0115949353203
26185,0.0232524070889
26186,0.0528925582767
26187,0.0383998192847
26188,0.00285325199366
26192,0.00391900027171
26194,0.162858620286
26195,0.0112899839878
26196,0.00230403523892
26199,0.0129619650543
26200,0.0440821610391
26206,0.00690591149032
26207,0.0334546603262
26208,0.00330571038648
26210,0.00805233046412
26213,0.0099716624245
26214,0.110655575991
26215,0.00297631998546
26217,0.0402493178844
26218,0.0318670943379
26222,0.0135895935819
26225,0.00904337689281
26226,0.00645136274397
26228,0.00793869607151
26229,0.0431419201195
26233,0.00534122670069
26234,0.00360225746408
26235,0.0506168417633
26239,0.00260728411376
26241,0.0422192178667
26242,0.232738271356
26243,0.0386162400246
26244,0.0135943582281
26247,0.0122821861878
26248,0.013115609996
26249,0.0172097198665
26253,0.0058257644996
26254,0.0527434833348
26255,0.109074935317
26256,0.078267775476
26259,0.00984244141728
26261,0.00688635976985
26262,0.258943796158
26264,0.109923131764
26265,0.176368325949
26266,0.0158557146788
26267,0.0112641081214
26268,0.0337758474052
26270,0.00313212047331
26273,0.00193791277707
26275,0.00643334584311
26278,0.00451497174799
26279,0.0606492049992
26281,0.0390664488077
26284,0.00326254265383
26287,0.180243894458
26288,0.00152384291869
26295,0.0104237422347
26298,0.131585583091
26299,0.0377327054739
26300,0.0756756812334
26301,0.0154300779104
26303,0.124037258327
26305,0.0220985990018
26308,0.00140005548019
26310,0.00456016603857
26312,0.0175545420498
26313,0.0741932243109
26314,0.00304889003746
26316,0.00440678792074
26317,0.00513282511383
26319,0.0221349466592
26322,0.0287135522813
26323,0.0153918834403
26329,0.0066801160574
26334,0.00183124700561
26335,0.00267807277851
26338,0.0370597168803
26344,0.009695767425
26345,0.00147757073864
26346,0.142393872142
26348,0.00261162640527
26349,0.0145369656384
26351,0.00289330375381
26352,0.0149907758459
26354,0.0558840297163
26355,0.00572722079232
26359,0.016854416579
26361,0.0513292513788
26363,0.0378158800304
26364,0.0126165766269
26365,0.00751841207966
26369,0.00204236037098
26371,0.0297465771437
26374,0.0407719537616
26376,0.0098623605445
26378,0.00285468460061
26380,0.033313959837
26381,0.0027814686764
26382,0.103538051248
26383,0.00776991201565
26384,0.0149726839736
26387,0.00289185717702
26388,0.0260493829846
26390,0.0643802881241
26391,0.103238843381
26393,0.0168823227286
26394,0.0033746312838
26395,0.00537055777386
26396,0.00148918689229
26397,0.00273155653849
26398,0.0229261890054
26399,0.0356179475784
26400,0.00167131831404
26401,0.0197303909808
26402,0.0567040778697
26403,0.154348865151
26405,0.00462472392246
26407,0.0240739732981
26408,0.0497811175883
26409,0.00390665605664
26410,0.010215469636
26412,0.015674136579
26413,0.0242054462433
26414,0.0260137841105
26415,0.209658965468
26417,0.196675539017
26419,0.013085574843
26420,0.0046773981303
26421,0.0193536318839
26422,0.0279433503747
26423,0.110255375504
26425,0.0196028240025
26427,0.0238068886101
26428,0.0161649864167
26429,0.0515543669462
26432,0.0116395084187
26433,0.184000685811
26434,0.00250611151569
26438,0.00971564464271
26440,0.181669875979
26441,0.0104752229527
26442,0.0905851647258
26444,0.00809949729592
26447,0.0167495254427
26449,0.0141095537692
26450,0.0537207834423
26453,0.0385871492326
26459,0.0170777998865
26460,0.0863685011864
26461,0.00429815519601
26462,0.0018066422781
26464,0.120303101838
26465,0.0153008941561
26467,0.103571623564
26477,0.0199164804071
26479,0.0525024086237
26483,0.0196028240025
26485,0.180243894458
26486,0.0504914447665
26487,0.0292675793171
26488,0.0919131189585
26489,0.00489534204826
26491,0.00271628983319
26492,0.00948811508715
26495,0.0188247170299
26496,0.00304337590933
26497,0.00786590017378
26498,0.00327922008
26499,0.0181242804974
26501,0.141925364733
26508,0.00745522184297
26509,0.19291998446
26510,0.0425157286227
26511,0.00567518454045
26512,0.0385871492326
26515,0.0365180522203
26517,0.00613351259381
26519,0.0244439970702
26521,0.00158242951147
26522,0.00304755708203
26524,0.0337884798646
26525,0.003324291436
26526,0.0734007656574
26527,0.0203604958951
26530,0.0129721080884
26531,0.0353671647608
26537,0.0681764110923
26538,0.06460981071
26540,0.0115802278742
26543,0.00360453268513
26545,0.123987711966
26546,0.00358349690214
26547,0.0056408145465
26549,0.0321964286268
26551,0.0386776104569
26552,0.0484398379922
26555,0.0453585758805
26556,0.00701679009944
26563,0.0162386577576
26564,0.0148458275944
26565,0.158467903733
26567,0.0023287825752
26569,0.0185478311032
26570,0.0248745903373
26572,0.0265575814992
26577,0.00673010013998
26579,0.0031939886976
26581,0.00238457042724
26582,0.00274303974584
26584,0.0143814906478
26588,0.208350881934
26591,0.0029155057855
26592,0.00361407408491
26593,0.00304227182642
26595,0.00552022363991
26596,0.0352935269475
26599,0.017826475203
26600,0.0037877059076
26605,0.0062913922593
26607,0.0121182808653
26610,0.0335925333202
26614,0.00460612121969
26615,0.00853858422488
26616,0.00721944356337
26617,0.0492476709187
26621,0.0394335947931
26622,0.00210334081203
26624,0.00686499336734
26625,0.00329020735808
26628,0.00301130535081
26629,0.0182220041752
26631,0.00166038330644
26636,0.0103992661461
26639,0.00977998226881
26640,0.0124012744054
26641,0.0152831226587
26643,0.014735202305
26644,0.0111204553396
26645,0.0176970977336
26648,0.0109655382112
26649,0.0936256945133
26652,0.00919043738395
26654,0.0169814806432
26657,0.175310641527
26659,0.00592038407922
26662,0.00196354254149
26664,0.00615624105558
26665,0.0850319862366
26668,0.0553576238453
26670,0.0383817665279
26673,0.0336905419827
26674,0.279949218035
26676,0.114314705133
26677,0.0105852456763
26679,0.0299067869782
26683,0.00330754602328
26684,0.162191197276
26685,0.00628132466227
26689,0.190352544188
26691,0.00948811508715
26692,0.00409649405628
26693,0.0115079376847
26694,0.0390856601298
26695,0.00715183699504
26696,0.00277415988967
26697,0.025457598269
26698,0.182862743735
26700,0.00327982497402
26704,0.0132677061483
26706,0.222981482744
26710,0.00590737722814
26714,0.225965797901
26719,0.0574554391205
26720,0.00290462817065
26721,0.0372371450067
26722,0.0262646842748
26724,0.00665466859937
26728,0.00244497018866
26729,0.00451432028785
26730,0.00761437183246
26731,0.016884483397
26734,0.179137080908
26735,0.00347019755282
26738,0.0524598248303
26740,0.101492062211
26742,0.010591680184
26747,0.0310848262161
26749,0.00133367790841
26750,0.106341347098
26752,0.0107578625903
26755,0.162858620286
26758,0.010215469636
26761,0.0137529755011
26762,0.015674136579
26767,0.0234408918768
26772,0.00973656866699
26775,0.0056378650479
26777,0.0217599663883
26780,0.0166641809046
26785,0.0290092602372
26787,0.0124012744054
26788,0.00326452963054
26789,0.00265928334557
26792,0.0365671813488
26794,0.00727373221889
26795,0.244106203318
26797,0.0303653813899
26798,0.0569160804152
26803,0.0488087646663
26804,0.0461027696729
26805,0.0108242267743
26806,0.0185983181
26808,0.00719628110528
26809,0.0122581971809
26810,0.00289330375381
26813,0.023775767535
26817,0.00682576512918
26819,0.0193011071533
26823,0.00863770768046
26824,0.00573414610699
26826,0.0426204502583
26828,0.0212207976729
26829,0.106341347098
26830,0.210061132908
26834,0.0488117970526
26839,0.00837055686861
26842,0.0134589839727
26848,0.0813895687461
26851,0.0208892822266
26852,0.0422586388886
26853,0.0944910645485
26854,0.00480474764481
26855,0.0228174682707
26858,0.0262646842748
26860,0.0788827762008
26861,0.00467421580106
26862,0.00822437461466
26865,0.0134076448157
26866,0.00825963262469
26868,0.206278115511
26873,0.00769446371123
26876,0.0575424171984
26877,0.231943786144
26879,0.16282004118
26880,0.00578934559599
26882,0.0153012666851
26884,0.00770796462893
26885,0.00889621861279
26887,0.0204501152039
26892,0.00256856414489
26893,0.0198327675462
26896,0.208753362298
26897,0.00243156845681
26899,0.0227734465152
26900,0.124707043171
26901,0.0154840806499
26902,0.0165236275643
26903,0.0692449137568
26906,0.00839753355831
26907,0.0154666826129
26912,0.13203831017
26913,0.0453962981701
26920,0.00796381849796
26921,0.0255612879992
26922,0.0287467371672
26926,0.00446995394304
26927,0.00348061136901
26930,0.00751906679943
26931,0.205319151282
26938,0.0154300779104
26939,0.0100572099909
26941,0.0223171897233
26942,0.0196028240025
26945,0.00565794715658
26949,0.00290611712262
26950,0.00604477105662
26951,0.0308407321572
26952,0.0362877808511
26955,0.00284227449447
26958,0.00823352765292
26960,0.0277785174549
26961,0.0141249038279
26964,0.0209129545838
26965,0.0961683243513
26966,0.0842109173536
26968,0.0159980040044
26970,0.253528177738
26971,0.103700265288
26974,0.0947947800159
26976,0.0279447473586
26978,0.00365425203927
26979,0.0196028240025
26981,0.0182759780437
26982,0.0489674471319
26983,0.063953615725
26987,0.0323666147888
26989,0.0299009643495
26991,0.0126258470118
26992,0.125263661146
26993,0.0114203840494
26995,0.00581686990336
26996,0.00444803573191
26997,0.00576512562111
27000,0.0391673110425
27001,0.00690851174295
27004,0.00880279205739
27011,0.00620277645066
27013,0.00623790360987
27016,0.00786481052637
27018,0.00695433467627
27019,0.0144243314862
27020,0.0210091471672
27021,0.00304294028319
27022,0.00845997035503
27023,0.00403383001685
27025,0.0102577377111
27030,0.138374209404
27032,0.0190282333642
27033,0.0492185465991
27038,0.00222184509039
27040,0.0056408145465
27041,0.176368325949
27043,0.00225303997286
27045,0.13312445581
27046,0.0320765599608
27049,0.0119954878464
27050,0.0547798126936
27054,0.00639365613461
27055,0.0515786074102
27058,0.0399404503405
27059,0.080657556653
27060,0.0547963231802
27062,0.0176862254739
27064,0.00942626129836
27068,0.109343938529
27070,0.0306212939322
27072,0.00159903569147
27073,0.00927235279232
27080,0.0936256945133
27084,0.0559375435114
27085,0.0170923750848
27087,0.00320603675209
27089,0.00394673924893
27091,0.0058768466115
27093,0.0556208826602
27100,0.214789271355
27101,0.00393304554746
27102,0.135134041309
27103,0.0247616097331
27106,0.00329074356705
27109,0.0137913431972
27113,0.00948811508715
27115,0.00230560335331
27116,0.0423107370734
27119,0.152385652065
27120,0.0120365237817
27123,0.0323935821652
27124,0.0632007196546
27125,0.0230715498328
27127,0.0238392073661
27128,0.0017501974944
27129,0.0302201043814
27132,0.00980317313224
27133,0.0855065584183
27135,0.0222696084529
27137,0.0688120797276
27138,0.00369986682199
27139,0.0213176980615
27140,0.0537147149444
27141,0.0102051086724
27144,0.0917372703552
27145,0.0236728843302
27146,0.0111362393945
27149,0.105426363647
27151,0.0296563580632
27152,0.0379626862705
27153,0.0196028240025
27154,0.00401891488582
27164,0.00662201410159
27167,0.0150221195072
27168,0.103610552847
27169,0.00712302373722
27171,0.0125980451703
27173,0.107144236565
27175,0.00363681768067
27181,0.271010309458
27182,0.0154300779104
27183,0.0698591321707
27184,0.0198856107891
27185,0.0397790297866
27187,0.00190643232781
27188,0.0059990840964
27189,0.0196028240025
27191,0.015674136579
27192,0.002297752304
27194,0.0046369950287
27195,0.0240164399147
27196,0.036223102361
27197,0.198084026575
27198,0.0229672249407
27199,0.0301099922508
27200,0.00272917933762
27202,0.00914196763188
27203,0.0147492839023
27204,0.00513715390116
27206,0.0992565751076
27208,0.00763444602489
27209,0.0186726115644
27210,0.00522133940831
27211,0.11328664422
27212,0.148503661156
27213,0.0107735078782
27214,0.00486383866519
27216,0.00350813940167
27217,0.0210086219013
27221,0.10376778245
27222,0.00195198669098
27223,0.00349802081473
27225,0.0834780335426
27226,0.0846547335386
27227,0.115440517664
27228,0.0311583746225
27233,0.0322990231216
27234,0.00848134886473
27237,0.183093830943
27238,0.00347083248198
27241,0.0121384365484
27242,0.00658900057897
27244,0.0145423766226
27245,0.0145750977099
27246,0.00946197006851
27247,0.0215766597539
27248,0.0042590778321
27249,0.0024052716326
27251,0.00815257709473
27254,0.0253184065223
27255,0.00929637532681
27256,0.00480766687542
27258,0.183093830943
27259,0.00281801843084
27260,0.00261162640527
27261,0.00379167543724
27262,0.0196730252355
27263,0.0325312167406
27265,0.00413853675127
27267,0.0145995747298
27272,0.00948811508715
27273,0.00227084686048
27274,0.202627763152
27275,0.0328939594328
27277,0.0196503195912
27278,0.0274461079389
27279,0.0429499447346
27281,0.0487936660647
27282,0.0631287619472
27283,0.00238709128462
27284,0.240236803889
27285,0.0689700916409
27286,0.0540767274797
27289,0.213280916214
27291,0.0271333307028
27294,0.0373051911592
27295,0.0230381544679
27296,0.00154156796634
27298,0.313232690096
27299,0.0425435639918
27303,0.027833532542
27304,0.00777874747291
27305,0.0284538082778
27306,0.00628983927891
27308,0.0165611281991
27309,0.181669875979
27310,0.0957122370601
27312,0.0119466977194
27313,0.0262512303889
27314,0.0091739911586
27316,0.0196028240025
27317,0.0166001208127
27318,0.00251636956818
27320,0.0122446948662
27321,0.00241743051447
27327,0.172664731741
27330,0.00357469148003
27334,0.0196028240025
27336,0.146041467786
27340,0.0230734366924
27341,0.0409752503037
27342,0.0588140524924
27343,0.0045296465978
27350,0.0123971058056
27352,0.256093233824
27353,0.00670039979741
27354,0.0185478311032
27356,0.00802088156343
27357,0.00451791333035
27358,0.0356549583375
27359,0.00432157423347
27360,0.0251649655402
27362,0.0562518276274
27363,0.0113763026893
27366,0.0460942611098
27369,0.00222381646745
27370,0.00283585838042
27372,0.171088069677
27378,0.0323145128787
27381,0.0154300779104
27388,0.156615287066
27390,0.00949822552502
27393,0.00512438779697
27394,0.0111688384786
27395,0.00542601663619
27397,0.00117143127136
27406,0.00588650722057
27407,0.0196028240025
27408,0.00238269055262
27409,0.0217269789428
27412,0.116259083152
27414,0.00229651969858
27415,0.0496886074543
27419,0.183093830943
27422,0.118747442961
27423,0.0029046528507
27424,0.0120729077607
27425,0.0141994468868
27427,0.105426363647
27428,0.0204611327499
27431,0.00994960404932
27432,0.0294597409666
27434,0.0145423766226
27435,0.00275132874958
27436,0.0233936198056
27439,0.0403752289712
27441,0.0179267618805
27442,0.00723132956773
27443,0.0172589048743
27444,0.0033324630931
27445,0.0177251454443
27446,0.0288830436766
27451,0.0158796850592
27453,0.00205646222457
27454,0.0385740958154
27455,0.0728822574019
27459,0.0143147902563
27461,0.0324210487306
27465,0.00997297093272
27466,0.113476395607
27469,0.0458783879876
27470,0.0375729762018
27471,0.0113553851843
27472,0.0026572314091
27476,0.0323352143168
27479,0.00161376327742
27480,0.00693690031767
27483,0.0162906683981
27484,0.0320855826139
27487,0.00878181494772
27488,0.00608726264909
27491,0.0265142228454
27492,0.00521234655753
27493,0.00322659313679
27494,0.0185478311032
27495,0.00374096259475
27497,0.0201807692647
27499,0.0393409095705
27502,0.0146454563364
27503,0.234441190958
27508,0.00223460583948
27511,0.00131400034297
27512,0.240956708789
27514,0.0150750782341
27515,0.00263441493735
27516,0.00317868613638
27518,0.237819522619
27520,0.0157547798008
27525,0.0117757786065
27527,0.0173328109086
27528,0.120286285877
27530,0.00363245070912
27532,0.025815455243
27534,0.149125427008
27536,0.00965607911348
27538,0.0204457845539
27540,0.00668712519109
27544,0.0296434499323
27550,0.00897359382361
27552,0.00565548241138
27553,0.0202404968441
27556,0.0242706146091
27557,0.0347246825695
27558,0.00156076287385
27559,0.0133632365614
27562,0.0462926179171
27564,0.0521045364439
27566,0.009695767425
27567,0.034490481019
27568,0.171646714211
27569,0.0141994468868
27571,0.137112244964
27572,0.0283211078495
27576,0.00152141577564
27578,0.024941297248
27579,0.0222002249211
27582,0.00201425119303
27584,0.226085051894
27585,0.166924953461
27587,0.00146652327385
27588,0.0254473630339
27589,0.00484466226771
27593,0.0260799340904
27594,0.0734777525067
27595,0.0181452035904
27596,0.00236367131583
27602,0.171310380101
27604,0.0142317609861
27606,0.101719707251
27610,0.00379747268744
27611,0.0137673076242
27615,0.00345028052106
27617,0.057772051543
27620,0.00726768188179
27622,0.0193752907217
27623,0.0022776783444
27624,0.00893449224532
27626,0.0022094103042
27627,0.0143402582034
27628,0.0176175236702
27629,0.0178448017687
27630,0.00506757060066
27631,0.0196028240025
27632,0.0107391439378
27635,0.0020296566654
27636,0.00865559838712
27637,0.00208575092256
27638,0.010770490393
27641,0.0558840297163
27642,0.176368325949
27643,0.0245806891471
27644,0.0050137154758
27645,0.0318351425231
27646,0.0441660955548
27647,0.0404273793101
27649,0.232333779335
27650,0.0185000244528
27652,0.00646267225966
27654,0.0220979768783
27656,0.0052008992061
27657,0.0325166918337
27658,0.0196526665241
27660,0.00365869747475
27663,0.00996988359839
27664,0.00486835511401
27667,0.0196028240025
27669,0.0698591321707
27672,0.0185988806188
27673,0.00243837200105
27674,0.00970794912428
27676,0.00717371935025
27678,0.0141994468868
27679,0.00686837825924
27680,0.0241050254554
27681,0.0108822714537
27682,0.00321118091233
27683,0.00263146986254
27685,0.176801458001
27686,0.0339737907052
27687,0.00502923736349
27689,0.0150476815179
27690,0.00258935452439
27696,0.0434867739677
27698,0.0169768016785
27699,0.0196028240025
27700,0.0380932055414
27701,0.00493045104668
27704,0.188869059086
27706,0.00707854237407
27710,0.0422677062452
27712,0.0322990231216
27713,0.0341448299587
27714,0.00359431654215
27715,0.00596843054518
27716,0.0616196244955
27718,0.0407947264612
27721,0.00834731943905
27728,0.00887742452323
27730,0.031025711447
27733,0.0125128403306
27735,0.0204525664449
27741,0.00793869607151
27742,0.110574513674
27744,0.019299749285
27749,0.00647152028978
27750,0.00182909949217
27751,0.00135352986399
27752,0.0182575173676
27754,0.0171489436179
27756,0.00252671982162
27758,0.00514604477212
27762,0.00725600449368
27764,0.00268886610866
27765,0.0121351312846
27768,0.0679816827178
27772,0.212880223989
27773,0.0105198603123
27776,0.00544295972213
27778,0.0142397051677
27779,0.00981848221272
27780,0.0102245472372
27782,0.00322833261453
27784,0.0252578891814
27785,0.0203735306859
27786,0.0245650652796
27788,0.0236714240164
27792,0.0165611281991
27797,0.0179068017751
27799,0.217714101076
27801,0.0194008965045
27802,0.0159707330167
27803,0.00464892340824
27804,0.0384440720081
27806,0.0557031296194
27807,0.00342442351393
27808,0.0311806630343
27810,0.0173782873899
27811,0.0127247516066
27814,0.141361102462
27815,0.237387374043
27817,0.0102051086724
27818,0.221839949489
27819,0.00971553381532
27829,0.0217395350337
27831,0.00438700569794
27832,0.0486966669559
27833,0.0101893851534
27836,0.00162119790912
27837,0.0232131686062
27839,0.0117675969377
27840,0.167552128434
27841,0.00199705874547
27842,0.259545564651
27843,0.00659197242931
27845,0.0033147467766
27847,0.0377096347511
27848,0.00297929276712
27849,0.0255321282893
27850,0.0141994468868
27851,0.0237280726433
27854,0.00529909925535
27855,0.0275463480502
27856,0.0269808638841
27857,0.00811805948615
27858,0.00136953417677
27859,0.0141469528899
27860,0.00256989616901
27861,0.0373140722513
27862,0.154820010066
27863,0.0169657431543
27865,0.0132710952312
27870,0.00431893253699
27871,0.00362806813791
27873,0.00248613604344
27874,0.019089948386
27877,0.0119265243411
27880,0.0167843792588
27881,0.00253096572123
27882,0.0179745405912
27883,0.0222766958177
27884,0.02451187931
27885,0.123440474272
27887,0.0988262072206
27890,0.00819192267954
27892,0.00723948469386
27893,0.00329275568947
27895,0.184308931231
27897,0.0143182631582
27901,0.0142314936966
27902,0.175495743752
27903,0.0103757530451
27904,0.00177413539495
27906,0.0330828763545
27907,0.0111634302884
27909,0.180243894458
27910,0.0466540902853
27911,0.0292678773403
27913,0.0155470920727
27915,0.010770490393
27917,0.100614108145
27918,0.0261474568397
27921,0.159745484591
27922,0.236275628209
27925,0.136459827423
27926,0.00197656312957
27927,0.241975918412
27930,0.00580401485786
27931,0.00417414726689
27932,0.121026359499
27934,0.00333813624457
27935,0.0125980451703
27938,0.12315389514
27941,0.00347239291295
27942,0.00589123601094
27944,0.158443048596
27946,0.065450258553
27947,0.0191633887589
27951,0.0125279789791
27953,0.00364298652858
27957,0.0126522555947
27963,0.0342495851219
27965,0.145549610257
27966,0.00626002019271
27969,0.30926579237
27970,0.0119770905003
27971,0.0365208871663
27972,0.00232300790958
27974,0.00223813508637
27976,0.0252578891814
27977,0.104837149382
27979,0.0495814196765
27980,0.00301993568428
27984,0.00378527957946
27985,0.00235508754849
27988,0.0576756186783
27989,0.0104125728831
27992,0.00948811508715
27996,0.00237021455541
27997,0.0117045929655
27998,0.00468397606164
27999,0.13696244359
28002,0.171088069677
28005,0.00618944270536
28007,0.00238709128462
28009,0.0229678023607
28011,0.00373114622198
28012,0.0579142645001
28014,0.107490800321
28016,0.0460063032806
28018,0.0138773517683
28020,0.132930055261
28021,0.00355720147491
28025,0.0845204219222
28027,0.00262900814414
28028,0.00710799498484
28030,0.00469773216173
28032,0.144703224301
28034,0.247092753649
28035,0.0388727709651
28036,0.0318670943379
28037,0.171646714211
28039,0.0159948132932
28040,0.0504834763706
28042,0.127456441522
28043,0.00241967150941
28044,0.00281053269282
28045,0.0122233228758
28046,0.0243810657412
28047,0.00948811508715
28048,0.0124514885247
28049,0.00216363300569
28050,0.0332669019699
28052,0.00122575252317
28053,0.110341794789
28054,0.0554206781089
28055,0.00278377742507
28057,0.0141994468868
28059,0.0112926196307
28062,0.0108881853521
28063,0.00213047675788
28066,0.00888865813613
28067,0.0120799737051
28069,0.0270679462701
28071,0.0143397655338
28074,0.0187344122678
28075,0.0216078218073
28077,0.00973762571812
28080,0.0220985990018
28085,0.00193988461979
28087,0.00234671426006
28088,0.00540237082168
28089,0.00882916338742
28095,0.147756010294
28096,0.0270818397403
28097,0.00327379629016
28100,0.00640834355727
28101,0.00225371867418
28103,0.155841037631
28104,0.0893825441599
28105,0.0721856057644
28106,0.0507399663329
28109,0.186872243881
28110,0.0404507741332
28111,0.0247358568013
28113,0.00596615951508
28114,0.00156168313697
28115,0.159217968583
28117,0.00750629184768
28119,0.00636955257505
28120,0.104779116809
28121,0.00727023510262
28123,0.00273049273528
28127,0.0114845121279
28132,0.00562544818968
28133,0.0573001690209
28136,0.0144571568817
28140,0.00920429825783
28143,0.112738467753
28144,0.00343958265148
28145,0.00278373900801
28147,0.0814658626914
28149,0.00246389769018
28151,0.0185080412775
28152,0.0392957106233
28155,0.0278420485556
28156,0.0364728234708
28157,0.08908919245
28158,0.00334264943376
28159,0.00766159174964
28161,0.00600527506322
28163,0.179096341133
28170,0.0087005821988
28173,0.00213299342431
28177,0.0229317583144
28179,0.0128710521385
28181,0.0157977007329
28182,0.0429489463568
28184,0.00686451233923
28185,0.0196028240025
28186,0.00650739157572
28189,0.00657335435972
28190,0.0141994468868
28192,0.0412058308721
28195,0.0632848143578
28196,0.0160038974136
28197,0.0463093444705
28198,0.0408242382109
28200,0.0212489143014
28201,0.187021121383
28204,0.0266483202577
28205,0.0407318584621
28207,0.167927995324
28209,0.0238704178482
28211,0.00243556685746
28212,0.00911196228117
28213,0.0119014941156
28215,0.0128961391747
28216,0.0606492049992
28217,0.00911659188569
28218,0.00147093879059
28221,0.0181820560247
28222,0.0786147788167
28223,0.00275513459928
28224,0.164333090186
28225,0.0131882922724
28226,0.0623590648174
28228,0.0020663884934
28229,0.00454842112958
28232,0.00322792306542
28234,0.0179196354002
28236,0.0509723871946
28237,0.0283592063934
28238,0.0196028240025
28239,0.00160592154134
28244,0.119512289762
28246,0.0297318138182
28247,0.0137590952218
28254,0.0236168541014
28255,0.0129697276279
28257,0.242018252611
28260,0.00378357549198
28261,0.00749448966235
28262,0.049483731389
28267,0.0281286705285
28269,0.00220467546023
28271,0.00601055985317
28275,0.0213838741183
28276,0.0404745563865
28277,0.00419639144093
28278,0.00471222447231
28281,0.0357243418694
28283,0.0507262535393
28284,0.00820953398943
28286,0.0258453693241
28287,0.0768844038248
28289,0.00184848578647
28291,0.0247203093022
28293,0.0403160005808
28294,0.00483141560107
28296,0.0261950418353
28297,0.00364060723223
28299,0.0080126458779
28300,0.00177174375858
28302,0.0128999035805
28303,0.0196028240025
28305,0.0764783471823
28310,0.00147362216376
28311,0.0865356400609
28312,0.0306360274553
28315,0.0165078043938
28317,0.0334821939468
28318,0.001451375545
28319,0.0337796993554
28320,0.00140366016421
28322,0.00506122270599
28323,0.00211294181645
28326,0.00801936071366
28331,0.00233051483519
28332,0.00531018478796
28333,0.0142688760534
28335,0.276935279369
28336,0.0264389440417
28339,0.00309259723872
28340,0.0333496592939
28341,0.0197349563241
28342,0.00234871008433
28343,0.00391708733514
28344,0.0121382186189
28347,0.00981898233294
28348,0.0362538769841
28349,0.0176157392561
28353,0.00980778876692
28355,0.00662801740691
28359,0.029884673655
28360,0.0545211471617
28361,0.0228553172201
28362,0.0349747687578
28365,0.00558387441561
28368,0.117768727243
28370,0.148265272379
28371,0.0385871492326
28373,0.0321632809937
28374,0.0156267192215
28378,0.0258245822042
28380,0.0289112627506
28381,0.00625030696392
28383,0.0035684350878
28385,0.156160280108
28386,0.040874261409
28387,0.119262643158
28391,0.0233747754246
28392,0.0318670943379
28393,0.00371021474712
28394,0.13211171329
28395,0.0153532624245
28396,0.0116007737815
28397,0.00674253655598
28398,0.0170881599188
28400,0.0196028240025
28401,0.167471647263
28402,0.00538171315566
28403,0.0168572291732
28404,0.0185136888176
28407,0.03214456141
28410,0.0237365812063
28411,0.00612642383203
28413,0.0133320707828
28415,0.00879412237555
28416,0.00876899063587
28417,0.103925377131
28419,0.0827494263649
28422,0.00360343349166
28423,0.00268895202316
28424,0.00728555582464
28429,0.0307153761387
28432,0.0337313711643
28433,0.0377969034016
28434,0.0379390083253
28435,0.00180991715752
28437,0.00683206459507
28438,0.00398265756667
28439,0.00612401170656
28440,0.0352138355374
28441,0.00117604993284
28447,0.010044997558
28448,0.0333444327116
28449,0.0567215234041
28451,0.0159633979201
28453,0.0668871179223
28456,0.00537504302338
28457,0.00153249234427
28461,0.0100507028401
28463,0.203772425652
28464,0.0177754107863
28465,0.00839718431234
28468,0.00589232239872
28472,0.0204955171794
28473,0.0375301279128
28474,0.00474888971075
28475,0.0282153841108
28477,0.0087005821988
28478,0.0100215487182
28481,0.00283756037243
28482,0.00556332571432
28485,0.00156857410911
28486,0.210413008928
28487,0.0066779111512
28489,0.0388929694891
28491,0.00674210861325
28496,0.00455354107544
28497,0.00282345153391
28498,0.0490921214223
28499,0.0130695793778
28500,0.0307153761387
28501,0.0488503091037
28503,0.0116512253881
28506,0.009695767425
28508,0.217747241259
28509,0.0307029783726
28510,0.00207374151796
28511,0.00266106589697
28518,0.00272741727531
28519,0.00256989616901
28520,0.0214157607406
28521,0.00262060458772
28522,0.00238709128462
28524,0.00270206388086
28526,0.137177869678
28527,0.00464896298945
28530,0.0202851351351
28534,0.00286793988198
28535,0.0418241545558
28536,0.0196028240025
28538,0.0033062947914
28539,0.00376334995963
28541,0.00197140593082
28543,0.0307790059596
28544,0.0385871492326
28545,0.0175537448376
28551,0.0033475139644
28554,0.0233851466328
28555,0.00309595069848
28556,0.118854485452
28560,0.00602569477633
28562,0.00333939120173
28563,0.0145423766226
28564,0.0697893351316
28568,0.00259113847278
28570,0.0166976004839
28571,0.00579513981938
28572,0.219556882977
28575,0.0220337491482
28576,0.201786205173
28577,0.00818768143654
28578,0.0028278962709
28582,0.0325312167406
28583,0.0600354336202
28584,0.00365101406351
28585,0.257843583822
28591,0.0252400431782
28593,0.021829707548
28598,0.0210701804608
28600,0.00341566512361
28601,0.00608372688293
28604,0.0161676108837
28605,0.00477185379714
28606,0.00229798723012
28608,0.190774872899
28610,0.0234788376838
28612,0.00910896621644
28613,0.00948811508715
28614,0.010946188122
28618,0.00149492558558
28620,0.0123127549887
28621,0.0196028240025
28624,0.0168793946505
28627,0.00731936842203
28628,0.0508442185819
28632,0.0380710288882
28635,0.00971553381532
28636,0.0597680546343
28640,0.00971564464271
28641,0.0148248989135
28647,0.0185714960098
28650,0.00136814313009
28651,0.0915027335286
28652,0.156160280108
28653,0.0485959723592
28654,0.0384308435023
28657,0.009525985457
28658,0.0352769456804
28660,0.00481854798272
28661,0.0214157607406
28662,0.00356251560152
28666,0.0074164532125
28667,0.0361450016499
28668,0.00304806837812
28669,0.00478427717462
28670,0.0023963204585
28674,0.0121665941551
28678,0.00358525617048
28679,0.115784659982
28680,0.013438523747
28681,0.0309985522181
28682,0.0320855826139
28683,0.0248130466789
28684,0.0274141784757
28690,0.05244807899
28692,0.0057249921374
28693,0.0112859616056
28694,0.00419604452327
28695,0.00734342075884
28696,0.075999841094
28697,0.00435145851225
28698,0.0121892066672
28701,0.0211912691593
28702,0.0381970256567
28703,0.0210919044912
28704,0.0718929469585
28707,0.0668511763215
28708,0.0214655231684
28712,0.0305166430771
28714,0.0649548843503
28715,0.244584709406
28716,0.0774342566729
28717,0.0335594415665
28718,0.0184730570763
28720,0.102193765342
28721,0.0065237605013
28723,0.118135392666
28724,0.0263066738844
28726,0.0384028032422
28727,0.0534809753299
28729,0.0145216044039
28730,0.0150750782341
28731,0.0145694557577
28736,0.0440716743469
28738,0.00141024030745
28740,0.0107290418819
28743,0.0106752198189
28744,0.0215804092586
28750,0.0266483202577
28751,0.00324009242468
28754,0.00981986802071
28755,0.00165525195189
28756,0.00912985485047
28757,0.00508871302009
28759,0.0147323021665
28760,0.243798583746
28763,0.0119589287788
28764,0.047733630985
28765,0.0110448971391
28766,0.0142274741083
28767,0.0208656899631
28768,0.0156530868262
28769,0.0414960570633
28771,0.0794209241867
28772,0.0498412027955
28773,0.0239879731089
28774,0.0093826437369
28776,0.0240439176559
28777,0.0151141798124
28780,0.00593454763293
28783,0.0235004443675
28785,0.00309880124405
28787,0.00956469681114
28789,0.0079012978822
28794,0.00896003842354
28795,0.00213478133082
28797,0.0322181209922
28798,0.0348334088922
28799,0.0198206976056
28800,0.00738668581471
28801,0.0256319325417
28803,0.00486829737201
28805,0.00259308493696
28806,0.0106812436134
28808,0.0306294225156
28811,0.00212630140595
28812,0.0146785229445
28814,0.0132139027119
28816,0.00724600907415
28818,0.0364690609276
28819,0.0913718864322
28820,0.0159462764859
28830,0.00971564464271
28831,0.0913569405675
28835,0.00610088324174
28836,0.0448990575969
28837,0.00596425961703
28838,0.0352935269475
28840,0.055336933583
28841,0.0124012744054
28842,0.00652004638687
28843,0.0169150158763
28846,0.015371857211
28849,0.00809009000659
28850,0.00308029190637
28851,0.289452880621
28853,0.0135949710384
28855,0.0751726031303
28858,0.0169970728457
28861,0.0108319437131
28863,0.00313870515674
28866,0.00380871095695
28870,0.0137759158388
28872,0.0226698610932
28873,0.0220291353762
28877,0.017665643245
28879,0.0642643645406
28881,0.00226006982848
28882,0.00464306026697
28883,0.0647914856672
28885,0.0220184121281
28887,0.0902407839894
28889,0.0499917156994
28890,0.0028172172606
28892,0.0050842682831
28894,0.0203434880823
28897,0.0105719650164
28902,0.0119526376948
28904,0.0150465359911
28907,0.146135479212
28910,0.00456447340548
28918,0.0152922105044
28921,0.029164288193
28922,0.00442955968902
28923,0.184786275029
28924,0.00149880687241
28925,0.00393538828939
28927,0.0132203325629
28931,0.0286861918867
28932,0.228212311864
28933,0.00238439813256
28935,0.0352305956185
28936,0.00242775119841
28937,0.0398129671812
28938,0.0301066227257
28941,0.0323582738638
28942,0.217299133539
28943,0.00217179139145
28947,0.0160472150892
28948,0.0145423766226
28950,0.0170358121395
28951,0.00880692061037
28952,0.00973656866699
28958,0.0425799563527
28960,0.0725601688027
28961,0.0149612948298
28962,0.0683586075902
28968,0.0303909145296
28972,0.167927995324
28973,0.0417323075235
28974,0.0172182545066
28975,0.0323717072606
28976,0.00385671365075
28977,0.0107497973368
28978,0.00968645047396
28980,0.00424097897485
28983,0.0121204610914
28984,0.0217968896031
28986,0.0138541786
28987,0.155481100082
28988,0.00606253137812
28989,0.00429299939424
28990,0.0159462764859
28992,0.00334732304327
28993,0.0154300779104
28996,0.00548221403733
28997,0.00384420691989
28998,0.0144425844774
29001,0.00618440005928
29003,0.0271397288889
29006,0.0278398729861
29010,0.00932701397687
29011,0.0186897013336
29013,0.0187076255679
29015,0.224088102579
29016,0.0435266308486
29018,0.00799986813217
29021,0.0125300148502
29025,0.0220291353762
29026,0.0152416126803
29027,0.0324312373996
29028,0.00136147707235
29029,0.0768530070782
29032,0.152816727757
29033,0.0365245863795
29035,0.00149991060607
29038,0.0356621295214
29041,0.0165611281991
29045,0.110691532493
29046,0.0152880959213
29048,0.0270813982934
29051,0.0180660504848
29053,0.0133283957839
29054,0.0137590952218
29055,0.02159707807
29057,0.0089146355167
29059,0.0117880580947
29060,0.0353185459971
29061,0.0153918834403
29063,0.00771571835503
29066,0.188664108515
29068,0.223191216588
29070,0.209598660469
29073,0.0026417481713
29075,0.00225222227164
29077,0.0333300642669
29078,0.00253991130739
29079,0.128675058484
29082,0.00317696412094
29084,0.0185914728791
29087,0.0112371407449
29089,0.105313196778
29092,0.0296434499323
29093,0.0959289669991
29094,0.00866360124201
29101,0.0320353023708
29102,0.00287239532918
29105,0.00824147462845
29106,0.0288737695664
29107,0.0984480157495
29108,0.109745651484
29110,0.00604404369369
29112,0.00543668074533
29113,0.0349295586348
29114,0.00445467047393
29115,0.0408730171621
29116,0.00143438216764
29119,0.0376858487725
29120,0.026785492897
29122,0.00753394141793
29125,0.0329056195915
29126,0.0155364628881
29128,0.00227615656331
29130,0.0141994468868
29132,0.0046010366641
29133,0.19388769567
29134,0.0894378423691
29135,0.137356668711
29136,0.0133653944358
29137,0.13459149003
29139,0.0026680289302
29145,0.0692441612482
29147,0.00638169888407
29148,0.0550717897713
29149,0.0129691101611
29150,0.00390574522316
29152,0.00291954260319
29153,0.0173419825733
29154,0.00948811508715
29156,0.00506210885942
29159,0.182694420218
29160,0.0026393760927
29164,0.00133843056392
29165,0.00264625367709
29166,0.00568270776421
29169,0.0068387822248
29170,0.0140014085919
29171,0.00907825771719
29172,0.0136438794434
29173,0.00227176095359
29174,0.0405472964048
29175,0.015765607357
29176,0.0963322296739
29177,0.0213485192508
29178,0.0581638216972
29179,0.253528177738
29180,0.180642962456
29187,0.00403178855777
29188,0.0839104577899
29189,0.0154300779104
29190,0.0130629623309
29191,0.0114395329729
29192,0.185527220368
29194,0.00932067539543
29195,0.024031734094
29198,0.0226700287312
29202,0.0169410444796
29204,0.0345430001616
29206,0.00268013030291
29207,0.00285691022873
29208,0.0103465188295
29209,0.00201998068951
29210,0.0900986641645
29211,0.182393267751
29215,0.0185800548643
29218,0.0110783753917
29219,0.0168762784451
29221,0.0231334399432
29222,0.00243156845681
29225,0.0172981005162
29226,0.00706073595211
29230,0.0101438909769
29231,0.00938748009503
29233,0.0119483126327
29234,0.00336594530381
29238,0.0262512303889
29240,0.00569306313992
29243,0.00923315715045
29244,0.0227858051658
29245,0.0656432434916
29246,0.0262512303889
29247,0.00569306313992
29248,0.0174791831523
29254,0.00372964492999
29255,0.00181991711725
29257,0.0118402084336
29258,0.0202373862267
29260,0.0133346738294
29264,0.00213299342431
29266,0.0304669383913
29273,0.0325312167406
29274,0.0165260303766
29275,0.0300665255636
29276,0.00467275874689
29277,0.028255674988
29279,0.00131437275559
29280,0.0497372411191
29281,0.181907817721
29286,0.0629702284932
29287,0.0141994468868
29288,0.0255116652697
29295,0.030348489061
29297,0.0109922867268
29299,0.07493994385
29301,0.00268246629275
29302,0.0184997301549
29304,0.0046441135928
29307,0.0356358401477
29309,0.015519361943
29312,0.0569250546396
29313,0.0208778195083
29315,0.00333734788001
29319,0.203583151102
29322,0.0023965141736
29324,0.0649404898286
29326,0.174748688936
29331,0.00920560769737
29332,0.0472229644656
29334,0.0106942476705
29336,0.00223364075646
29337,0.0113942716271
29340,0.00205596815795
29342,0.0108102718368
29343,0.012901974842
29345,0.0320215374231
29346,0.0163805987686
29348,0.0023832176812
29349,0.00438647251576
29350,0.0466832816601
29352,0.0373934097588
29353,0.0222876854241
29359,0.00220518023707
29361,0.0231180377305
29363,0.00305245746858
29365,0.00709492340684
29367,0.00451372284442
29368,0.0362673327327
29371,0.00623255828395
29372,0.0144644081593
29374,0.249447196722
29376,0.0129691101611
29377,0.0220108833164
29380,0.0303134024143
29387,0.0216604247689
29389,0.019493252039
29390,0.011483900249
29391,0.00419139117002
29393,0.0355692692101
29394,0.0332667939365
29395,0.0457316152751
29398,0.0739316865802
29401,0.00726251676679
29403,0.00433873850852
29404,0.0293258000165
29407,0.0296728704125
29410,0.00256989616901
29411,0.0196028240025
29412,0.0168823227286
29415,0.00516730966046
29419,0.00359321176074
29421,0.00431167753413
29422,0.009900232777
29427,0.0207300074399
29431,0.0174939632416
29432,0.032052282244
29433,0.0899975597858
29435,0.0428775399923
29436,0.0328509360552
29438,0.0410928726196
29439,0.0185478311032
29440,0.0161006767303
29443,0.0166489351541
29445,0.00370284193195
29447,0.00925859995186
29448,0.00603367388248
29451,0.0080639552325
29453,0.146166369319
29454,0.00187816354446
29455,0.0058282893151
29460,0.165868967772
29461,0.00505228620023
29465,0.00717731378973
29467,0.00468530831859
29470,0.0133424811065
29471,0.00308031216264
29472,0.00661958334967
29474,0.00520058814436
29475,0.0565358325839
29476,0.189754262567
29478,0.0199285466224
29479,0.0118402084336
29481,0.0249474328011
29483,0.0312412623316
29486,0.0723224133253
29487,0.00444422336295
29488,0.0327929630876
29491,0.0325724221766
29492,0.0139729976654
29493,0.0088424263522
29494,0.00148279371206
29495,0.0038866486866
29496,0.0170703567564
29498,0.00443786289543
29500,0.0347607247531
29503,0.0327540710568
29505,0.0839240327477
29507,0.135922402143
29508,0.0151873510331
29509,0.00372453313321
29510,0.0418864414096
29511,0.0154300779104
29515,0.0196611005813
29518,0.00939687248319
29519,0.00292758224532
29520,0.00877503957599
29523,0.00440956698731
29524,0.0924942791462
29526,0.0249172002077
29528,0.00807999074459
29529,0.0196028240025
29530,0.00387429026887
29539,0.0082829175517
29543,0.00236505153589
29544,0.0345430001616
29545,0.0185139998794
29546,0.203772425652
29547,0.0515075102448
29548,0.00274638133124
29550,0.00509299058467
29551,0.011257763952
29555,0.0553215779364
29556,0.0489956364036
29557,0.063953615725
29560,0.0408261045814
29561,0.0105652883649
29562,0.0139877619222
29563,0.0229729712009
29566,0.0120799737051
29568,0.0306869205087
29569,0.00306796375662
29571,0.00145120348316
29574,0.00326371798292
29575,0.00277502276003
29576,0.0176624078304
29577,0.208753362298
29578,0.00241831829771
29579,0.00286433659494
29580,0.00232445145957
29583,0.0211573019624
29587,0.0104273771867
29588,0.00452116783708
29591,0.0141572915018
29594,0.254297465086
29597,0.0263451617211
29598,0.158989906311
29599,0.0111063271761
29603,0.0504630245268
29606,0.022462407127
29607,0.0297575816512
29608,0.0167839545757
29611,0.00886534061283
29615,0.0458001159132
29619,0.0094868959859
29620,0.153664037585
29621,0.0154949761927
29622,0.00244380044751
29623,0.00146618543658
29625,0.0539498515427
29627,0.120236620307
29630,0.00423291372135
29637,0.014049815014
29640,0.00343032926321
29642,0.00142931181472
29643,0.00178485596552
29644,0.009695767425
29647,0.0185478311032
29650,0.0524509809911
29651,0.00477988133207
29652,0.0216816347092
29653,0.0153769180179
29657,0.00263282074593
29658,0.025449519977
29659,0.10563261807
29660,0.00496157631278
29663,0.00398915819824
29664,0.0469840653241
29665,0.0288048684597
29666,0.0358435250819
29670,0.00304470723495
29672,0.061502430588
29676,0.0609764121473
29677,0.00196871021762
29680,0.167927995324
29683,0.0057253530249
29684,0.00581606524065
29685,0.00229310570285
29686,0.217169135809
29687,0.112330824137
29689,0.0254621058702
29691,0.0180495660752
29698,0.0101140523329
29699,0.0132582830265
29700,0.0135528445244
29701,0.00543960276991
29703,0.00319065060467
29704,0.0157547798008
29705,0.00341321039014
29707,0.0219435244799
29709,0.208753362298
29710,0.00550312222913
29711,0.00200429442339
29712,0.00337066291831
29715,0.00635789567605
29717,0.0213777795434
29718,0.00657135201618
29720,0.00135338224936
29721,0.0141994468868
29723,0.184000685811
29724,0.00271164742298
29730,0.13176946342
29731,0.0160978585482
29733,0.00275395438075
29734,0.0113087305799
29735,0.00801864359528
29740,0.00426824064925
29741,0.00236595841125
29742,0.0175545420498
29744,0.00279198726639
29745,0.0703815892339
29746,0.0160919837654
29747,0.00689842598513
29749,0.0453361682594
29750,0.00287308660336
29753,0.00963910855353
29756,0.0991276055574
29757,0.0172946080565
29759,0.00257500051521
29760,0.130421429873
29762,0.0174338091165
29764,0.012778416276
29767,0.00694143818691
29768,0.00276906881481
29770,0.0246983207762
29771,0.0141461743042
29773,0.00479375431314
29775,0.00973931793123
29776,0.00646281288937
29779,0.196552351117
29782,0.0134171098471
29783,0.0046925181523
29784,0.00201375945471
29785,0.0141994468868
29790,0.00149096688256
29792,0.0536804161966
29794,0.0394642390311
29795,0.00772028276697
29797,0.00382211897522
29799,0.0150604015216
29804,0.0896070078015
29805,0.00631663901731
29808,0.0899749100208
29810,0.0245023984462
29811,0.0325312167406
29813,0.141494899988
29814,0.0330254100263
29815,0.00851679313928
29819,0.0322511792183
29822,0.0028412961401
29824,0.00199339725077
29825,0.242606192827
29827,0.0163693856448
29833,0.00400945916772
29834,0.00251533696428
29835,0.0140341557562
29837,0.0149907758459
29838,0.0114451693371
29839,0.0312760695815
29840,0.0154300779104
29841,0.00827478244901
29842,0.0703088864684
29843,0.022855065763
29845,0.0133375041187
29846,0.0947012454271
29847,0.179972171783
29848,0.0424058511853
29849,0.0131974052638
29852,0.0190949887037
29862,0.0784417018294
29863,0.0269539374858
29868,0.0150143960491
29869,0.00983959715813
29870,0.0117288371548
29873,0.00652479240671
29874,0.201246112585
29875,0.0394432097673
29876,0.0202601123601
29877,0.0712774023414
29879,0.183093830943
29880,0.0746017470956
29881,0.211272507906
29882,0.017542893067
29884,0.0381802022457
29885,0.0422824658453
29886,0.0023965141736
29890,0.070755712688
29892,0.00856146309525
29894,0.00556461606175
29895,0.00517474906519
29896,0.00195238995366
29898,0.00587293645367
29899,0.00705990986899
29900,0.00985174905509
29901,0.00520506734028
29905,0.00364930531941
29906,0.0117431785911
29907,0.0567538700998
29908,0.0134085286409
29909,0.0121892066672
29910,0.0255321282893
29911,0.00854276772588
29914,0.0172916986048
29915,0.103495106101
29916,0.0674573332071
29917,0.135216236115
29918,0.0757080763578
29920,0.215518593788
29923,0.00469418847933
29926,0.0581569112837
29927,0.171294510365
29931,0.0235905721784
29932,0.00600807089359
29933,0.0028807441704
29934,0.0316603668034
29937,0.0115264216438
29941,0.0147515144199
29945,0.190002664924
29948,0.0385871492326
29950,0.0461007356644
29954,0.073085591197
29956,0.0462621226907
29958,0.164334267378
29960,0.00185250642244
29961,0.0102258799598
29963,0.00771720474586
29964,0.0015059793368
29968,0.00496147526428
29969,0.0414888300002
29971,0.062390550971
29973,0.0112582473084
29974,0.0038634496741
29976,0.0231538377702
29977,0.0165202505887
29978,0.00276686018333
29979,0.0141994468868
29980,0.157713219523
29984,0.113324470818
29985,0.0424956344068
29987,0.00574737368152
29990,0.073529407382
29991,0.00793779082596
29993,0.0103877251968
29994,0.0195932090282
29998,0.00263586384244
29999,0.0465460158885
30001,0.00759481312707
30007,0.0241755079478
30011,0.0318670943379
30013,0.182862743735
30015,0.0123826535419
30018,0.00345461489633
30019,0.0025613324251
30021,0.0024747599382
30022,0.0198003444821
30026,0.00931582413614
30029,0.0439261011779
30038,0.0145423766226
30039,0.0156056601554
30041,0.0320689938962
30042,0.00430921744555
30043,0.00357094174251
30045,0.13211171329
30046,0.0611951164901
30048,0.0244018752128
30051,0.0627674087882
30053,0.009551204741
30054,0.0180716719478
30058,0.00133647979237
30061,0.00428687874228
30063,0.0506518669426
30065,0.0176104344428
30067,0.032535802573
30070,0.135084912181
30071,0.199644088745
30072,0.00357783515938
30074,0.00334483454935
30075,0.0558840297163
30080,0.0159560143948
30082,0.0119997840375
30084,0.00207748101093
30085,0.00352087127976
30086,0.0265592969954
30089,0.0114324865863
30090,0.00137268635444
30096,0.00141886039637
30103,0.00627418234944
30104,0.010987399146
30105,0.0385871492326
30106,0.0491907447577
30107,0.0221882984042
30108,0.0312556549907
30112,0.166775926948
30114,0.00483965780586
30115,0.0106986621395
30116,0.00249383645132
30119,0.00672490289435
30120,0.0490730553865
30126,0.00601972592995
30127,0.0424056015909
30130,0.0113315936178
30131,0.0129871545359
30132,0.0242243371904
30133,0.106281369925
30137,0.0198759436607
30139,0.102109096944
30140,0.00143252499402
30141,0.0108474968001
30144,0.00291119678877
30146,0.0173857714981
30147,0.0377702154219
30148,0.018104404211
30150,0.00277230725624
30151,0.0224332418293
30155,0.0157451927662
30156,0.113667935133
30160,0.0166656654328
30163,0.0136234555393
30164,0.00321514857933
30165,0.00160161219537
30166,0.0372371450067
30167,0.0932216495275
30169,0.205161035061
30175,0.0196028240025
30177,0.0188402608037
30178,0.0237365812063
30179,0.0147893875837
30180,0.0919548273087
30181,0.00856550689787
30184,0.0122654400766
30185,0.00481870351359
30188,0.0025226646103
30194,0.0337330698967
30196,0.00352753093466
30197,0.0393898189068
30202,0.0216196794063
30206,0.00195245025679
30207,0.0682292208076
30208,0.00361535721458
30209,0.010003823787
30210,0.0018611124251
30213,0.0290092602372
30214,0.0031626354903
30215,0.203772425652
30216,0.109392248094
30217,0.0186636857688
30218,0.125106438994
30219,0.00258108461276
30220,0.00701616611332
30221,0.00169950851705
30223,0.00574425468221
30225,0.181669875979
30227,0.0616196244955
30228,0.00321049848571
30229,0.0207952540368
30231,0.0196028240025
30232,0.00898451171815
30234,0.0791870802641
30235,0.253528177738
30237,0.0225588064641
30238,0.04077180475
30239,0.00279726833105
30241,0.00387598550878
30243,0.00385121977888
30245,0.00353588117287
30246,0.0196028240025
30248,0.0106876352802
30249,0.0180753730237
30251,0.0204167012125
30252,0.00852458458394
30257,0.0040725544095
30261,0.0029477304779
30262,0.00234899180941
30265,0.0128644807264
30267,0.00429976778105
30269,0.00205370644107
30270,0.0141994468868
30271,0.0469784289598
30273,0.00478790933266
30274,0.0022268507164
30275,0.0555532313883
30276,0.00211527547799
30277,0.0558840297163
30282,0.0161477196962
30284,0.00135437131394
30285,0.147678092122
30286,0.0132163967937
30291,0.189330384135
30293,0.264599442482
30294,0.0170900113881
30295,0.0234409812838
30296,0.0566956698895
30297,0.0233582630754
30300,0.0126522555947
30301,0.157189056277
30302,0.101961754262
30307,0.0170923750848
30309,0.0104876114056
30315,0.00163597660139
30318,0.00966975092888
30319,0.00348822772503
30322,0.0203770846128
30323,0.00753871630877
30325,0.00999764818698
30326,0.0177339985967
30329,0.0338946990669
30335,0.0148769570515
30336,0.00829268060625
30340,0.00496157445014
30343,0.0211869291961
30345,0.0316680558026
30350,0.105421550572
30351,0.0241196956486
30352,0.0154300779104
30355,0.00623634876683
30358,0.0181674156338
30359,0.00591781176627
30361,0.0272182580084
30363,0.0162210706621
30364,0.0750747025013
30365,0.0104122096673
30366,0.00284366006963
30367,0.164216533303
30368,0.00746947247535
30369,0.0141994468868
30370,0.00564412400126
30372,0.0473591573536
30376,0.00430120294914
30379,0.0118673089892
30380,0.00756393186748
30381,0.0102732265368
30384,0.0260129217058
30386,0.00272372202016
30387,0.00227894238196
30389,0.0395075194538
30390,0.0404184646904
30391,0.247191980481
30394,0.0141994468868
30395,0.0193040724844
30396,0.157724365592
30397,0.289922267199
30398,0.034478366375
30400,0.0168823227286
30402,0.0175586715341
30403,0.00273489160463
30404,0.00851909723133
30406,0.00144754454959
30407,0.0206684861332
30408,0.0141994468868
30409,0.00948811508715
30410,0.009695767425
30415,0.0185749866068
30417,0.0190276503563
30418,0.0196028240025
30419,0.0060477424413
30421,0.00460712891072
30422,0.0214157607406
30423,0.113609284163
30424,0.157189056277
30425,0.0114361094311
30426,0.00783988274634
30431,0.201547667384
30432,0.00445286743343
30434,0.225381612778
30437,0.00508029991761
30440,0.0339502282441
30443,0.0164218135178
30444,0.102027796209
30448,0.0558840297163
30449,0.00250214780681
30451,0.00537403346971
30453,0.002861200599
30454,0.00809699203819
30455,0.0106850685552
30456,0.143625333905
30459,0.160212978721
30464,0.047186255455
30465,0.0025887794327
30466,0.00649073207751
30467,0.00197898107581
30468,0.211272507906
30469,0.00447956845164
30470,0.203772425652
30472,0.0035452498123
30479,0.0181777197868
30480,0.0121882064268
30481,0.00139143224806
30485,0.147999808192
30487,0.0111055625603
30489,0.0152202285826
30495,0.015845451504
30496,0.0175928547978
30498,0.0135086616501
30501,0.0780827254057
30502,0.0159788504243
30503,0.292458623648
30504,0.0245433188975
30505,0.0102471029386
30506,0.0190038923174
30507,0.149897843599
30508,0.0136670386419
30510,0.00712554994971
30512,0.00255991751328
30514,0.0165611281991
30515,0.00564668001607
30525,0.0211116280407
30528,0.234441190958
30529,0.0196028240025
30530,0.0426743477583
30532,0.00535380607471
30533,0.0717891901731
30534,0.0275331549346
30535,0.222380340099
30538,0.0481823757291
30542,0.00255924393423
30548,0.00333939120173
30550,0.0428413711488
30551,0.0161160696298
30552,0.025848062709
30555,0.019886713475
30556,0.0290983933955
30557,0.129806265235
30558,0.00973656866699
30559,0.163749292493
30560,0.00526610016823
30561,0.00256763841026
30565,0.00233153952286
30566,0.0788707137108
30569,0.0448302775621
30570,0.0141479102895
30571,0.020567715168
30574,0.0369517877698
30576,0.012768686749
30578,0.00235864846036
30580,0.0430029667914
30582,0.00141440774314
30583,0.0182612612844
30584,0.00139728165232
30585,0.0518134571612
30586,0.0165546592325
30589,0.0196028240025
30594,0.00644494174048
30601,0.0864313840866
30602,0.00305852177553
30603,0.00306796375662
30607,0.0816501304507
30612,0.0845067203045
30615,0.020836725831
30620,0.0344049632549
30622,0.0195776242763
30624,0.00471023190767
30625,0.0349489226937
30626,0.0248918421566
30629,0.0881957039237
30631,0.0534619241953
30632,0.0526104681194
30633,0.0122745586559
30634,0.0161678157747
30635,0.102325074375
30639,0.0266618169844
30642,0.0997265279293
30643,0.0166512150317
30645,0.00778146740049
30647,0.176368325949
30648,0.0349171049893
30650,0.703627407551
30651,0.0107849137858
30654,0.0118402084336
30655,0.0113777248189
30664,0.0527132935822
30665,0.00771941710263
30666,0.209515318274
30667,0.0224573034793
30668,0.00912945438176
30669,0.0608297809958
30670,0.00225272588432
30671,0.0019276868552
30674,0.0349088869989
30675,0.021332256496
30676,0.00644795922562
30677,0.00263441493735
30685,0.00647224113345
30689,0.00989148113877
30692,0.00207120622508
30693,0.199514046311
30694,0.00932539161295
30695,0.00366434035823
30699,0.0130325369537
30706,0.0108753554523
30707,0.00545382732525
30708,0.0160319376737
30709,0.0105489362031
30710,0.019283881411
30711,0.128401488066
30714,0.162858620286
30717,0.00355698657222
30719,0.00164162972942
30721,0.0260132160038
30725,0.0182975046337
30726,0.00387913687155
30727,0.0140878325328
30730,0.0301504712552
30734,0.0080528492108
30735,0.0164056718349
30736,0.00358161283657
30737,0.08150280267
30740,0.00559860188514
30742,0.00372646050528
30743,0.0252232719213
30753,0.0398411378264
30755,0.150165081024
30756,0.00857717264444
30757,0.0217024385929
30760,0.0388210378587
30762,0.002014671918
30763,0.225221693516
30766,0.0258732847869
30767,0.262562066317
30769,0.00240785209462
30772,0.00515659153461
30775,0.00365835847333
30777,0.098690725863
30778,0.0928926691413
30780,0.00749364215881
30785,0.0997265279293
30787,0.0014273559209
30788,0.0235102567822
30789,0.0189937613904
30790,0.0548159591854
30791,0.0153918834403
30792,0.00399653334171
30794,0.0138669349253
30795,0.0628829076886
30797,0.0195845421404
30798,0.102163568139
30804,0.0435417108238
30808,0.0176705252379
30814,0.00199481612071
30820,0.0189545247704
30821,0.0112831369042
30823,0.00392131460831
30825,0.0117775937542
30826,0.220385372639
30827,0.0493609234691
30828,0.0504779331386
30829,0.00378007767722
30830,0.011381065473
30831,0.193189799786
30833,0.0416459292173
30835,0.0609196871519
30839,0.00281529943459
30845,0.0882185921073
30846,0.0227952264249
30848,0.0359984524548
30849,0.0455653890967
30851,0.00284423888661
30855,0.0243035256863
30857,0.0551435723901
30858,0.00294250342995
30860,0.0173213724047
30861,0.0145868817344
30867,0.1496501863
30868,0.0164712499827
30869,0.00236354442313
30871,0.0143307587132
30873,0.0163693856448
30874,0.00387014471926
30875,0.0108742164448
30878,0.00971564464271
30881,0.0444269403815
30883,0.0242310836911
30884,0.116041079164
30885,0.0154300779104
30888,0.0945522412658
30890,0.0420853607357
30891,0.0114985462278
30894,0.229549765587
30895,0.00860786158592
30896,0.0724125355482
30899,0.0110254185274
30900,0.00187710265163
30901,0.0325235649943
30902,0.0245285686105
30903,0.118835158646
30905,0.00193053192925
30906,0.0188816878945
30911,0.0056034643203
30912,0.0389174409211
30913,0.00319220684469
30915,0.0751991122961
30916,0.21854826808
30919,0.00790450908244
30921,0.0129131413996
30925,0.381252765656
30926,0.00396412983537
30929,0.0739971399307
30930,0.0117357876152
30938,0.0146571099758
30939,0.0111362449825
30940,0.0107214525342
30941,0.0320497229695
30942,0.0128517523408
30945,0.0104911150411
30948,0.00260637258179
30950,0.019287019968
30951,0.0103546222672
30952,0.00415932992473
30955,0.0277501549572
30958,0.00227725249715
30959,0.00854517053813
30960,0.00197073421441
30961,0.0163353607059
30963,0.00284225819632
30965,0.0755812302232
30966,0.20439851284
30968,0.0132252490148
30969,0.0103214140981
30970,0.028015544638
30971,0.0284311976284
30974,0.00783496256918
30975,0.0214169099927
30976,0.00400196341798
30977,0.00812584999949
30978,0.0536444187164
30981,0.112330824137
30983,0.0201185066253
30984,0.00706401932985
30985,0.106355391443
30986,0.0182435605675
30990,0.0450085811317
30992,0.00167692638934
30993,0.00287928432226
30994,0.00706280209124
30995,0.00246191071346
30996,0.0614854544401
31004,0.00265432149172
31005,0.0170993525535
31010,0.0579678304493
31011,0.0274083949625
31014,0.00626866938546
31015,0.0330580435693
31016,0.00248686200939
31019,0.154407322407
31020,0.0172250661999
31024,0.0395146384835
31025,0.0175533909351
31026,0.00405067764223
31028,0.00255862949416
31030,0.0196028240025
31032,0.00303953839466
31035,0.112349517643
31037,0.0390664488077
31038,0.0255444459617
31039,0.0148591734469
31044,0.015542903915
31048,0.180243894458
31050,0.00286611448973
31057,0.0274780504405
31058,0.0445678308606
31060,0.0069816079922
31063,0.0242999456823
31067,0.157189056277
31069,0.00889312103391
31072,0.00480514904484
31073,0.00472408719361
31076,0.00204292242415
31078,0.0124217905104
31080,0.0029876427725
31081,0.0102224769071
31082,0.0102352267131
31084,0.0167208462954
31087,0.0286337453872
31089,0.00150285498239
31090,0.207907512784
31098,0.00252067600377
31103,0.149125427008
31104,0.00248913071118
31105,0.0318670943379
31106,0.00329465139657
31108,0.00486256694421
31111,0.0137562938035
31112,0.0706299394369
31114,0.188242390752
31115,0.0225499868393
31116,0.0532270520926
31117,0.067575968802
31119,0.0148458275944
31126,0.00248049199581
31127,0.00946159940213
31128,0.0141461743042
31132,0.02712716721
31133,0.00242890510708
31136,0.0527786314487
31138,0.0246054884046
31140,0.0131319826469
31141,0.167927995324
31142,0.0236838571727
31144,0.0163991246372
31145,0.00793866999447
31146,0.0602409541607
31149,0.0135223427787
31154,0.00222327257507
31155,0.00356513541192
31157,0.0119595201686
31158,0.0428471714258
31160,0.0395995490253
31162,0.00575954467058
31164,0.0216816347092
31165,0.0103401439264
31168,0.127465873957
31170,0.0196685604751
31175,0.00409003859386
31179,0.0758822187781
31180,0.0141994468868
31181,0.00260637258179
31182,0.0272182580084
31183,0.00527330394834
31189,0.140898361802
31193,0.0179295744747
31194,0.0319778248668
31195,0.0191482212394
31200,0.00257010501809
31201,0.0124043822289
31205,0.00836824160069
31208,0.0249039847404
31210,0.180243894458
31212,0.00495452620089
31213,0.253528177738
31218,0.0420762710273
31221,0.0372495166957
31222,0.00401976052672
31225,0.00776714505628
31227,0.00224948185496
31229,0.00284904637374
31231,0.0154300779104
31232,0.0262560024858
31233,0.0363164804876
31235,0.0184607319534
31237,0.00326547771692
31240,0.00130378815811
31244,0.0481225177646
31249,0.0087966164574
31252,0.00287330127321
31256,0.0133559014648
31257,0.167927995324
31258,0.00310311582871
31260,0.210475981236
31261,0.160212978721
31262,0.00271833012812
31266,0.0117380488664
31270,0.0199232846498
31271,0.026694573462
31276,0.0120702637359
31277,0.180909276009
31280,0.0447988249362
31281,0.0481839850545
31283,0.120494440198
31284,0.0513880178332
31285,0.0151333501562
31286,0.00836269930005
31288,0.0108996843919
31289,0.312751114368
31291,0.00235780701041
31292,0.00190024520271
31293,0.032800257206
31294,0.0202361624688
31295,0.118738755584
31296,0.00477959122509
31298,0.00965494848788
31302,0.0222487486899
31303,0.0291546098888
31306,0.0233260747045
31307,0.00198528612964
31308,0.00662469957024
31311,0.0105599761009
31313,0.158793404698
31315,0.00656980834901
31316,0.0156288612634
31317,0.0827570483088
31318,0.00768278958276
31320,0.011822681874
31322,0.0294093005359
31324,0.0270545333624
31326,0.00895033963025
31327,0.0509607084095
31335,0.00976521708071
31336,0.00232415297069
31337,0.0105061195791
31339,0.0361047051847
31342,0.0378958433867
31343,0.00295389466919
31345,0.0133748603985
31346,0.0104144504294
31347,0.00234873150475
31348,0.0486982837319
31349,0.00592429190874
31355,0.0213995277882
31356,0.00639079464599
31357,0.0385610312223
31358,0.00953840184957
31359,0.151809990406
31362,0.00402120826766
31363,0.0101985409856
31365,0.00228613754734
31367,0.00293360115029
31371,0.0527660697699
31372,0.150433465838
31377,0.0227329377085
31378,0.00342190382071
31379,0.00268061831594
31381,0.10326679796
31382,0.0141994468868
31385,0.00140701874625
31387,0.0298769120127
31392,0.0128230126575
31394,0.0935662686825
31396,0.219568014145
31397,0.0265349708498
31398,0.0423399992287
31399,0.0223362520337
31401,0.0224862396717
31408,0.0212115496397
31416,0.179096341133
31417,0.0243991799653
31418,0.138054862618
31421,0.0480650961399
31422,0.00205251644365
31424,0.0844360738993
31425,0.00570947676897
31426,0.0318181999028
31429,0.0242706146091
31432,0.0210168510675
31434,0.0497905984521
31435,0.0544895455241
31436,0.00467514805496
31440,0.0358917973936
31441,0.00799419730902
31446,0.00515388697386
31448,0.00291726831347
31449,0.0155296148732
31451,0.00467211566865
31452,0.0633429586887
31454,0.0699569806457
31455,0.062152966857
31456,0.0115613210946
31457,0.00260637258179
31458,0.0134651325643
31459,0.0130763957277
31462,0.0467004552484
31463,0.0123066166416
31464,0.221839949489
31470,0.00287950062193
31472,0.00253437831998
31474,0.0216200388968
31475,0.0147676430643
31476,0.0158585887402
31477,0.0467467233539
31478,0.0257357805967
31479,0.0130897564813
31480,0.118869319558
31482,0.0606492049992
31488,0.0225022137165
31489,0.106312982738
31490,0.00286772591062
31492,0.00652881804854
31494,0.00478801783174
31496,0.2235866189
31502,0.0112075479701
31503,0.0140213211998
31507,0.0328756794333
31509,0.0298642702401
31510,0.00736401230097
31511,0.0828023552895
31514,0.057955943048
31515,0.00448427908123
31517,0.0148288821802
31518,0.0125817209482
31521,0.208290830255
31523,0.298229962587
31524,0.00225371867418
31525,0.0127695826814
31527,0.0368001721799
31529,0.00447407271713
31530,0.00137558171991
31531,0.0361903645098
31533,0.152420684695
31534,0.0014106486924
31541,0.00192517461255
31544,0.0012820281554
31546,0.00852285604924
31548,0.0114060621709
31551,0.00315008219332
31553,0.0192592814565
31559,0.0338283143938
31562,0.22239986062
31563,0.0718374177814
31564,0.0208656899631
31566,0.00986414775252
31569,0.0262512303889
31571,0.00592930102721
31574,0.0127881169319
31576,0.0135528445244
31577,0.00698028225452
31579,0.00308939255774
31580,0.0540767274797
31581,0.23478603363
31584,0.0165782906115
31585,0.00213171588257
31587,0.0318670943379
31588,0.0290179848671
31589,0.00382430921309
31591,0.00299079203978
31593,0.00907511822879
31594,0.0160038974136
31595,0.0110814794898
31597,0.0148818911985
31598,0.0372294299304
31599,0.154868483543
31601,0.00958108529449
31603,0.0313368029892
31606,0.00474674254656
31607,0.0190063733608
31608,0.103495106101
31612,0.0102454246953
31614,0.00290205096826
31616,0.0116885518655
31622,0.0659524947405
31624,0.00556120509282
31626,0.0690670609474
31627,0.00307754147798
31629,0.0287520065904
31634,0.00494109513238
31636,0.00234154122882
31637,0.00250561209396
31638,0.00863731931895
31639,0.0311868209392
31641,0.0111201452091
31642,0.0281049534678
31646,0.0375794097781
31648,0.00517006032169
31649,0.00503039686009
31651,0.0948053002357
31652,0.0175530202687
31654,0.00744155468419
31655,0.0868996232748
31656,0.0265578590333
31658,0.0513422451913
31659,0.0581569112837
31660,0.272455871105
31661,0.00301692960784
31664,0.00989148113877
31665,0.0149907758459
31666,0.0943956151605
31667,0.0154300779104
31668,0.00132255686913
31675,0.0131319025531
31680,0.00323254289106
31682,0.0222905445844
31691,0.0695905536413
31693,0.0158990789205
31695,0.015674136579
31696,0.0204436313361
31697,0.0536069087684
31700,0.00656599737704
31703,0.0398811772466
31704,0.0326493754983
31707,0.00461616227403
31708,0.172659993172
31712,0.0171034969389
31713,0.0335496999323
31714,0.0229413602501
31715,0.00143098563422
31716,0.0124881295487
31718,0.0622243732214
31719,0.00564044807106
31721,0.0119903413579
31722,0.0196028240025
31723,0.0275539122522
31724,0.00241143861786
31725,0.0288164559752
31727,0.135316699743
31736,0.00285691022873
31738,0.0181820336729
31740,0.0715928301215
31741,0.00659125111997
31743,0.00595402345061
31745,0.0653475522995
31747,0.0106942476705
31748,0.00973656866699
31749,0.135289400816
31750,0.00883758906275
31752,0.00903927534819
31753,0.0255721397698
31754,0.00976199842989
31757,0.0196526665241
31758,0.0318670943379
31759,0.00396180711687
31762,0.0520902238786
31763,0.0247775055468
31765,0.199444398284
31766,0.0599495470524
31769,0.0588544458151
31771,0.149352759123
31772,0.0092687709257
31774,0.0291504729539
31775,0.0058454782702
31776,0.0703170001507
31778,0.0183603875339
31779,0.00278263259679
31780,0.00869852583855
31781,0.00584900937974
31782,0.0247771479189
31784,0.0904940366745
31787,0.00175851234235
31789,0.0772535502911
31791,0.185778334737
31792,0.0294531304389
31797,0.00936384871602
31803,0.00148278672714
31804,0.0144022013992
31806,0.021404132247
31807,0.0172507464886
31809,0.00370665057562
31815,0.0480404682457
31818,0.00277651823126
31821,0.00269371946342
31822,0.0172204654664
31823,0.0212835520506
31825,0.183093830943
31826,0.0336193218827
31827,0.0262646842748
31829,0.00250391103327
31830,0.0033659550827
31835,0.00289693381637
31837,0.063953615725
31840,0.0123347407207
31841,0.0176902450621
31842,0.0145423766226
31849,0.00251066335477
31855,0.00464095827192
31857,0.00344292842783
31859,0.0886003524065
31866,0.0800082832575
31867,0.00353333842941
31868,0.0409752503037
31869,0.0261932723224
31872,0.0301952194422
31875,0.0341863483191
31876,0.042256206274
31877,0.00376224890351
31879,0.0585738793015
31880,0.00966558698565
31881,0.0364741683006
31882,0.00824331492186
31884,0.00195198669098
31887,0.0212902165949
31888,0.0449660941958
31891,0.00539588229731
31896,0.169229745865
31898,0.129345089197
31901,0.011196218431
31904,0.0318670943379
31907,0.159745484591
31909,0.00424248538911
31910,0.00727571966127
31913,0.00488507421687
31914,0.00595908239484
31915,0.00334964809008
31917,0.0506169572473
31919,0.0149172348902
31921,0.0457473397255
31925,0.242018252611
31926,0.228212311864
31927,0.0363443382084
31929,0.00328173977323
31932,0.156160280108
31935,0.00422851881012
31936,0.0174840800464
31937,0.0712502002716
31938,0.00248049199581
31939,0.0276460777968
31940,0.0400999113917
31942,0.0122437318787
31946,0.0186899639666
31947,0.00586121948436
31948,0.0375551246107
31951,0.0133997881785
31952,0.0165946632624
31953,0.0047434931621
31954,0.159745484591
31956,0.0023965141736
31957,0.0851396694779
31958,0.00584056414664
31959,0.0226095821708
31960,0.0472726523876
31961,0.0616196244955
31963,0.0285140872002
31965,0.0254592597485
31967,0.130330532789
31969,0.112171038985
31970,0.0372371450067
31972,0.0184851773083
31978,0.155181229115
31979,0.154896631837
31980,0.00318849785253
31981,0.00197656312957
31982,0.00973656866699
31983,0.124536305666
31988,0.00261162640527
31989,0.0152644254267
31990,0.0150781581178
31993,0.0126522555947
31995,0.0149253150448
31996,0.0545513257384
31997,0.0145694557577
31999,0.002868125448
32001,0.045345004648
32002,0.00259189261124
32006,0.00602396437898
32007,0.0582887679338
32009,0.0495276860893
32011,0.00280638737604
32014,0.00261312490329
32015,0.0036370146554
32016,0.0752837359905
32017,0.00903735309839
32018,0.00125270546414
32019,0.0220134705305
32021,0.00293287052773
32022,0.0247256718576
32024,0.274150252342
32027,0.00266960402951
32028,0.0261484533548
32030,0.0163557622582
32032,0.00567102385685
32037,0.00577088212594
32040,0.0567387863994
32042,0.0109905544668
32044,0.00282311090268
32046,0.00971564464271
32049,0.00354726659134
32051,0.00424994109198
32054,0.010913615115
32055,0.00181380228605
32056,0.0349109508097
32057,0.0107407951728
32058,0.0471847914159
32060,0.00144535582513
32061,0.0162192601711
32062,0.0138723533601
32063,0.0357107035816
32064,0.0125293182209
32065,0.0205096434802
32071,0.0968006998301
32073,0.0578957311809
32074,0.0803329274058
32075,0.104809112847
32078,0.0739638805389
32079,0.0319847725332
32080,0.00784243922681
32081,0.202929720283
32083,0.00219532521442
32085,0.00689097540453
32086,0.168952837586
32088,0.180142879486
32089,0.0072962786071
32094,0.0212668068707
32095,0.0023965141736
32097,0.00829883199185
32100,0.0335185453296
32101,0.0200171452016
32103,0.0081677371636
32104,0.0463349074125
32105,0.0141994468868
32106,0.0162476096302
32108,0.0710638612509
32110,0.082341350615
32111,0.104779116809
32113,0.133783236146
32115,0.0419315993786
32118,0.0160265602171
32119,0.0292317420244
32121,0.0222749728709
32122,0.00160776672419
32123,0.00501684471965
32127,0.0226292684674
32130,0.00752863427624
32131,0.0322375558317
32132,0.0110824555159
32133,0.00340082775801
32135,0.161717802286
32139,0.0137525480241
32140,0.163496434689
32141,0.00921977031976
32142,0.00885979086161
32145,0.00973656866699
32146,0.0154121229425
32148,0.00724159972742
32150,0.00298512284644
32152,0.0440194644034
32156,0.11465446651
32161,0.0826127007604
32163,0.107363350689
32164,0.00543411821127
32165,0.0102836899459
32167,0.187179386616
32168,0.00253422511742
32170,0.0307153761387
32172,0.0968535542488
32173,0.0196028240025
32176,0.0609130300581
32177,0.0203315895051
32179,0.0284538082778
32180,0.00241578649729
32181,0.00334620801732
32182,0.050173740834
32183,0.0116927716881
32184,0.00269981357269
32187,0.0153894638643
32194,0.136737957597
32196,0.130421429873
32197,0.063953615725
32200,0.0139351673424
32201,0.017685232684
32202,0.0104979239404
32204,0.0220985990018
32205,0.00989959668368
32206,0.177766337991
32212,0.0013611355098
32215,0.00709952646866
32216,0.0828095450997
32217,0.00424600206316
32222,0.0899749100208
32224,0.0866024196148
32225,0.0228577759117
32227,0.0524895191193
32231,0.0456913895905
32232,0.0915377438068
32233,0.0307559743524
32234,0.00207132147625
32236,0.00223519280553
32241,0.0169152617455
32243,0.0106176305562
32246,0.00276277540252
32248,0.0024722868111
32250,0.0110400123522
32255,0.0381126850843
32256,0.143764436245
32258,0.00462276628241
32260,0.00140738114715
32262,0.00820780266076
32263,0.0323886945844
32264,0.00722349062562
32268,0.0262646842748
32269,0.00319343758747
32271,0.101769328117
32272,0.00188584427815
32274,0.131326138973
32279,0.0276576802135
32285,0.0147726107389
32288,0.00948976445943
32289,0.0308151505888
32294,0.00302906311117
32297,0.1050869748
32300,0.0112770637497
32302,0.00786594487727
32304,0.183093830943
32307,0.0249605849385
32311,0.00525436317548
32312,0.160492703319
32314,0.0102667557076
32316,0.0151860164478
32318,0.00504277693108
32319,0.0145671488717
32320,0.00332733732648
32321,0.00136330921669
32322,0.026897193864
32329,0.0306755937636
32330,0.0158716384321
32332,0.00186964438763
32335,0.0106752198189
32336,0.0198522917926
32338,0.0111601417884
32340,0.180871874094
32342,0.0149907758459
32346,0.00344768119976
32349,0.0323961190879
32353,0.00795369036496
32355,0.0125553030521
32360,0.216129004955
32362,0.00506932847202
32367,0.0079305851832
32368,0.00248049199581
32369,0.0533006973565
32370,0.0367920771241
32371,0.00317858485505
32372,0.0368167236447
32377,0.0149892335758
32378,0.127493262291
32379,0.00940054003149
32381,0.00722684245557
32383,0.00299585401081
32384,0.00897705554962
32387,0.0116662476212
32389,0.0142945665866
32390,0.0298847556114
32391,0.0283897966146
32393,0.0289494544268
32394,0.00282755610533
32395,0.00238709128462
32397,0.0547443963587
32398,0.270692437887
32399,0.00315335858613
32401,0.121145702899
32402,0.307585328817
32403,0.00237476266921
32405,0.002868125448
32406,0.0205323528498
32410,0.00834533013403
32414,0.176999807358
32415,0.0450232811272
32416,0.0208379942924
32419,0.00304540758952
32420,0.157540768385
32423,0.00674477871507
32426,0.00335219106637
32427,0.0399544872344
32430,0.10179014504
32433,0.0160643830895
32434,0.0567395798862
32436,0.0196526665241
32437,0.0027411673218
32438,0.0101832645014
32440,0.320900022984
32441,0.00231311144307
32442,0.00310738617554
32444,0.0313632376492
32445,0.00146106607281
32448,0.0436739213765
32452,0.0307129137218
32453,0.0120864687487
32454,0.0310998763889
32455,0.00243036355823
32457,0.0547610633075
32458,0.00912945438176
32461,0.0495095066726
32462,0.00229963217862
32463,0.03271715343
32470,0.0102388886735
32471,0.0469441451132
32473,0.0179196614772
32474,0.100605808198
32475,0.00119005562738
32476,0.0888554900885
32477,0.175339013338
32478,0.00410734023899
32482,0.003067354206
32484,0.00144433416426
32485,0.0148288821802
32486,0.0394366309047
32487,0.00600270275027
32491,0.00520170805976
32492,0.00180625624489
32493,0.0362379290164
32494,0.00987142603844
32495,0.0192740764469
32498,0.00739937461913
32504,0.0489722900093
32505,0.00314874853939
32508,0.00194423121866
32509,0.0159178823233
32510,0.0317325331271
32511,0.157422751188
32512,0.00539312697947
32514,0.00256855576299
32515,0.00328830769286
32520,0.0114273531362
32521,0.0999070554972
32522,0.0318670943379
32524,0.0357180535793
32526,0.0500370599329
32531,0.0756544694304
32533,0.00971564464271
32537,0.00316499499604
32538,0.0141994468868
32540,0.00853442307562
32541,0.00128342641983
32543,0.0196028240025
32544,0.00515463249758
32545,0.189458832145
32547,0.00116271944717
32548,0.0331270694733
32550,0.0261932723224
32551,0.0145703451708
32553,0.0207905638963
32554,0.0109611386433
32555,0.0284223295748
32558,0.00825581792742
32563,0.0155308032408
32567,0.01054897625
32570,0.0224576704204
32573,0.00209561758675
32574,0.0253281667829
32576,0.0121824909002
32577,0.00302466703579
32578,0.011020604521
32579,0.176368325949
32581,0.0347137451172
32583,0.158441826701
32584,0.0789598301053
32592,0.00213171588257
32593,0.017435817048
32594,0.0318670943379
32595,0.00431155087426
32596,0.117206342518
32602,0.21098074317
32603,0.0134309213609
32606,0.0106859263033
32607,0.0181463006884
32608,0.0318670943379
32610,0.00324883149005
32614,0.0161891430616
32616,0.0302318111062
32617,0.00468046730384
32618,0.0196028240025
32625,0.0206795912236
32632,0.0397814586759
32633,0.0149907758459
32634,0.00524314446375
32635,0.00316271977499
32637,0.209598660469
32639,0.088238671422
32640,0.0229061730206
32641,0.0210499018431
32642,0.00295156170614
32643,0.00575531693175
32644,0.0333124324679
32645,0.00263586384244
32647,0.0024650557898
32648,0.00763100013137
32650,0.106949284673
32651,0.0192930810153
32653,0.0410599373281
32654,0.00745995109901
32655,0.00399553310126
32656,0.0261867642403
32662,0.0115211317316
32663,0.0104666855186
32667,0.00248049199581
32668,0.0245023984462
32669,0.0137878535315
32672,0.00608790898696
32673,0.0373223014176
32674,0.113854557276
32678,0.0202606674284
32679,0.0127695826814
32682,0.044159386307
32683,0.0141994468868
32684,0.00234680459835
32685,0.00794892851263
32686,0.00248815421946
32688,0.00973252300173
32695,0.0265170168132
32698,0.0385871492326
32700,0.10802141577
32701,0.0104226209223
32703,0.0664001330733
32705,0.0647837296128
32706,0.167927995324
32709,0.073242880404
32710,0.00718037877232
32711,0.00343802222051
32713,0.00798825919628
32714,0.0236376989633
32719,0.0141853308305
32720,0.14033536613
32721,0.0034047360532
32728,0.107979156077
32730,0.213299185038
32733,0.0128121944144
32734,0.0919131189585
32735,0.0106623657048
32737,0.0368558391929
32740,0.00137469451874
32741,0.0459407642484
32743,0.0149390418082
32744,0.00158224103507
32745,0.171088069677
32747,0.0041792918928
32748,0.0391164682806
32749,0.0120729077607
32751,0.0168783981353
32752,0.0204032342881
32753,0.129611417651
32755,0.0117333428934
32757,0.00536613818258
32758,0.00817460380495
32760,0.00302345072851
32762,0.0319306030869
32764,0.00510145910084
32765,0.00864839181304
32767,0.0146945314482
32769,0.0177602730691
32770,0.00284334365278
32771,0.227463930845
32772,0.0997265279293
32774,0.0427046790719
32776,0.00963910855353
32777,0.00361868739128
32778,0.0400863029063
32784,0.00427869800478
32785,0.126472979784
32786,0.201576113701
32789,0.0398411378264
32791,0.00293145119213
32792,0.270614117384
32793,0.00394804775715
32795,0.0318670943379
32796,0.0315085612237
32797,0.172859504819
32800,0.0455684289336
32803,0.0406074523926
32808,0.0110642313957
32809,0.00257002096623
32812,0.0312550105155
32814,0.00584768131375
32815,0.00241079973057
32817,0.00330337043852
32825,0.00894646998495
32826,0.00326465838589
32829,0.020107453689
32830,0.0882185921073
32831,0.0319783724844
32833,0.00855993758887
32835,0.00978443957865
32838,0.237387374043
32840,0.0126780029386
32843,0.00472924672067
32844,0.0553173311055
32845,0.0142720025033
32850,0.0111459838226
32851,0.0120281856507
32852,0.00818387232721
32853,0.016986168921
32855,0.00898651126772
32856,0.0134441703558
32857,0.012788743712
32862,0.138374209404
32864,0.0137488357723
32866,0.158413141966
32867,0.00243156845681
32873,0.0141994468868
32876,0.149849519134
32879,0.0176940467209
32881,0.00687814038247
32884,0.109267503023
32885,0.0204131435603
32886,0.0250341016799
32887,0.0181008186191
32890,0.00963156949729
32891,0.00229287333786
32896,0.00679023424163
32897,0.179069936275
32898,0.00379503960721
32901,0.178160771728
32902,0.0307153761387
32905,0.0340546183288
32906,0.0263068731874
32907,0.00312950881198
32909,0.0727021992207
32912,0.0205887518823
32913,0.00239768880419
32919,0.00239200750366
32920,0.0120281856507
32922,0.149145171046
32923,0.0113904532045
32924,0.0242768358439
32926,0.00836996268481
32929,0.175315007567
32931,0.00248032226227
32934,0.00439939647913
32935,0.0290788151324
32937,0.181907817721
32939,0.0189439058304
32940,0.0307153761387
32941,0.00948811508715
32942,0.00328247109428
32944,0.00426471373066
32947,0.0144243314862
32948,0.0465763173997
32951,0.0630947798491
32952,0.0058275074698
32953,0.0242751929909
32955,0.0298279374838
32956,0.0301044657826
32957,0.183093830943
32959,0.220701634884
32962,0.00822113547474
32965,0.0858472660184
32967,0.180871874094
32974,0.059608425945
32978,0.0260303784162
32979,0.00227351137437
32988,0.0785317867994
32989,0.0427202098072
32990,0.00283540110104
32992,0.0328681282699
32995,0.026580452919
32998,0.0276220031083
32999,0.00891956593841
33003,0.0149907758459
33005,0.00900463666767
33008,0.00349965342321
33012,0.0149541432038
33013,0.009695767425
33014,0.0211490876973
33020,0.00379390781745
33021,0.00234086951241
33022,0.012906152755
33025,0.00206921622157
33029,0.0226827636361
33030,0.0114368963987
33036,0.0136202406138
33037,0.076252669096
33038,0.165624856949
33040,0.0169404242188
33042,0.00872549042106
33043,0.0151236671954
33048,0.00501935184002
33051,0.0085108121857
33052,0.0115438252687
33053,0.00638042297214
33054,0.0652602538466
33055,0.0185771491379
33056,0.0446352288127
33060,0.0184041764587
33061,0.00563395302743
33063,0.0110537447035
33065,0.0311813671142
33066,0.0639013722539
33067,0.00816714204848
33068,0.104299046099
33072,0.0116776674986
33075,0.0548776835203
33076,0.167927995324
33079,0.00606319215149
33082,0.00329465139657
33083,0.00877241045237
33084,0.0332121364772
33091,0.22142007947
33098,0.00649500126019
33099,0.09984523803
33100,0.01612880826
33102,0.00343380123377
33104,0.00631334446371
33105,0.0533006973565
33110,0.00736891198903
33112,0.100404597819
33113,0.0129714794457
33114,0.00730262277648
33115,0.0181824881583
33116,0.0168691668659
33119,0.0639149770141
33121,0.00846011471003
33122,0.00123879848979
33124,0.0308820046484
33126,0.0962915346026
33128,0.00270509184338
33130,0.00205403286964
33132,0.0513180606067
33133,0.0223273932934
33134,0.0160601101816
33135,0.0205225963145
33136,0.228545323014
33138,0.0134885702282
33139,0.0164330098778
33140,0.0336910411716
33145,0.0901024118066
33146,0.0187253598124
33147,0.00934242922813
33150,0.00666299229488
33152,0.0168204195797
33155,0.00253113429062
33158,0.00129832956009
33162,0.0198759436607
33164,0.0148052442819
33165,0.0173298716545
33167,0.0293396841735
33168,0.211816355586
33170,0.0196028240025
33173,0.00747569324449
33175,0.00241180462763
33177,0.0141994468868
33178,0.00973656866699
33179,0.00264443317428
33183,0.00605843216181
33184,0.113730020821
33185,0.101370073855
33186,0.0402146726847
33188,0.00986081361771
33189,0.0373043976724
33190,0.0271369423717
33193,0.00948811508715
33194,0.00455388473347
33195,0.0166570078582
33196,0.0210882015526
33198,0.00242993119173
33200,0.00178450788371
33201,0.00176728889346
33202,0.00925780367106
33204,0.0272182580084
33205,0.00931372493505
33207,0.0366935580969
33209,0.0630697458982
33211,0.00418320531026
33212,0.151835769415
33214,0.00237523275428
33215,0.00823150295764
33217,0.026615947485
33218,0.00256887706928
33220,0.00828396435827
33223,0.0196028240025
33224,0.00215924484655
33225,0.0024052716326
33226,0.0284101646394
33228,0.0154300779104
33232,0.0220985990018
33233,0.0249035097659
33236,0.0456638857722
33237,0.0315008051693
33238,0.00375242298469
33240,0.0101514915004
33241,0.0599726252258
33242,0.0444687604904
33243,0.0027877248358
33245,0.0250989682972
33247,0.0132652027532
33248,0.0519509650767
33250,0.0349387377501
33251,0.0184041764587
33255,0.0143064698204
33256,0.00859756488353
33258,0.0545479767025
33264,0.0452327430248
33270,0.00891354493797
33271,0.00518377358094
33274,0.00507462909445
33277,0.158467903733
33279,0.0239990651608
33280,0.0931100547314
33281,0.00796850584447
33282,0.014629391022
33285,0.010770490393
33286,0.00163081276696
33287,0.00286381924525
33289,0.0980121269822
33290,0.0184883307666
33291,0.0499439537525
33295,0.0401613339782
33296,0.00161369645502
33297,0.0253477338701
33298,0.0534058995545
33299,0.00502283684909
33300,0.183380305767
33303,0.0206407010555
33307,0.0020918615628
33308,0.0141994468868
33310,0.00197883322835
33313,0.0116867851466
33315,0.00645269872621
33318,0.0118658160791
33319,0.0174288023263
33320,0.00522256735712
33322,0.0827570483088
33328,0.0690810903907
33329,0.0698515251279
33332,0.00337960477918
33333,0.00213221507147
33334,0.0606492049992
33336,0.236249044538
33339,0.017228666693
33345,0.00288608111441
33346,0.0117831053212
33347,0.033824224025
33350,0.0465756393969
33353,0.00427814992145
33354,0.0159945581108
33355,0.066706225276
33361,0.0185827538371
33362,0.00323832361028
33365,0.00189610489178
33371,0.0519324652851
33372,0.00963910855353
33385,0.0294116120785
33386,0.00420761667192
33389,0.0198759436607
33391,0.0258090812713
33393,0.0196028240025
33399,0.242018252611
33402,0.00254814652726
33403,0.031025711447
33410,0.0875972732902
33411,0.00286739179865
33413,0.00311724795029
33414,0.00368983321823
33419,0.101686410606
33425,0.0132730128244
33426,0.0175364334136
33427,0.0343242324889
33428,0.0032862520311
33430,0.00285325315781
33431,0.0183804407716
33432,0.0118260467425
33436,0.0267265662551
33438,0.0148588456213
33439,0.020321495831
33440,0.00558752147481
33442,0.00201726797968
33443,0.005578560289
33444,0.0117438696325
33449,0.092459641397
33451,0.0352910757065
33452,0.158768460155
33453,0.00779867963865
33454,0.00245521450415
33458,0.0154300779104
33461,0.00328286434524
33463,0.00920976605266
33466,0.0105686485767
33470,0.0671033188701
33471,0.0703728795052
33472,0.0139877619222
33473,0.00216653081588
33474,0.0244534034282
33475,0.00330538186245
33482,0.0163709819317
33487,0.01674734056
33488,0.0279221665114
33490,0.130226060748
33495,0.0211665816605
33497,0.00350160291418
33498,0.00540739996359
33500,0.0067058573477
33503,0.00304294028319
33505,0.0249768588692
33506,0.00144091818947
33508,0.00234712404199
33509,0.0422873646021
33510,0.0223527364433
33511,0.0104853846133
33514,0.00478440243751
33515,0.0038820784539
33516,0.0118402084336
33517,0.0240876041353
33519,0.164333090186
33520,0.0582251660526
33522,0.0420823656023
33527,0.00221277563833
33528,0.0154300779104
33530,0.00314619159326
33531,0.0209714844823
33534,0.0180416442454
33536,0.007204730995
33537,0.0303653813899
33538,0.0660511776805
33539,0.0579028278589
33541,0.0145353265107
33543,0.100706748664
33544,0.00251207058318
33545,0.00815802719444
33546,0.00137696648017
33552,0.0452089011669
33553,0.00676742987707
33555,0.00307799945585
33558,0.00551873957738
33559,0.00177021359559
33560,0.0125901764259
33561,0.0196028240025
33562,0.150433465838
33563,0.00594165222719
33564,0.00392929604277
33566,0.00604774896055
33568,0.047237906605
33571,0.0349667966366
33573,0.0107780424878
33576,0.00191264564637
33577,0.0558269247413
33580,0.00428263889626
33581,0.0153918834403
33585,0.0120599698275
33590,0.00789810251445
33592,0.0551347397268
33593,0.00763100013137
33594,0.00136682915036
33600,0.00650349305943
33601,0.00810663402081
33603,0.00290598464198
33604,0.107790604234
33606,0.00359351350926
33607,0.00733888987452
33608,0.0467427931726
33609,0.0624045245349
33613,0.00676506850868
33616,0.0212878789753
33617,0.012809433043
33618,0.0103000476956
33619,0.00262438110076
33620,0.00365299172699
33621,0.00430891709402
33623,0.0687800347805
33624,0.217169135809
33626,0.00262060458772
33627,0.00388327008113
33628,0.00755666568875
33632,0.0279005616903
33633,0.00248189317062
33636,0.0255321282893
33637,0.0720212310553
33639,0.107217684388
33641,0.00387867260724
33645,0.00366851943545
33648,0.0464643351734
33649,0.0114810531959
33650,0.00529275694862
33651,0.0271694529802
33652,0.00786318443716
33653,0.12871183455
33656,0.0214719641954
33657,0.0567302517593
33662,0.0435410663486
33667,0.0101207625121
33668,0.0204866174608
33669,0.00150807236787
33672,0.0146509697661
33673,0.0190421547741
33675,0.00274426746182
33676,0.00948811508715
33677,0.126863390207
33682,0.0073402649723
33686,0.0277882777154
33690,0.0105712711811
33691,0.00231592496857
33692,0.00248049199581
33693,0.0292778983712
33694,0.10538315773
33697,0.0556664988399
33698,0.0238926373422
33699,0.00241770548746
33700,0.0173213724047
33702,0.0584593936801
33703,0.220083504915
33705,0.0080009540543
33708,0.0153328394517
33718,0.0245961342007
33723,0.0120688881725
33725,0.168880194426
33726,0.053400631994
33729,0.13211171329
33731,0.0993904769421
33735,0.00758929876611
33738,0.0212423503399
33740,0.0193899776787
33743,0.00857442058623
33744,0.199360772967
33745,0.00792704802006
33748,0.00273049273528
33751,0.0147873386741
33752,0.0150503180921
33753,0.00133629969787
33754,0.0209205094725
33758,0.0141994468868
33760,0.0238328054547
33761,0.00272393715568
33762,0.00928545556962
33766,0.147964522243
33768,0.0114905713126
33769,0.257158756256
33772,0.00340064032935
33773,0.205337911844
33775,0.00869619939476
33776,0.0471720658243
33777,0.0135356755927
33781,0.0229514520615
33787,0.00982023496181
33791,0.00434025097638
33792,0.00127858994529
33794,0.00481962272897
33796,0.011067179963
33799,0.124532073736
33801,0.0121067948639
33804,0.00347292772494
33805,0.00132216466591
33806,0.050657119602
33811,0.0444038845599
33813,0.00304141594097
33818,0.00931372493505
33820,0.0014005668927
33823,0.0271886903793
33825,0.00357893155888
33829,0.130311250687
33831,0.0304166339338
33832,0.049132168293
33833,0.0120544498786
33834,0.0129017196596
33835,0.00950715318322
33839,0.00428536254913
33841,0.0110448971391
33844,0.0116324294358
33845,0.00420331768692
33847,0.0114374794066
33848,0.0911969393492
33852,0.0559510290623
33853,0.00973762571812
33856,0.0131626622751
33857,0.0711727440357
33858,0.0208363365382
33860,0.0549479909241
33863,0.00368322874419
33866,0.00511791324243
33867,0.00776714505628
33869,0.0101037649438
33870,0.0188402608037
33873,0.00334803108126
33879,0.100819587708
33881,0.0121380938217
33882,0.0338009819388
33883,0.021571373567
33885,0.0219790283591
33887,0.0732070803642
33888,0.17385391891
33893,0.0338773615658
33894,0.0141994468868
33896,0.134456768632
33897,0.183879896998
33905,0.00203044875525
33908,0.0220291353762
33911,0.00792704802006
33912,0.00721944356337
33913,0.0404483787715
33914,0.015079157427
33915,0.218215063214
33917,0.180243894458
33918,0.00441584317014
33919,0.00440190732479
33923,0.013239257969
33924,0.021445306018
33926,0.00577467540279
33927,0.0511695072055
33929,0.165943160653
33931,0.00238652457483
33932,0.00208939262666
33933,0.0255321282893
33934,0.0911929085851
33936,0.0341473072767
33941,0.0114984652027
33944,0.0389380529523
33946,0.00620471080765
33947,0.0421581156552
33948,0.00478021288291
33951,0.00321786361746
33952,0.00223294575699
33955,0.0929128453135
33958,0.0152279986069
33959,0.0154121741652
33960,0.0569857135415
33963,0.00456809950992
33965,0.00255444436334
33966,0.00638988288119
33967,0.0330281816423
33968,0.00238067610189
33970,0.0656958147883
33975,0.0184041764587
33977,0.00256572919898
33978,0.0562768913805
33984,0.118315011263
33987,0.173848718405
33990,0.0101833175868
33991,0.0147475097328
33993,0.181642189622
33994,0.0196209400892
33995,0.0538893081248
33997,0.00398181611672
33999,0.031025711447
34001,0.0330423638225
34002,0.0476043112576
34004,0.00374351348728
34007,0.0108063565567
34008,0.0135042648762
34010,0.114400073886
34012,0.10179014504
34015,0.0094889709726
34020,0.0188016649336
34023,0.00839734729379
34024,0.00192380091175
34025,0.00211759796366
34027,0.0101835196838
34029,0.0237080380321
34030,0.00497191259637
34035,0.0173213724047
34036,0.00898153614253
34037,0.268728971481
34039,0.00238439813256
34040,0.00263097696006
34045,0.00903735309839
34047,0.0104854004458
34050,0.0120321018621
34051,0.00254814652726
34052,0.0067113484256
34053,0.0308770798147
34054,0.0147726107389
34055,0.00274416455068
34056,0.00316135189496
34058,0.0409752503037
34065,0.038440387696
34067,0.0502402745187
34071,0.0196028240025
34074,0.0565358325839
34076,0.0213520824909
34077,0.00722877960652
34078,0.302837848663
34083,0.0015274573816
34084,0.0196028240025
34085,0.00620340555906
34086,0.0167033560574
34087,0.0118891531602
34094,0.0196028240025
34096,0.00208064680919
34097,0.0161343030632
34098,0.0310582146049
34102,0.0023009320721
34107,0.00596544705331
34108,0.0087966164574
34110,0.00887546967715
34115,0.0157125778496
34116,0.00957802217454
34117,0.0141157368198
34118,0.175810948014
34119,0.0347201116383
34120,0.00602086447179
34126,0.00576384924352
34131,0.0057249921374
34133,0.00877195782959
34134,0.00226326985285
34137,0.042249366641
34138,0.0131261991337
34140,0.00140001752879
34141,0.041379686445
34142,0.0150510389358
34143,0.0790217518806
34144,0.00872849766165
34145,0.00684216339141
34146,0.0386379696429
34150,0.0162900872529
34152,0.00172347272746
34153,0.0972358211875
34155,0.0124012744054
34156,0.00259515526704
34157,0.0087512312457
34159,0.0164132211357
34161,0.00670566689223
34162,0.0196028240025
34164,0.093063518405
34165,0.031025711447
34166,0.00872362218797
34169,0.0153179364279
34171,0.00905540492386
34172,0.036530341953
34173,0.00304294028319
34174,0.0196028240025
34179,0.0109832026064
34182,0.115655191243
34184,0.0999572202563
34185,0.00447538774461
34186,0.0231426171958
34187,0.02739020437
34189,0.179096341133
34194,0.0372567102313
34197,0.00646427972242
34200,0.182203665376
34201,0.00268232729286
34205,0.00607915595174
34206,0.0124824214727
34207,0.00252498011105
34209,0.0106268618256
34210,0.0809675529599
34211,0.0099106375128
34215,0.0303149353713
34218,0.00300406874157
34222,0.0592630766332
34227,0.00190062797628
34228,0.00254139257595
34230,0.0147045049816
34232,0.105065725744
34233,0.036019962281
34236,0.00748933386058
34238,0.0725828632712
34241,0.0111362393945
34243,0.11328664422
34244,0.189952686429
34246,0.0035205532331
34248,0.00240790471435
34250,0.0372371450067
34252,0.00652780989185
34255,0.00261162640527
34258,0.0403429828584
34260,0.0107724117115
34262,0.0205999277532
34266,0.0187023784965
34267,0.159745484591
34268,0.0110296783969
34269,0.00948811508715
34270,0.0305946543813
34272,0.00741499988362
34274,0.00163423852064
34275,0.0371811836958
34276,0.180243894458
34278,0.0255321282893
34282,0.0728371664882
34283,0.0170858707279
34285,0.104166969657
34286,0.0344102457166
34287,0.0139877619222
34288,0.0135969538242
34289,0.0221757106483
34290,0.0391744449735
34291,0.0505531318486
34296,0.0052872817032
34305,0.10326679796
34306,0.0705354586244
34307,0.156160280108
34309,0.0153496284038
34313,0.0215094462037
34314,0.00206604716368
34315,0.007730119396
34319,0.0891157612205
34320,0.00562416575849
34323,0.0313670039177
34329,0.153683677316
34331,0.0381684452295
34334,0.143142729998
34336,0.100706748664
34338,0.0114696994424
34341,0.0336776524782
34342,0.0189208146185
34344,0.157189056277
34345,0.00446880236268
34348,0.00368815427646
34349,0.00531599111855
34351,0.297843456268
34352,0.119670458138
34353,0.00864057056606
34354,0.116149798036
34355,0.00750597286969
34358,0.00401202123612
34359,0.0197883918881
34361,0.0273615606129
34362,0.00228613754734
34363,0.0338461771607
34366,0.00646824715659
34368,0.01418923866
34369,0.00128257041797
34372,0.0151475630701
34373,0.0669994056225
34374,0.217926129699
34375,0.0141994468868
34376,0.0155396414921
34377,0.00160869001411
34379,0.0207814034075
34381,0.00902877841145
34382,0.0166897810996
34383,0.004882870242
34385,0.00248234998435
34387,0.172592580318
34388,0.0074397274293
34389,0.163403704762
34392,0.0026420976501
34393,0.00195279577747
34394,0.0241001341492
34395,0.00235360907391
34400,0.112330824137
34401,0.0124012744054
34404,0.0206630751491
34406,0.00944526679814
34409,0.0171314477921
34416,0.131544157863
34417,0.00381334708072
34424,0.0499562844634
34426,0.00666325120255
34427,0.0031647302676
34429,0.00635038688779
34430,0.0216816347092
34432,0.00143647100776
34433,0.00282532372512
34437,0.0201111845672
34438,0.00683761900291
34439,0.0541870966554
34440,0.00352873140946
34441,0.00252547254786
34444,0.054918974638
34447,0.301789313555
34448,0.0100008388981
34449,0.0515374392271
34450,0.00236383453012
34451,0.0020656560082
34456,0.0490374043584
34457,0.0128285437822
34458,0.0149612948298
34459,0.00408630538732
34460,0.00276139215566
34461,0.0297905709594
34462,0.0090512521565
34465,0.0237474832684
34466,0.0305680055171
34469,0.16382047534
34470,0.0657779797912
34472,0.0198607891798
34474,0.00142361794133
34475,0.0154300779104
34476,0.154868483543
34477,0.00725939869881
34479,0.00236738706008
34482,0.14230184257
34483,0.00448174448684
34484,0.00948811508715
34489,0.0292178317904
34493,0.0322091169655
34494,0.00571651617065
34495,0.0112859616056
34496,0.0571177825332
34497,0.263519465923
34501,0.00350325531326
34502,0.0234376788139
34503,0.0157689154148
34507,0.00704176258296
34508,0.037825062871
34509,0.0167877487838
34513,0.00282079074532
34514,0.00508871302009
34516,0.0799880176783
34517,0.0211659148335
34518,0.00669060694054
34520,0.00282191485167
34522,0.0201105587184
34523,0.0102056870237
34524,0.00982183869928
34528,0.00273258821107
34531,0.0319963619113
34532,0.0104586137459
34533,0.00753643736243
34534,0.0196526665241
34536,0.00142142677214
34539,0.0125405266881
34541,0.00327979051508
34543,0.0450420454144
34546,0.00659125763923
34549,0.00365812028758
34551,0.211376622319
34553,0.0101928003132
34554,0.0307096224278
34555,0.0126455500722
34556,0.0144585575908
34557,0.020889448002
34558,0.00686080753803
34560,0.0889429748058
34561,0.0820700526237
34562,0.0348293147981
34563,0.28852212429
34565,0.00705510796979
34569,0.0181642305106
34571,0.00768293114379
34575,0.00481776800007
34576,0.187179386616
34577,0.00299745658413
34578,0.0229181610048
34581,0.0164383128285
34587,0.0173419825733
34588,0.0971857011318
34590,0.0067657190375
34591,0.0260877963156
34594,0.00754041131586
34596,0.0608504340053
34597,0.00325021357276
34601,0.021111080423
34605,0.00164773443248
34607,0.01178240031
34608,0.129806265235
34609,0.00965789426118
34610,0.158467903733
34611,0.00245550530963
34612,0.103495106101
34613,0.010993343778
34614,0.0235932916403
34616,0.00252320826985
34618,0.0081811286509
34619,0.0220985990018
34621,0.00699401879683
34624,0.0196526665241
34625,0.0196090564132
34627,0.0457244180143
34628,0.0913659706712
34631,0.0753455534577
34635,0.063953615725
34637,0.0173058845103
34642,0.0307153761387
34643,0.00311311660334
34645,0.0454429350793
34646,0.0352516137064
34649,0.00395452231169
34651,0.0113450363278
34654,0.0285533294082
34655,0.0196028240025
34657,0.0110003761947
34658,0.0196028240025
34660,0.040859926492
34663,0.0240929536521
34666,0.0307153761387
34667,0.00351343443617
34668,0.016259809956
34669,0.0559313744307
34670,0.133075013757
34671,0.00947382114828
34672,0.00199849624187
34673,0.0364547111094
34675,0.175339013338
34677,0.00350015889853
34684,0.0105500007048
34685,0.00283931498416
34687,0.00329431449063
34689,0.00871996115893
34692,0.0403160005808
34693,0.110689975321
34695,0.00943456497043
34696,0.0700756311417
34697,0.00475316680968
34698,0.00284366006963
34701,0.0517073683441
34704,0.0316610969603
34705,0.0399971082807
34708,0.0173329580575
34710,0.0503634512424
34711,0.0165457800031
34716,0.0203997474164
34720,0.0116733154282
34723,0.0534756779671
34724,0.0030570726376
34726,0.00790094211698
34729,0.0210621226579
34731,0.00142936618067
34732,0.0117743359879
34733,0.0194817408919
34735,0.0345368236303
34736,0.026205772534
34738,0.0090141268447
34740,0.00826470460743
34742,0.1165035218
34743,0.00145120348316
34744,0.010770490393
34745,0.00982963759452
34746,0.00381655106321
34750,0.0570612475276
34752,0.0187912248075
34753,0.0146715315059
34755,0.0389030054212
34756,0.00139915314503
34757,0.0279243085533
34758,0.0295477863401
34760,0.0693278610706
34762,0.00586360646412
34767,0.0613209791481
34768,0.209515318274
34770,0.0288813859224
34771,0.0170466434211
34775,0.00251332181506
34776,0.00460112839937
34777,0.00948811508715
34779,0.00136083667167
34781,0.00173559878021
34782,0.00562904821709
34783,0.011280477047
34785,0.00468411622569
34788,0.00895172730088
34789,0.0277198608965
34790,0.00225371867418
34793,0.00942521076649
34794,0.00807108730078
34795,0.208290830255
34798,0.00336992111988
34799,0.0149255953729
34800,0.0227053053677
34802,0.122042044997
34804,0.00552392844111
34805,0.0039962278679
34808,0.0235857889056
34810,0.00937473587692
34813,0.00954936817288
34814,0.00259833666496
34815,0.180243894458
34816,0.00235445355065
34817,0.0235713850707
34818,0.014002263546
34819,0.042612541467
34820,0.0123345777392
34821,0.0117010856047
34824,0.00252342782915
34828,0.0073335939087
34829,0.00312760961242
34831,0.0377621054649
34833,0.0034000875894
34836,0.0196028240025
34837,0.0132753802463
34838,0.01104925666
34840,0.00333939120173
34844,0.00403243955225
34845,0.0196028240025
34846,0.0141994468868
34847,0.00257070781663
34848,0.0171822793782
34850,0.0882823094726
34852,0.00882084202021
34853,0.0165294017643
34857,0.00877654086798
34858,0.0385424718261
34860,0.0438195876777
34864,0.00123487203382
34865,0.0143236331642
34867,0.0100313220173
34868,0.0274830497801
34870,0.0227274186909
34875,0.00440108031034
34876,0.0129050603136
34878,0.0104977851734
34880,0.0130419861525
34882,0.0138902198523
34885,0.00278966734186
34886,0.00145120348316
34900,0.00787954684347
34902,0.00634883483872
34903,0.00984915439039
34904,0.0945211574435
34912,0.00956785492599
34913,0.0330152176321
34914,0.139526963234
34916,0.0196028240025
34917,0.0376096442342
34918,0.0126171531156
34921,0.0313754379749
34922,0.00679653417319
34924,0.0750847384334
34926,0.00259445421398
34927,0.0331237614155
34928,0.00973762571812
34931,0.0112506225705
34933,0.00796552095562
34934,0.00237775617279
34936,0.0285811256617
34939,0.00288453768007
34940,0.00212630140595
34944,0.041303396225
34950,0.00280171935447
34951,0.00499477609992
34952,0.0224910248071
34953,0.0343979485333
34955,0.00501872086897
34958,0.00633781636134
34959,0.00368938245811
34960,0.00387533963658
34961,0.0053885425441
34963,0.0982147231698
34964,0.203772425652
34972,0.00327417743392
34973,0.0164932571352
34974,0.0109192878008
34979,0.0348477065563
34980,0.00226006982848
34981,0.0166622586548
34982,0.00775251770392
34983,0.00333274807781
34984,0.0111362393945
34992,0.00376257090829
34993,0.0159973651171
34995,0.00119636533782
34997,0.0240563061088
35002,0.00647152028978
35004,0.213376969099
35005,0.063953615725
35006,0.0271181482822
35007,0.0149907758459
35009,0.148503661156
35010,0.040903236717
35012,0.0790933221579
35013,0.0196028240025
35018,0.0171889737248
35020,0.00241519720294
35021,0.0306341722608
35022,0.0101294936612
35025,0.0112456101924
35028,0.0136556988582
35029,0.00319555122405
35030,0.00780514674261
35032,0.0426112301648
35037,0.0239543300122
35038,0.0218699108809
35040,0.00291224755347
35041,0.0252425298095
35047,0.142572596669
35048,0.010770490393
35055,0.0259794704616
35056,0.00282907439396
35057,0.0248657204211
35058,0.00251069897786
35059,0.00246806046925
35060,0.031025711447
35064,0.00202005007304
35065,0.0145456772298
35069,0.0107411136851
35072,0.0030925469473
35080,0.0173419825733
35081,0.00971564464271
35082,0.0202625188977
35083,0.0129409655929
35088,0.0310731455684
35093,0.0179737415165
35097,0.00270829163492
35098,0.00794404558837
35099,0.0393755398691
35100,0.00755509594455
35101,0.00161459855735
35102,0.00327386474237
35103,0.047733630985
35105,0.0520306266844
35109,0.107154764235
35111,0.0422095581889
35116,0.0022950025741
35117,0.00493520731106
35118,0.0565358325839
35119,0.00805854145437
35120,0.0216174852103
35121,0.00649662641808
35122,0.0292385201901
35125,0.0386544018984
35126,0.00428008986637
35127,0.0111696226522
35129,0.0028423583135
35130,0.00577972037718
35131,0.217169135809
35132,0.00725845387205
35139,0.0164872240275
35141,0.00489553250372
35143,0.00371541990899
35147,0.0105198454112
35149,0.203772425652
35151,0.00358742871322
35154,0.0193414911628
35155,0.102682106197
35157,0.0079476358369
35159,0.0137776713818
35160,0.00767673179507
35162,0.0160216894001
35166,0.0329116284847
35167,0.00981444586068
35168,0.00332968798466
35169,0.0857737585902
35172,0.0330152176321
35177,0.0116672040895
35178,0.0135528445244
35179,0.148231610656
35181,0.147305577993
35182,0.00932539161295
35183,0.0313365273178
35184,0.0154300779104
35185,0.00923033896834
35187,0.042452454567
35189,0.0168863907456
35190,0.0501726716757
35191,0.210061132908
35192,0.00296777300537
35195,0.158443048596
35197,0.0141994468868
35200,0.18431968987
35201,0.145834937692
35203,0.00605316273868
35204,0.112443633378
35205,0.0158152449876
35206,0.0362675413489
35207,0.0199640374631
35210,0.00231862906367
35214,0.0157547798008
35215,0.0325312167406
35216,0.00147274753544
35218,0.00839082617313
35221,0.0791888162494
35225,0.00948811508715
35230,0.0361450016499
35231,0.0076724505052
35232,0.030155999586
35236,0.0141621502116
35240,0.00257303798571
35243,0.0185242407024
35248,0.0248171593994
35249,0.00464821746573
35250,0.00907582510263
35251,0.00948811508715
35253,0.0196028240025
35254,0.00433850800619
35255,0.028267191723
35257,0.0259283669293
35258,0.0547370053828
35259,0.240236803889
35260,0.199101731181
35263,0.0719476342201
35264,0.0316926501691
35265,0.176368325949
35269,0.040846452117
35271,0.0158504098654
35272,0.0150227956474
35274,0.00292983395047
35276,0.00151745870244
35278,0.00142492470331
35280,0.040487613529
35281,0.00432401476428
35283,0.235714480281
35284,0.0241865739226
35285,0.0161435697228
35286,0.0819657742977
35287,0.0106927696615
35288,0.00238652015105
35289,0.00948811508715
35291,0.00213551498018
35293,0.0394092462957
35295,0.00335702649318
35298,0.0350624360144
35299,0.148930415511
35300,0.0318670943379
35303,0.0537411272526
35305,0.0013975026086
35306,0.0196028240025
35309,0.26533100009
35311,0.00227615656331
35312,0.012302339077
35313,0.0354448370636
35314,0.0220353659242
35320,0.0399656444788
35321,0.00228936248459
35322,0.0285533294082
35324,0.200637638569
35325,0.042860224843
35328,0.00646546855569
35329,0.00213221507147
35330,0.0275892727077
35331,0.016575017944
35334,0.174728617072
35335,0.00401875283569
35337,0.176214769483
35339,0.0187830906361
35343,0.00290652341209
35344,0.0136429686099
35348,0.00509010627866
35349,0.00313193886541
35351,0.00602213712409
35353,0.00194764579646
35356,0.263116747141
35359,0.0641252100468
35360,0.0330739058554
35361,0.287303835154
35362,0.0967147350311
35363,0.00681557366624
35365,0.150433465838
35366,0.0143898809329
35367,0.00269581237808
35368,0.00516211334616
35369,0.242963016033
35370,0.139591276646
35371,0.003067354206
35372,0.0523745976388
35374,0.00314117688686
35375,0.0230413265526
35376,0.00607233960181
35380,0.0409752503037
35381,0.0115264216438
35383,0.0402776449919
35384,0.0133171444759
35385,0.32209867239
35387,0.0182727370411
35388,0.0198106300086
35390,0.0155365932733
35392,0.0107152741402
35393,0.20673674345
35396,0.063953615725
35398,0.00222159991972
35400,0.0341640375555
35403,0.00916169770062
35404,0.0108721600845
35405,0.00309880124405
35408,0.207435727119
35409,0.00468427641317
35410,0.00614396249875
35411,0.148328766227
35412,0.0182490404695
35413,0.0639132782817
35415,0.0195075571537
35420,0.00247110053897
35421,0.00134920293931
35423,0.0661861002445
35424,0.00252988841385
35425,0.00224710302427
35432,0.0141994468868
35434,0.0256371665746
35435,0.00328756868839
35438,0.00144966552034
35440,0.00131753494497
35441,0.0124012744054
35442,0.30926579237
35446,0.00248786783777
35448,0.0227588638663
35450,0.00338078243658
35451,0.0854614004493
35452,0.0196028240025
35453,0.0394092462957
35455,0.0304898861796
35457,0.118135392666
35461,0.0137391416356
35465,0.00505259539932
35467,0.0069374027662
35471,0.0580793656409
35472,0.00319027318619
35473,0.00875046662986
35474,0.0452350080013
35476,0.0185478311032
35477,0.00180195143912
35479,0.00231176055968
35483,0.015921998769
35484,0.0459737889469
35485,0.0189460515976
35490,0.213003382087
35492,0.0316384993494
35494,0.139150127769
35495,0.195249006152
35496,0.0383948348463
35497,0.183344006538
35499,0.00136939925142
35500,0.169609114528
35501,0.00863770768046
35502,0.0230983048677
35504,0.0150497667491
35505,0.137907609344
35507,0.0203735306859
35511,0.0785402804613
35514,0.0366278514266
35515,0.0023965141736
35517,0.014877662994
35518,0.0646121799946
35521,0.0014540621778
35522,0.0103973280638
35523,0.0225117504597
35525,0.00332677457482
35526,0.109832562506
35527,0.296611040831
35528,0.0417948253453
35534,0.188132897019
35537,0.0132314283401
35540,0.015674136579
35541,0.180553629994
35543,0.0729221105576
35544,0.0165295340121
35546,0.00265509914607
35547,0.0333519801497
35549,0.032883297652
35551,0.162756681442
35552,0.00177311641164
35553,0.00940993148834
35554,0.057772051543
35556,0.0377389490604
35560,0.00651053432375
35561,0.00752873811871
35564,0.0132574159652
35566,0.00139950634912
35567,0.00729302596301
35569,0.00227615656331
35570,0.0356639698148
35572,0.161717802286
35574,0.00289394776337
35578,0.00621645664796
35579,0.0345368236303
35582,0.0114562353119
35584,0.038835696876
35585,0.0412663184106
35588,0.0203729029745
35590,0.0142099503428
35596,0.00766512798145
35597,0.00522558577359
35598,0.00275274994783
35601,0.0024613593705
35602,0.0703142285347
35606,0.0385871492326
35610,0.029802814126
35615,0.0100291622803
35616,0.00251143006608
35618,0.158768460155
35625,0.014566835016
35627,0.0225139949471
35630,0.0319448672235
35633,0.00535151641816
35636,0.00130634114612
35639,0.038124486804
35640,0.00253887614235
35642,0.177587524056
35644,0.0222597531974
35645,0.0242706146091
35647,0.0113588273525
35648,0.0120729077607
35653,0.0130992708728
35659,0.00222464185208
35662,0.0024889127817
35665,0.0264496114105
35667,0.0705482289195
35670,0.00466186925769
35671,0.210330814123
35673,0.163523957133
35674,0.0196526665241
35675,0.00793692748994
35677,0.0119702192023
35679,0.0197606030852
35681,0.0104627450928
35684,0.00649785157293
35685,0.00290351524018
35687,0.176242351532
35688,0.00315008219332
35690,0.0154300779104
35691,0.0196526665241
35698,0.039170037955
35700,0.0212533324957
35701,0.00896235927939
35702,0.0451652854681
35703,0.00213336385787
35704,0.0235857889056
35705,0.00826369225979
35707,0.0666070654988
35710,0.0814283713698
35712,0.00285577354953
35715,0.00145120348316
35720,0.0573664009571
35722,0.0375922173262
35723,0.0141994468868
35724,0.0257543306798
35726,0.0436240769923
35727,0.0190927907825
35728,0.00275891437195
35734,0.00507748546079
35738,0.00444466434419
35740,0.0502206198871
35741,0.0095453960821
35743,0.00329705583863
35744,0.0025531433057
35745,0.0129059646279
35746,0.00783842243254
35749,0.0836988687515
35750,0.00706401932985
35751,0.00285453698598
35753,0.0570952035487
35754,0.00906636193395
35756,0.028785886243
35758,0.0470835454762
35760,0.00851557403803
35764,0.0227423738688
35765,0.0163151994348
35772,0.0180049240589
35774,0.00301774428226
35775,0.00459175370634
35776,0.00820312276483
35778,0.0274902004749
35779,0.0503443665802
35780,0.0103000476956
35781,0.00144128315151
35782,0.00321431574412
35785,0.00984465423971
35788,0.0163289271295
35790,0.0115890130401
35791,0.0166914332658
35795,0.00261198915541
35797,0.158147037029
35800,0.0352930650115
35801,0.0116495620459
35803,0.00994960404932
35804,0.092086032033
35805,0.174267634749
35806,0.00645004259422
35809,0.00985700637102
35811,0.0130419861525
35812,0.00380781199783
35813,0.00658571207896
35814,0.00929262116551
35818,0.00260292412713
35819,0.0196028240025
35822,0.0229568295181
35826,0.00912945438176
35829,0.0057626911439
35830,0.181669875979
35832,0.00874335505068
35837,0.00527045316994
35838,0.0475902073085
35839,0.0120686544105
35840,0.00447330158204
35842,0.00384892104194
35843,0.00289080804214
35846,0.0154851358384
35847,0.00232805591077
35848,0.0437391288579
35851,0.0110517013818
35852,0.00405881879851
35855,0.180243894458
35859,0.00887975282967
35860,0.112110584974
35864,0.00738383363932
35865,0.056544650346
35867,0.00337923853658
35868,0.0113442931324
35869,0.00597941409796
35870,0.033782273531
35871,0.040711581707
35873,0.08423050493
35875,0.0169486366212
35876,0.00357891642489
35877,0.0118583654985
35878,0.12557579577
35884,0.018962321803
35888,0.161527842283
35891,0.0211364943534
35892,0.015674136579
35895,0.028229560703
35896,0.0126104895025
35900,0.0147049464285
35902,0.00175770232454
35903,0.0066973506473
35909,0.0379738137126
35910,0.0250457506627
35914,0.17798756063
35915,0.0167486220598
35916,0.0187267754227
35918,0.062076728791
35919,0.00620163884014
35920,0.00268246629275
35924,0.0126031711698
35928,0.00282268947922
35929,0.0726302787662
35930,0.00263173924759
35932,0.012746328488
35935,0.035041347146
35938,0.00300548877567
35939,0.00248902058229
35941,0.00912358053029
35942,0.0547656230628
35943,0.0825213715434
35944,0.0106985159218
35945,0.0409752503037
35946,0.129527896643
35947,0.0109589677304
35948,0.157225862145
35953,0.00618340959772
35954,0.0270001422614
35957,0.00232149334624
35958,0.0103452941403
35962,0.0170769039541
35963,0.00177279731724
35964,0.00198825844564
35966,0.0168709214777
35968,0.105841577053
35969,0.00931372493505
35970,0.113037198782
35975,0.00317434663884
35976,0.0185632109642
35978,0.0622482486069
35980,0.220216020942
35981,0.0118450475857
35982,0.00489461747929
35985,0.00616359477863
35986,0.0196028240025
35987,0.0729444250464
35988,0.0840302109718
35989,0.00685068452731
35994,0.00136939925142
36000,0.0141439810395
36001,0.0141499247402
36002,0.00136849691626
36004,0.00720545463264
36007,0.245719149709
36008,0.00189786008559
36009,0.038899037987
36012,0.0201371554285
36014,0.0160838104784
36017,0.0316767729819
36023,0.0038268880453
36024,0.00476419692859
36026,0.0196028240025
36028,0.0196028240025
36030,0.0230903718621
36031,0.0114800576121
36032,0.00322148134001
36035,0.0158979594707
36039,0.0125980451703
36040,0.00127823569346
36041,0.00449331337586
36042,0.259283334017
36043,0.0262071043253
36044,0.0492183081806
36045,0.00861488375813
36048,0.00163815496489
36050,0.0141994468868
36052,0.260215103626
36053,0.0030392552726
36054,0.00796213373542
36056,0.0478676594794
36058,0.109110735357
36060,0.0356847122312
36061,0.0302626807243
36063,0.00594525784254
36064,0.0028676809743
36067,0.183344006538
36071,0.00158372870646
36076,0.00779087236151
36077,0.00851987022907
36079,0.00948811508715
36081,0.0149907758459
36082,0.00673208665103
36083,0.00352369481698
36084,0.00321915466338
36087,0.00734488433227
36088,0.0480810217559
36094,0.0161738153547
36095,0.238555639982
36097,0.0202202759683
36098,0.0252394378185
36101,0.0303631126881
36103,0.1792999506
36105,0.165868967772
36106,0.0163035634905
36108,0.00273257913068
36109,0.0199622884393
36110,0.00246263807639
36112,0.0319373682141
36115,0.00226492551155
36117,0.00948811508715
36118,0.0442930422723
36119,0.0182621367276
36120,0.0119722159579
36122,0.183633625507
36123,0.00737477047369
36125,0.00216127373278
36127,0.0157547798008
36128,0.0030902530998
36129,0.00471743801609
36130,0.0356549583375
36131,0.0185478311032
36133,0.00253115105443
36134,0.0477829948068
36138,0.166924953461
36141,0.0105057433248
36142,0.0233772154897
36144,0.0105775427073
36145,0.0226356983185
36146,0.0246729850769
36149,0.026738781482
36150,0.0175545420498
36153,0.00948811508715
36156,0.0901128351688
36157,0.131182670593
36158,0.00250391103327
36160,0.0102707054466
36165,0.0228890124708
36166,0.00333997700363
36168,0.00232645939104
36170,0.0524878241122
36174,0.0106985159218
36177,0.0811899378896
36181,0.0146977016702
36182,0.00699377059937
36185,0.00438691815361
36187,0.00629419228062
36194,0.157733619213
36196,0.00284150708467
36198,0.0098925512284
36201,0.0148458275944
36203,0.009695767425
36204,0.0456426031888
36206,0.0118423793465
36208,0.00127578305546
36210,0.0420194864273
36213,0.203772425652
36216,0.00921135395765
36217,0.0124217905104
36219,0.0175545420498
36222,0.00140001752879
36223,0.0105829937384
36224,0.0114368963987
36225,0.0197089463472
36227,0.0503480024636
36229,0.0109981764108
36230,0.0127769960091
36231,0.0196028240025
36232,0.0136596625671
36237,0.0200143624097
36240,0.0152336005121
36241,0.011420336552
36250,0.0127735510468
36255,0.0664246380329
36256,0.0353671647608
36257,0.0356537364423
36260,0.00592037010938
36262,0.0196028240025
36263,0.00296010565944
36267,0.0659666806459
36271,0.00698551675305
36273,0.00314273429103
36276,0.258623301983
36277,0.090211071074
36278,0.0452974885702
36279,0.00163479719777
36283,0.00466669956222
36285,0.277340680361
36289,0.00761786103249
36290,0.205337911844
36293,0.0159218050539
36294,0.00211305124685
36295,0.00442791543901
36296,0.00583260366693
36297,0.00210865400732
36299,0.0156605020165
36301,0.0161830447614
36303,0.00268618483096
36304,0.311211407185
36305,0.00248152948916
36306,0.00337105360813
36309,0.105293504894
36310,0.0295554175973
36314,0.0705568119884
36315,0.033090043813
36317,0.00333939120173
36321,0.0026399763301
36322,0.0255321282893
36324,0.0259535238147
36325,0.00913935899734
36326,0.00716550229117
36327,0.0437407568097
36331,0.00137469451874
36333,0.0168227702379
36334,0.0196028240025
36336,0.229911342263
36338,0.175578132272
36339,0.0337257534266
36340,0.00378906843252
36341,0.0149906557053
36342,0.0621061474085
36343,0.0104153985158
36346,0.0176009666175
36348,0.0486986897886
36349,0.00318880239502
36351,0.233702838421
36354,0.00272829947062
36355,0.0023680224549
36358,0.0187217853963
36361,0.00398491509259
36362,0.0312580242753
36363,0.00855553150177
36365,0.0196028240025
36367,0.0318547599018
36368,0.212079241872
36369,0.0294173657894
36370,0.0571510121226
36371,0.0196973271668
36376,0.00196333788335
36379,0.117780894041
36381,0.164333090186
36382,0.00348842306994
36383,0.0139256622642
36384,0.0961861461401
36387,0.00605505052954
36389,0.0417542532086
36395,0.148722276092
36396,0.188765242696
36397,0.0121195809916
36405,0.0255321282893
36406,0.0251824874431
36408,0.0932820886374
36409,0.0157212819904
36412,0.0232797600329
36414,0.0276363305748
36415,0.0306360274553
36416,0.00152259191964
36417,0.174630403519
36419,0.0169717632234
36420,0.0392546802759
36421,0.00229287333786
36424,0.0132291130722
36426,0.0983721315861
36427,0.00834731943905
36428,0.0134691055864
36429,0.0128083778545
36431,0.0786901637912
36433,0.00851103384048
36434,0.215665385127
36438,0.00848633050919
36439,0.00831441022456
36440,0.00943390093744
36443,0.00754391262308
36445,0.0388367474079
36449,0.0018052343512
36450,0.00254247104749
36453,0.0639868527651
36455,0.00636269012466
36456,0.0108775710687
36457,0.00963910855353
36459,0.00349019235
36460,0.0224576704204
36461,0.00301750912331
36463,0.235684305429
36464,0.0220985990018
36466,0.0220027845353
36470,0.178490966558
36471,0.0235462877899
36472,0.0243374966085
36479,0.010770490393
36480,0.011988658458
36481,0.00676585361362
36482,0.009695767425
36486,0.00184255489148
36487,0.0042211022228
36488,0.180243894458
36491,0.0921304672956
36492,0.0403541624546
36494,0.205377459526
36496,0.00140001752879
36497,0.0288483332843
36498,0.0040395334363
36501,0.0103732170537
36503,0.0115663344041
36504,0.0196959543973
36505,0.0105269150808
36507,0.234074652195
36509,0.0488937646151
36511,0.0234697833657
36515,0.0141794765368
36517,0.0184339787811
36519,0.00281705101952
36520,0.0273080151528
36521,0.00628889771178
36523,0.0283331684768
36524,0.0115315029398
36525,0.0171562675387
36528,0.0312612354755
36529,0.0579795204103
36533,0.00253631849773
36534,0.0118603939191
36535,0.0143723487854
36538,0.0107999769971
36540,0.0104721393436
36541,0.0132710952312
36542,0.0266618169844
36545,0.0131976846606
36546,0.0068840184249
36553,0.0157967526466
36554,0.00137494062074
36555,0.0409752503037
36557,0.0669237524271
36559,0.0176797490567
36561,0.0168709214777
36562,0.00133647979237
36565,0.071065671742
36566,0.00150672311429
36567,0.0101747279987
36568,0.00231437641196
36570,0.0257935188711
36571,0.00485735526308
36572,0.0165480319411
36574,0.0459365881979
36575,0.123447090387
36577,0.0188083779067
36581,0.00201726797968
36582,0.00215503852814
36584,0.0705671161413
36585,0.0145694557577
36587,0.00766237126663
36588,0.0196526665241
36590,0.0147304618731
36591,0.0367920771241
36592,0.00173006567638
36594,0.0295838359743
36596,0.0330949164927
36597,0.00140348775312
36598,0.00280171935447
36600,0.158441826701
36602,0.00798208359629
36604,0.0141994468868
36605,0.178681373596
36608,0.00729829957709
36610,0.00583226373419
36611,0.0129691101611
36614,0.235649988055
36617,0.0130382850766
36620,0.016823977232
36623,0.0351900272071
36625,0.0150750782341
36627,0.00871516950428
36628,0.0792694687843
36632,0.0628829076886
36636,0.00261192559265
36637,0.00558064226061
36638,0.00351662607864
36640,0.0410661995411
36642,0.00886768754572
36645,0.0159947611392
36648,0.00357879046351
36650,0.00339469057508
36651,0.0115898372605
36652,0.00396563624963
36654,0.019466329366
36657,0.00137433188502
36658,0.00227395491675
36660,0.0960535556078
36663,0.0273002460599
36667,0.00294267688878
36669,0.0560629740357
36670,0.00310237985104
36671,0.00353435939178
36672,0.00683312257752
36673,0.0202992800623
36675,0.0493602640927
36677,0.00421073846519
36679,0.0236445069313
36681,0.00350149278529
36685,0.0361179336905
36688,0.00175296480302
36689,0.00783645361662
36690,0.0287357904017
36692,0.0037982231006
36694,0.00379267334938
36698,0.00175345712341
36700,0.0032854990568
36701,0.08380305022
36702,0.0109956813976
36703,0.0112278303131
36705,0.0493602640927
36706,0.00715987291187
36707,0.0141994468868
36709,0.00640049064532
36713,0.0136649245396
36714,0.00253111007623
36716,0.00823085661978
36717,0.0232510045171
36720,0.00339030846953
36722,0.0728890448809
36723,0.0263146515936
36726,0.0134902978316
36728,0.0129523659125
36731,0.00345949572511
36732,0.23454387486
36733,0.00287752156146
36734,0.0069473311305
36736,0.0389148816466
36737,0.0746296867728
36738,0.0318670943379
36739,0.0117357764393
36740,0.0152279986069
36744,0.0145694557577
36746,0.121814906597
36747,0.00399618037045
36749,0.183093398809
36750,0.0225994735956
36751,0.0897355377674
36752,0.0182868596166
36753,0.0337861813605
36760,0.0122765190899
36761,0.0117290811613
36762,0.180243894458
36764,0.0401701405644
36765,0.00358906551264
36769,0.0427061878145
36770,0.00279484177008
36773,0.0856023579836
36774,0.101506575942
36775,0.00155811605509
36777,0.147305577993
36778,0.002445691498
36779,0.00464220484719
36786,0.00417778966948
36787,0.0145423766226
36789,0.00258954172023
36791,0.140643879771
36792,0.0258612874895
36793,0.0202392246574
36798,0.00829728972167
36800,0.164333090186
36801,0.00564182829112
36804,0.0089720422402
36805,0.0202883668244
36807,0.0103980051354
36808,0.00164780893829
36811,0.0449761971831
36814,0.0569170638919
36816,0.106341347098
36819,0.0135916201398
36821,0.00948811508715
36822,0.00299352756701
36823,0.0183840151876
36827,0.009695767425
36829,0.0753043368459
36835,0.0103433169425
36837,0.239756822586
36838,0.0997265279293
36840,0.0152202080935
36841,0.119118966162
36848,0.00652361474931
36850,0.00211104936898
36855,0.0383001975715
36858,0.0318670943379
36860,0.00219345511869
36861,0.0175508335233
36865,0.0800520628691
36866,0.0549640208483
36867,0.0327760949731
36869,0.00870344042778
36870,0.0024678632617
36872,0.0866175368428
36874,0.0323484875262
36876,0.00542177259922
36880,0.00973656866699
36881,0.0789134949446
36882,0.0633229166269
36883,0.0196526665241
36885,0.0160072166473
36886,0.0365355946124
36887,0.00168324704282
36889,0.0309021286666
36891,0.00816759373993
36892,0.0363074280322
36893,0.00133185519371
36895,0.00212630140595
36896,0.0233655255288
36900,0.0155973630026
36901,0.0121892066672
36903,0.00833026971668
36904,0.00555260991678
36905,0.00289347046055
36906,0.0115805882961
36907,0.0841602012515
36909,0.00947382114828
36910,0.00276051275432
36912,0.00175484234933
36914,0.0704659447074
36915,0.0128585780039
36916,0.0945522412658
36917,0.00504178181291
36925,0.230663910508
36926,0.00260242517106
36927,0.0226937178522
36928,0.00615514721721
36929,0.0104030650109
36930,0.0153130050749
36936,0.0220985990018
36938,0.00382211897522
36939,0.00631973147392
36940,0.212123483419
36942,0.00144760787953
36943,0.00857153907418
36944,0.0268152896315
36947,0.00152384291869
36948,0.0110401064157
36951,0.245419174433
36954,0.0200447570533
36956,0.0337539613247
36957,0.00253783073276
36959,0.00426163105294
36962,0.0184143818915
36965,0.0127369053662
36968,0.0627518817782
36970,0.0505697317421
36972,0.0189529471099
36973,0.042249366641
36974,0.00246263807639
36975,0.0308467373252
36976,0.00735725741833
36977,0.0432832948864
36981,0.062170162797
36988,0.00222618877888
36989,0.0349284410477
36990,0.00523658329621
36995,0.0425739511847
36996,0.00514675257728
36998,0.126889571548
37001,0.0322124250233
37003,0.035947214812
37005,0.0284609943628
37008,0.0141107672825
37009,0.264599442482
37013,0.0170923750848
37014,0.030048135668
37015,0.0402154810727
37016,0.00729551538825
37020,0.0156063698232
37021,0.00460806488991
37022,0.0387082323432
37024,0.00170545210131
37027,0.0059861978516
37028,0.177686169744
37030,0.10103469342
37031,0.0214494373649
37032,0.00508871302009
37034,0.00367378653027
37035,0.00627420283854
37038,0.109097011387
37040,0.00722566246986
37043,0.0105070527643
37044,0.052518337965
37045,0.0298320353031
37046,0.0320855826139
37048,0.00632949452847
37049,0.0833406671882
37050,0.0196028240025
37051,0.063953615725
37054,0.00194695638493
37055,0.00464329821989
37056,0.0300299283117
37058,0.00365637079813
37059,0.015494982712
37061,0.0558840297163
37062,0.0141994468868
37064,0.0128631237894
37065,0.0144243314862
37066,0.0805036351085
37067,0.0389554910362
37069,0.152377322316
37073,0.274938941002
37077,0.00947382114828
37078,0.00194423121866
37079,0.0141994468868
37081,0.0215416494757
37082,0.00270451698452
37083,0.0238491501659
37085,0.025654360652
37086,0.0159491207451
37088,0.0196028240025
37092,0.00207132147625
37094,0.0124762328342
37095,0.00952113606036
37098,0.0282337386161
37099,0.0017221653834
37103,0.00169520510826
37104,0.00814415700734
37105,0.0410599373281
37106,0.0100062508136
37109,0.0154808545485
37112,0.195679560304
37113,0.0196028240025
37115,0.00704970257357
37116,0.0128529621288
37118,0.0298068467528
37122,0.0422656238079
37124,0.00622003385797
37126,0.0109130023047
37127,0.0331011377275
37129,0.00721944356337
37133,0.203772425652
37136,0.00286424136721
37139,0.00253422511742
37140,0.00339059066027
37142,0.00820780266076
37143,0.00742588797584
37144,0.00334407296032
37146,0.00516249239445
37148,0.0195744540542
37151,0.00229809014127
37153,0.0631106868386
37154,0.00390652846545
37158,0.00356530142017
37159,0.00876566208899
37161,0.0220985990018
37165,0.00139271293301
37168,0.00522560346872
37169,0.00994960404932
37173,0.0179842971265
37175,0.00155977043323
37177,0.00422030035406
37180,0.00597347691655
37182,0.0109770298004
37183,0.163106888533
37185,0.00744990631938
37188,0.0110710114241
37191,0.260215103626
37192,0.01443767827
37193,0.00948811508715
37194,0.00510756392032
37197,0.0372371450067
37198,0.00456946343184
37199,0.0721803382039
37200,0.225192204118
37202,0.0161460004747
37204,0.0142859015614
37205,0.00516666239128
37206,0.016629608348
37207,0.00629087071866
37215,0.030954265967
37216,0.00676875095814
37217,0.207650735974
37218,0.0085497898981
37219,0.00362816965207
37220,0.207943752408
37221,0.0322373248637
37222,0.190536558628
37224,0.0284318104386
37227,0.00556632084772
37229,0.00239237723872
37230,0.0128529556096
37231,0.0439854301512
37232,0.00273726740852
37235,0.059918101877
37236,0.176044583321
37237,0.0640340149403
37238,0.0049864128232
37239,0.0208656899631
37240,0.183093830943
37245,0.00215885229409
37246,0.0789598301053
37251,0.00123569439165
37252,0.0292918384075
37253,0.159217968583
37254,0.00220572273247
37255,0.0124012744054
37256,0.00295642786659
37261,0.12382876128
37265,0.0114273531362
37268,0.00589458271861
37270,0.016298096627
37273,0.054874971509
37276,0.0852799639106
37280,0.00187498121522
37285,0.0193911250681
37286,0.0155388405547
37289,0.0333671793342
37294,0.0285654533654
37295,0.00916455965489
37296,0.272167980671
37297,0.0190983060747
37298,0.00181489123497
37299,0.0884787812829
37303,0.00618811743334
37305,0.0117748677731
37306,0.0170923750848
37309,0.00366812711582
37310,0.0357107035816
37312,0.0155868884176
37313,0.0262512303889
37314,0.0217325240374
37315,0.199360772967
37317,0.0183281488717
37318,0.0214863847941
37323,0.20439851284
37325,0.00186298764311
37327,0.0241034775972
37328,0.00590559653938
37335,0.00147067545913
37339,0.0542359687388
37344,0.00639457721263
37347,0.0268964562565
37348,0.0190240498632
37349,0.0154300779104
37351,0.00903735309839
37352,0.00590252084658
37353,0.00822674389929
37354,0.00336025562137
37355,0.020121909678
37356,0.00762281846255
37358,0.152385652065
37359,0.0232494156808
37360,0.00550401257351
37363,0.0325774885714
37366,0.152090385556
37368,0.00280546443537
37371,0.041481141001
37372,0.00327683333308
37374,0.00228145578876
37375,0.00663999281824
37376,0.0860112309456
37377,0.00134435645305
37378,0.0234558023512
37383,0.00942521076649
37384,0.154731437564
37387,0.0175467636436
37391,0.0538533739746
37392,0.00308567774482
37396,0.00605315994471
37398,0.00614978838712
37399,0.00472617521882
37400,0.00712253432721
37401,0.0405283793807
37402,0.00978193152696
37404,0.0304192397743
37406,0.0266550295055
37407,0.0209881439805
37408,0.00517172878608
37409,0.0370120219886
37410,0.00282170413993
37411,0.15623909235
37413,0.0339326225221
37417,0.0176659729332
37423,0.00252757547423
37424,0.00216363300569
37425,0.012824093923
37428,0.0171639621258
37432,0.106743596494
37440,0.133273094893
37442,0.0223862156272
37443,0.00272741727531
37445,0.0202666874975
37446,0.0237089432776
37447,0.0324459262192
37450,0.0839979499578
37451,0.00234496337362
37458,0.0693903565407
37459,0.00364204472862
37460,0.0170083492994
37463,0.0217648651451
37465,0.0908611193299
37467,0.0196526665241
37469,0.00224758731201
37472,0.00860903784633
37474,0.249913066626
37475,0.177686169744
37476,0.00545833492652
37481,0.0379093028605
37485,0.00434343144298
37487,0.0557256937027
37489,0.0789598301053
37490,0.177686169744
37491,0.0517266020179
37492,0.0228948742151
37495,0.0219678841531
37497,0.177450060844
37500,0.0147406663746
37502,0.0500250384212
37503,0.00119771587197
37504,0.00219685584307
37505,0.00444422336295
37506,0.0148285701871
37508,0.082783728838
37513,0.0377434492111
37514,0.0165149662644
37515,0.011483900249
37516,0.0235718861222
37520,0.0178432557732
37532,0.0573054105043
37533,0.0808393582702
37534,0.0173419825733
37539,0.0296434499323
37540,0.00824738573283
37541,0.00194041442592
37542,0.255670905113
37543,0.296508073807
37545,0.0348296687007
37546,0.00944838486612
37548,0.00948811508715
37550,0.00264914985746
37551,0.0168748535216
37552,0.013985728845
37553,0.00452472548932
37555,0.00411828327924
37557,0.00147362216376
37558,0.0273179467767
37560,0.00490858638659
37563,0.00590369850397
37565,0.243572458625
37567,0.0121892066672
37568,0.0138236973435
37572,0.0114552676678
37573,0.0138504924253
37574,0.0293213035911
37575,0.00705880345777
37577,0.00162147346418
37579,0.00235004234128
37580,0.00340165686794
37582,0.00217493413948
37584,0.0188184473664
37586,0.00253422511742
37588,0.00973762571812
37589,0.0256740879267
37591,0.0230057109147
37593,0.0272220317274
37594,0.0060254978016
37595,0.0217979326844
37596,0.00135943386704
37600,0.0146506456658
37601,0.0347067303956
37602,0.0796218216419
37604,0.0252623595297
37605,0.111185856164
37607,0.0424006022513
37610,0.200159430504
37611,0.0307153761387
37614,0.00965822301805
37615,0.00250013591722
37617,0.016569968313
37618,0.00470714597031
37622,0.0145673397928
37623,0.0897921100259
37624,0.0141994468868
37625,0.0181538201869
37626,0.0277233365923
37632,0.0296555776149
37633,0.00828597787768
37634,0.00583917135373
37635,0.0144243314862
37636,0.0260677840561
37637,0.00948811508715
37640,0.00227882526815
37643,0.0289105009288
37645,0.0172615423799
37647,0.0413137413561
37648,0.0613279379904
37650,0.00836381874979
37652,0.0318670943379
37655,0.00876790005714
37658,0.127611398697
37661,0.00511369528249
37669,0.0760601311922
37670,0.0644157230854
37671,0.0800586640835
37672,0.0680431127548
37677,0.00931372493505
37678,0.0145423766226
37679,0.0111371111125
37682,0.022741727531
37683,0.00272393715568
37684,0.00763614056632
37686,0.00252988841385
37688,0.0846316367388
37693,0.0242968536913
37694,0.00863770768046
37695,0.0038440588396
37697,0.00839338544756
37698,0.0349798873067
37701,0.00247088889591
37702,0.00452312780544
37703,0.0628408864141
37705,0.00628737779334
37706,0.0206295456737
37709,0.01353735663
37711,0.115686580539
37712,0.0846693068743
37713,0.0148748662323
37715,0.0145423766226
37716,0.00520058814436
37717,0.0194235444069
37718,0.0360023975372
37719,0.00220634182915
37720,0.0600516609848
37722,0.00396840227768
37723,0.00799886509776
37727,0.198953285813
37728,0.209551289678
37729,0.0199293661863
37733,0.00791061017662
37739,0.00863952096552
37744,0.0493447929621
37745,0.00127448956482
37748,0.0785343796015
37753,0.00254503358155
37754,0.00869981665164
37759,0.0147055955604
37761,0.0138194076717
37762,0.220163911581
37763,0.00611781841144
37764,0.0173419825733
37770,0.0128722153604
37772,0.0156446844339
37773,0.00676868017763
37775,0.183633431792
37777,0.0233747754246
37780,0.00777284288779
37781,0.00984916370362
37782,0.0372716933489
37783,0.121038176119
37784,0.0290962792933
37787,0.0107283536345
37788,0.0232846140862
37789,0.00873475056142
37792,0.00911511015147
37793,0.00379790528677
37794,0.0104190949351
37795,0.0178088434041
37797,0.0147376181558
37798,0.00128693890292
37800,0.0079181920737
37801,0.00304294028319
37803,0.278022110462
37804,0.0124232759699
37807,0.0131172146648
37808,0.0317861102521
37812,0.168202072382
37814,0.011411360465
37815,0.00265373592265
37817,0.00360040948726
37819,0.0032418097835
37822,0.00356494053267
37823,0.0220985990018
37825,0.0101762982085
37826,0.00536900479347
37833,0.00240207812749
37834,0.0584763549268
37835,0.00248049199581
37836,0.0241756085306
37839,0.0141284689307
37840,0.00911798793823
37841,0.0450792126358
37846,0.0165016818792
37850,0.00298978830688
37854,0.0185478311032
37856,0.130226060748
37857,0.00485910242423
37859,0.0236350558698
37860,0.0830246731639
37861,0.00332139059901
37862,0.0140411453322
37863,0.0285533294082
37872,0.0602877698839
37873,0.00420466298237
37876,0.00342327822
37882,0.0150061193854
37883,0.014428012073
37886,0.0961139574647
37888,0.0178038403392
37889,0.030610376969
37891,0.0119523499161
37892,0.00181236374192
37893,0.00500925304368
37894,0.00413892790675
37895,0.00439315801486
37897,0.0143822338432
37900,0.00322260661051
37901,0.00346741150133
37902,0.00215268880129
37904,0.00521928118542
37905,0.0134140988812
37907,0.00234671426006
37909,0.0558840297163
37913,0.0144372563809
37914,0.00165222038049
37916,0.0336661189795
37919,0.146013513207
37921,0.0042765410617
37922,0.00252988841385
37923,0.0364872291684
37928,0.21115359664
37929,0.0253101103008
37931,0.0190536621958
37933,0.0166812762618
37934,0.00388510199264
37935,0.305481493473
37936,0.00686131417751
37937,0.10176653415
37940,0.00251860520802
37942,0.0024650557898
37943,0.00702034309506
37944,0.039598878473
37945,0.0081045133993
37946,0.00213704374619
37948,0.0124493427575
37949,0.00318295881152
37950,0.0341564081609
37956,0.0149907758459
37957,0.0229827333242
37958,0.0130968168378
37959,0.0101846735924
37961,0.0746296867728
37963,0.0149039616808
37964,0.00239091319963
37965,0.0450344271958
37966,0.00635926052928
37967,0.0197426825762
37969,0.00660520372912
37971,0.0141050964594
37972,0.0315123312175
37974,0.0117482868955
37977,0.0211168769747
37978,0.103294372559
37979,0.0118402084336
37981,0.0333386063576
37982,0.0383127853274
37986,0.0367125459015
37987,0.00465537980199
37988,0.0141270626336
37989,0.00904616340995
37991,0.187407627702
37992,0.0088702775538
37994,0.00545389251783
37995,0.0033318742644
37996,0.0215622186661
37997,0.0107743022963
37998,0.0020648392383
37999,0.00948811508715
38000,0.00950857624412
38001,0.00948811508715
38003,0.00319616962224
38005,0.0399110428989
38006,0.0627732276917
38009,0.00300137349404
38011,0.00750074535608
38012,0.017349973321
38013,0.0167269073427
38014,0.0111925499514
38015,0.0196028240025
38020,0.0253658760339
38021,0.0197371467948
38022,0.00191446626559
38023,0.222319751978
38024,0.010308932513
38025,0.0018066422781
38027,0.0222772248089
38028,0.0415750928223
38029,0.0335669592023
38030,0.15477900207
38031,0.0106206266209
38034,0.0872770473361
38036,0.024582631886
38037,0.238984167576
38039,0.00559679698199
38040,0.00804971437901
38041,0.0211209375411
38043,0.00436474382877
38045,0.00270143058151
38046,0.0221883561462
38050,0.00738400500268
38051,0.161717802286
38053,0.00268246629275
38054,0.131113007665
38056,0.0145750977099
38060,0.00483900122344
38064,0.0301690846682
38067,0.084049589932
38068,0.112380750477
38075,0.220286875963
38080,0.0166889838874
38081,0.00909952819347
38083,0.00596879329532
38084,0.018968841061
38086,0.0207107588649
38088,0.0262646842748
38090,0.0318803451955
38091,0.00326242484152
38092,0.00881771650165
38093,0.112330824137
38094,0.00711271865293
38095,0.0140413306653
38096,0.0300345551223
38097,0.00413862150162
38098,0.0026055437047
38099,0.0360881462693
38110,0.0106640700251
38113,0.0152236092836
38114,0.0253457315266
38115,0.0191955640912
38116,0.0108069423586
38117,0.00240350351669
38119,0.013304262422
38120,0.00221277563833
38122,0.166075482965
38123,0.00676810275763
38125,0.00224526482634
38128,0.00234328513034
38131,0.142560392618
38132,0.0140604479238
38134,0.0381520874798
38136,0.00310933636501
38138,0.17288005352
38139,0.0218208041042
38141,0.11414784193
38142,0.0154300779104
38143,0.0141994468868
38145,0.0541054904461
38148,0.0214199367911
38152,0.0121521083638
38153,0.0150118283927
38156,0.00338809238747
38159,0.00212630140595
38160,0.0247131902725
38161,0.00948811508715
38162,0.0793013870716
38164,0.192013338208
38166,0.0144243314862
38167,0.00259859859943
38170,0.0266618169844
38171,0.0247493702918
38174,0.0196028240025
38175,0.203772425652
38176,0.0124012744054
38178,0.015674136579
38180,0.0477136597037
38184,0.0107635632157
38186,0.00381621951237
38188,0.0103148501366
38189,0.00685832928866
38190,0.0155548453331
38191,0.0023965141736
38192,0.00309186801314
38195,0.0300511363894
38197,0.00431760586798
38198,0.0346473194659
38203,0.253528177738
38204,0.0187507644296
38205,0.0519786961377
38206,0.171351656318
38207,0.0340372882783
38208,0.0250165443867
38209,0.0109365740791
38210,0.00989567581564
38212,0.0654131248593
38215,0.0820700526237
38217,0.0387998819351
38220,0.025513632223
38225,0.0135428011417
38226,0.0074638533406
38227,0.0451546572149
38229,0.181669875979
38230,0.0128200612962
38231,0.00896235927939
38232,0.00305399042554
38233,0.00438606832176
38234,0.00569756468758
38235,0.0108510842547
38238,0.00293087586761
38239,0.0311066452414
38242,0.0168823227286
38243,0.200271233916
38244,0.0486244671047
38247,0.00415868591517
38249,0.00124537933152
38252,0.0145694557577
38254,0.00130634114612
38266,0.00874035060406
38267,0.0241960398853
38268,0.0110449232161
38269,0.108766637743
38271,0.0169953275472
38272,0.0262646842748
38273,0.0229953285307
38276,0.00277392799035
38278,0.0411391295493
38279,0.00421712175012
38280,0.0176539048553
38282,0.00805578567088
38283,0.00925618130714
38284,0.00740487454459
38285,0.0238575655967
38286,0.00147643708624
38288,0.0101567441598
38289,0.0057980963029
38290,0.015431702137
38292,0.0523875281215
38296,0.0361440964043
38300,0.158467903733
38304,0.278218924999
38305,0.0606492049992
38306,0.109392248094
38308,0.00187123264186
38312,0.0216298531741
38313,0.0292480085045
38314,0.0699976608157
38315,0.0185478311032
38316,0.014170806855
38317,0.0105110835284
38327,0.0967683568597
38329,0.0102051086724
38332,0.00199961964972
38334,0.00332939368673
38336,0.0357988625765
38337,0.00167692638934
38338,0.0140165500343
38340,0.0101267406717
38342,0.0155089534819
38348,0.153244554996
38349,0.00537166371942
38350,0.0126980189234
38351,0.00755582842976
38355,0.0692905783653
38358,0.0914131850004
38363,0.00833685044199
38364,0.0784813314676
38366,0.00748068327084
38367,0.00262060458772
38368,0.0238446220756
38370,0.00844822637737
38373,0.0141994468868
38374,0.0345430001616
38375,0.00648308591917
38378,0.219848111272
38381,0.105293504894
38384,0.0358060486615
38386,0.00417083082721
38387,0.0119727356359
38388,0.0189914740622
38391,0.0157253555954
38394,0.0320855826139
38395,0.0138591900468
38396,0.0165611281991
38399,0.0255127511919
38404,0.0101149212569
38409,0.067275442183
38412,0.282761245966
38414,0.0228045638651
38415,0.063953615725
38416,0.00735706929117
38417,0.0154042961076
38418,0.00605642562732
38420,0.267626583576
38422,0.033570766449
38427,0.32471576333
38430,0.0168386772275
38432,0.010877981782
38433,0.185778334737
38435,0.0397790297866
38442,0.0147027364001
38443,0.00427731918171
38445,0.0246436595917
38446,0.0758514329791
38448,0.0129528539255
38449,0.00305873993784
38450,0.0013243915746
38455,0.181669875979
38462,0.00994260329753
38464,0.0163217373192
38466,0.0171251706779
38468,0.0122049590573
38469,0.0130019970238
38470,0.00247946940362
38472,0.0356210581958
38473,0.0168158784509
38475,0.00948811508715
38477,0.0249729696661
38478,0.209551289678
38479,0.00614847103134
38484,0.0757617503405
38485,0.261413216591
38486,0.00183136551641
38487,0.00503611098975
38488,0.00417017703876
38489,0.0175533909351
38490,0.0138916559517
38491,0.00768278585747
38492,0.022758519277
38493,0.00213979091495
38497,0.0130188362673
38498,0.0307208579034
38500,0.0390696898103
38501,0.0158878080547
38502,0.0103841237724
38503,0.0803550183773
38506,0.00446911389008
38507,0.183093830943
38509,0.0304338112473
38510,0.0981136411428
38511,0.0142635190859
38513,0.0160698182881
38515,0.0025832077954
38521,0.00315428664908
38522,0.0385871492326
38525,0.0134649360552
38527,0.00498753460124
38528,0.0260874815285
38530,0.00177886895835
38531,0.0113089494407
38532,0.00151732435916
38533,0.00635103136301
38535,0.213919222355
38537,0.0154696088284
38538,0.006516427733
38539,0.0173782873899
38542,0.0195805672556
38543,0.00247689383104
38545,0.0601834431291
38546,0.0254504494369
38547,0.036695972085
38549,0.0015055348631
38551,0.0354975275695
38555,0.0306694936007
38557,0.00934604462236
38558,0.0109596233815
38562,0.115234553814
38564,0.0261942148209
38565,0.0431514084339
38566,0.025341514498
38567,0.00642547244206
38568,0.0435273945332
38569,0.0048952260986
38575,0.0460106544197
38577,0.0506810545921
38579,0.0398129671812
38581,0.00740160234272
38584,0.0148001126945
38587,0.0199344735593
38588,0.0108484998345
38592,0.0423127934337
38594,0.0187664441764
38596,0.0337543040514
38597,0.011884432286
38598,0.00249994336627
38599,0.0481706373394
38605,0.00332216406241
38608,0.0030056303367
38609,0.0629688799381
38610,0.0362563617527
38611,0.00269569666125
38612,0.0113545497879
38613,0.0471031554043
38614,0.0264987256378
38615,0.0100500965491
38616,0.0206299610436
38617,0.0721443891525
38620,0.00455512339249
38622,0.0408191047609
38623,0.0199365839362
38625,0.0173419825733
38626,0.0133230034262
38627,0.00880988873541
38628,0.0419413596392
38630,0.00253272266127
38631,0.00491114659235
38632,0.00838887039572
38633,0.00840737018734
38634,0.00789199210703
38635,0.00931372493505
38638,0.0423130728304
38639,0.0284766443074
38640,0.0418255589902
38641,0.00228342460468
38642,0.0345430001616
38643,0.00148618710227
38645,0.0469403266907
38650,0.0277725420892
38651,0.0499904789031
38652,0.0150207160041
38653,0.0058946525678
38654,0.0143145089969
38655,0.00929784681648
38656,0.00187213229947
38657,0.00129175651819
38660,0.009725949727
38661,0.201943054795
38663,0.00326896691695
38664,0.0227131787688
38666,0.0118587911129
38667,0.00646416610107
38668,0.0350355766714
38671,0.00372884073295
38672,0.00891765300184
38682,0.164667874575
38683,0.00318880239502
38684,0.00811805948615
38686,0.0800946503878
38688,0.0363347940147
38689,0.00703472457826
38690,0.174728617072
38694,0.00437228661031
38695,0.0079899141565
38696,0.00734924571589
38697,0.0029237056151
38698,0.00235196715221
38699,0.0221468601376
38701,0.00963945034891
38703,0.183093830943
38705,0.00397096993402
38710,0.159745484591
38711,0.0452394038439
38712,0.0280104801059
38714,0.00256292521954
38716,0.0103415893391
38719,0.0289017800242
38721,0.0085013974458
38722,0.0178164523095
38724,0.00199371436611
38725,0.0264968220145
38728,0.300160378218
38729,0.00380784249865
38730,0.0515195690095
38731,0.00275783077814
38732,0.00382092455402
38733,0.0048330463469
38734,0.00318916933611
38738,0.00424264278263
38739,0.00252730143256
38740,0.209515318274
38741,0.171088069677
38743,0.172297805548
38744,0.00854782573879
38746,0.00419642962515
38747,0.00688752066344
38752,0.00169030902907
38754,0.110691532493
38756,0.00507601862773
38758,0.0146085498855
38759,0.0560138784349
38760,0.283082932234
38761,0.0577258951962
38762,0.0492992028594
38763,0.00976807530969
38765,0.00156067975331
38768,0.00433360598981
38769,0.0141439810395
38771,0.0173213724047
38773,0.00932539161295
38774,0.00250440882519
38776,0.0028412961401
38778,0.0345430001616
38782,0.00202835234813
38785,0.00971225928515
38787,0.00397727778181
38789,0.0362045690417
38792,0.001466416521
38793,0.232333779335
38794,0.0454597882926
38795,0.167927995324
38796,0.00248815421946
38801,0.00133647979237
38804,0.010651149787
38805,0.0144622055814
38807,0.0761139169335
38808,0.00760963186622
38810,0.227852612734
38811,0.0318670943379
38813,0.00530397519469
38814,0.0132132750005
38816,0.0052798059769
38817,0.0133055076003
38818,0.0130788199604
38819,0.0103673934937
38821,0.0053923339583
38823,0.0203735306859
38825,0.164334267378
38827,0.0695148259401
38828,0.00151789013762
38829,0.0155654223636
38830,0.00136494473554
38832,0.00721437297761
38837,0.00185450550634
38841,0.0196028240025
38842,0.0134566789493
38844,0.00675465352833
38845,0.0596145875752
38847,0.0946494266391
38850,0.0377944782376
38854,0.0259076971561
38856,0.021014880389
38858,0.161402761936
38859,0.0664980709553
38860,0.0449533872306
38861,0.0172460339963
38862,0.00149094499648
38865,0.0238510817289
38866,0.00193667167332
38867,0.00812361761928
38868,0.0833772644401
38872,0.0242706146091
38873,0.0329862125218
38877,0.0554493293166
38878,0.0198759436607
38880,0.00344762392342
38881,0.0196028240025
38887,0.00591156771407
38888,0.106712639332
38889,0.0289338678122
38890,0.0141994468868
38891,0.0053788148798
38898,0.00437819445506
38904,0.00692077400163
38905,0.00820780266076
38907,0.143257126212
38910,0.00257078232244
38912,0.0856009200215
38913,0.00144486303907
38915,0.00402634823695
38916,0.00810663402081
38918,0.00893804803491
38921,0.0233747754246
38923,0.0307153761387
38925,0.00180828629527
38927,0.00199713092297
38934,0.00256831012666
38936,0.019219012931
38937,0.00237897457555
38939,0.00196871021762
38942,0.0397790297866
38943,0.00313478219323
38945,0.00829317886382
38946,0.00341691216454
38947,0.015674136579
38948,0.00118599075358
38950,0.0280676782131
38951,0.00346471206285
38952,0.660150945187
38955,0.00145071162842
38956,0.120025649667
38957,0.00621491903439
38959,0.0139406993985
38962,0.0306821465492
38964,0.0313454382122
38965,0.0354869253933
38966,0.0116577511653
38969,0.180243894458
38970,0.223821654916
38973,0.0160192009062
38975,0.00262672360986
38976,0.0175308734179
38977,0.0046789390035
38978,0.0175172295421
38980,0.21854826808
38984,0.0601886324584
38985,0.0265592969954
38986,0.00232884893194
38989,0.0235586855561
38992,0.00322057050653
38995,0.0413324646652
38997,0.0311113670468
38998,0.00723519176245
38999,0.0150997489691
39003,0.159950762987
39006,0.0081995818764
39009,0.142471879721
39010,0.0624964609742
39011,0.009695767425
39013,0.0482886023819
39014,0.0131292752922
39017,0.0250599533319
39019,0.0595834776759
39024,0.0835572555661
39026,0.0149612948298
39031,0.159745484591
39036,0.0311066452414
39039,0.00223364075646
39040,0.0177533123642
39041,0.0039562638849
39045,0.0109779201448
39046,0.0161382760853
39048,0.0107589429244
39050,0.0128383832052
39051,0.0083589553833
39053,0.00932539161295
39056,0.0071890456602
39058,0.185527220368
39059,0.00196333788335
39060,0.0029332539998
39061,0.0196028240025
39064,0.296508073807
39067,0.0201366133988
39069,0.0238187871873
39070,0.0540204271674
39072,0.0090800030157
39073,0.00821891520172
39075,0.00314265512861
39076,0.00871177576482
39078,0.0154992230237
39081,0.0503415390849
39087,0.0428874641657
39092,0.00713469460607
39094,0.00973762571812
39096,0.0789598301053
39097,0.00846983585507
39099,0.00285536469892
39101,0.0145694557577
39102,0.0385217927396
39103,0.0028412961401
39104,0.0185092613101
39105,0.118738755584
39107,0.023146385327
39108,0.0977332890034
39111,0.11002690345
39112,0.0204669386148
39113,0.0176157392561
39114,0.00282986019738
39115,0.00296547962353
39116,0.120853416622
39118,0.0165553502738
39119,0.00821421016008
39126,0.017362261191
39127,0.00515957921743
39128,0.0305356383324
39129,0.252494066954
39133,0.0502354353666
39135,0.0195069499314
39138,0.0285747107118
39141,0.176368325949
39149,0.0609426759183
39151,0.00242839683779
39152,0.0722890421748
39153,0.0721803382039
39154,0.0455962568521
39159,0.0196028240025
39161,0.00556133734062
39163,0.00971564464271
39167,0.0767522454262
39171,0.0730055049062
39173,0.00251500913873
39177,0.190163806081
39178,0.0254639163613
39179,0.00308442674577
39184,0.0459919348359
39187,0.029572032392
39188,0.00447265617549
39189,0.0208973884583
39199,0.282608270645
39201,0.0171977076679
39210,0.0617189966142
39212,0.0229710377753
39216,0.0146491993219
39217,0.0250770673156
39218,0.0684213861823
39219,0.00226057623513
39223,0.00539172813296
39225,0.00278705405071
39226,0.0247505269945
39228,0.0892585590482
39229,0.0413041114807
39230,0.00323463301174
39232,0.0208201687783
39233,0.00262060458772
39237,0.00750672165304
39239,0.00422385102138
39242,0.00759026827291
39243,0.0159948132932
39245,0.0419442728162
39247,0.0409752503037
39248,0.0112435221672
39251,0.00892104953527
39254,0.121066182852
39255,0.00283787888475
39257,0.106855794787
39258,0.00488487491384
39260,0.00276683270931
39261,0.0028756656684
39262,0.0527611523867
39264,0.034211050719
39269,0.0150681911036
39270,0.0177260171622
39272,0.0124409915879
39273,0.0188076961786
39274,0.00827064737678
39277,0.0196526665241
39278,0.0144198918715
39279,0.0322482250631
39281,0.0118756433949
39283,0.0100654019043
39293,0.0196526665241
39296,0.00948976445943
39299,0.00582985347137
39301,0.0118681816384
39305,0.205909863114
39307,0.0417542532086
39308,0.188330560923
39312,0.0256827622652
39316,0.260215103626
39317,0.0173727739602
39318,0.0172570701689
39319,0.0168823227286
39323,0.0120281856507
39324,0.00234041851945
39325,0.0013503304217
39330,0.00231780740432
39331,0.00184240587987
39332,0.00341067113914
39335,0.0228086542338
39337,0.0260325670242
39338,0.141505658627
39342,0.00131437275559
39344,0.00245656608604
39345,0.0086979335174
39347,0.0383704081178
39348,0.174784421921
39349,0.0373955890536
39350,0.0410453341901
39351,0.0752029567957
39352,0.00897641852498
39353,0.0181049462408
39362,0.0117288371548
39363,0.00769842229784
39364,0.00337066291831
39366,0.0019767654594
39367,0.0717646107078
39370,0.353224426508
39373,0.00634192023426
39376,0.00340727716684
39378,0.0467130020261
39379,0.200748801231
39380,0.0153564913198
39381,0.0198759436607
39383,0.108974054456
39384,0.00251747574657
39387,0.00243561784737
39389,0.0306730326265
39393,0.0218167752028
39395,0.183356150985
39396,0.00148866302334
39398,0.00251633720472
39401,0.0114336460829
39404,0.00809992663562
39406,0.118780881166
39408,0.0136118819937
39409,0.0086363479495
39411,0.0307153761387
39415,0.0354955382645
39417,0.0397191233933
39420,0.00333813624457
39423,0.00388696999289
39424,0.149897843599
39426,0.101815871894
39427,0.13312445581
39431,0.0298414900899
39433,0.0031712113414
39435,0.0226608607918
39436,0.00700843939558
39437,0.0333851873875
39438,0.0767215937376
39442,0.107449024916
39443,0.00369681301527
39444,0.0227683689445
39445,0.176368325949
39447,0.00304766977206
39451,0.00410411367193
39453,0.0196028240025
39454,0.00597714167088
39457,0.0109416665509
39459,0.0355435311794
39460,0.0394582152367
39461,0.0215772278607
39462,0.00291508040391
39463,0.165929406881
39464,0.0025916621089
39465,0.063953615725
39467,0.0113573493436
39471,0.08908919245
39472,0.00794804561883
39474,0.0110739255324
39477,0.00689928233624
39481,0.00439382949844
39483,0.171088069677
39485,0.0307834669948
39487,0.0104348491877
39489,0.00416363542899
39490,0.0857155025005
39491,0.0323081165552
39492,0.00509981811047
39493,0.00478600524366
39494,0.00173244311009
39495,0.00229798723012
39498,0.00206719664857
39501,0.00395669043064
39502,0.00410600053146
39506,0.00422682613134
39507,0.177686169744
39508,0.00449211476371
39509,0.289443105459
39510,0.0630852505565
39511,0.0184969957918
39513,0.00294928089716
39514,0.015674136579
39515,0.0155396414921
39516,0.00853318534791
39517,0.00821297895163
39520,0.160212978721
39522,0.00948884151876
39523,0.00341861718334
39525,0.00221407739446
39526,0.006589113269
39531,0.00499096699059
39532,0.00343613233417
39534,0.0262864585966
39536,0.0331474244595
39543,0.0023965141736
39544,0.0149731067941
39545,0.00203268392943
39547,0.0221823342144
39548,0.04137481004
39549,0.00360763561912
39550,0.00260205520317
39554,0.101921796799
39555,0.0274330135435
39556,0.0995752364397
39557,0.00424797600135
39558,0.00843981094658
39559,0.171088933945
39561,0.131143733859
39562,0.00764464819804
39563,0.00250391103327
39564,0.0182584747672
39566,0.0448019392788
39568,0.00244189146906
39570,0.0194090269506
39571,0.00981972087175
39572,0.0475566834211
39573,0.0090421801433
39578,0.00202532648109
39580,0.140564009547
39581,0.00521042058244
39582,0.0249715652317
39584,0.0226798895746
39585,0.00273052672856
39587,0.00994960404932
39590,0.0273405238986
39591,0.00948811508715
39594,0.00543490983546
39595,0.069612853229
39596,0.185778334737
39597,0.020278416574
39604,0.026543520391
39606,0.0123369432986
39607,0.0141994468868
39609,0.0603679604828
39610,0.0123747019097
39611,0.0472931340337
39613,0.00120069272816
39617,0.00238005560823
39619,0.226970493793
39621,0.0119147757068
39626,0.00516665494069
39627,0.043914116919
39628,0.00741766765714
39629,0.00248627318069
39630,0.00315202330239
39631,0.0223626028746
39638,0.0899975597858
39639,0.0411267131567
39641,0.00299190427177
39642,0.0665565356612
39643,0.225244119763
39646,0.00958084128797
39649,0.0028412961401
39650,0.0507441349328
39655,0.00143766764086
39656,0.033425308764
39660,0.0168169271201
39664,0.0426676757634
39665,0.10745524615
39666,0.0997265279293
39668,0.0470156110823
39671,0.0326485037804
39672,0.0494350045919
39675,0.00882956013083
39676,0.00833886116743
39677,0.0199544075876
39680,0.00266130501404
39682,0.0799649655819
39683,0.0120558803901
39686,0.282332152128
39687,0.225925728679
39688,0.00513721257448
39690,0.0398741140962
39691,0.0385775193572
39695,0.00188385369256
39697,0.00268246629275
39698,0.0166723001748
39703,0.0196526665241
39709,0.0810682401061
39716,0.123823001981
39717,0.0619522035122
39718,0.0385871492326
39719,0.00771279539913
39722,0.00144115625881
39728,0.00871843285859
39729,0.0520411767066
39731,0.00165349105373
39732,0.00240925559774
39733,0.00333163025789
39735,0.110691532493
39737,0.0110367229208
39742,0.00820312276483
39743,0.010215411894
39744,0.0998284891248
39745,0.0445394329727
39746,0.0265592969954
39747,0.00293193361722
39748,0.00340547412634
39750,0.009695767425
39751,0.00858311168849
39755,0.022305753082
39756,0.00645927153528
39758,0.00567061780021
39760,0.0045225135982
39761,0.00793604925275
39763,0.00222159991972
39769,0.133302628994
39770,0.256461262703
39772,0.0197208244354
39773,0.0113087305799
39774,0.156181812286
39776,0.0169620774686
39777,0.00400090310723
39781,0.0187493413687
39783,0.0146258994937
39784,0.0270483382046
39785,0.0148248989135
39786,0.0579460263252
39787,0.0352548919618
39789,0.0185075514019
39790,0.010709701106
39791,0.00258552632295
39792,0.0547610633075
39794,0.0182293504477
39797,0.0138080790639
39798,0.00365415308625
39799,0.00257493695244
39800,0.00418442487717
39805,0.0129167819396
39806,0.0115406159312
39807,0.00641353428364
39808,0.00431981217116
39809,0.00349411019124
39814,0.0104197980836
39815,0.0249710772187
39818,0.00228731241077
39819,0.008271003142
39822,0.00209644832648
39823,0.0351327471435
39827,0.00660495366901
39828,0.00969249010086
39834,0.0111204814166
39835,0.0185505840927
39837,0.0346059426665
39840,0.0101284701377
39841,0.00396441994235
39843,0.00269012735225
39844,0.00556347100064
39845,0.0111206537113
39846,0.0538730658591
39850,0.00465203355998
39858,0.00142462551594
39860,0.050906829536
39861,0.00280905771069
39863,0.0168691668659
39865,0.0303488057107
39869,0.0133402654901
39872,0.00465621287003
39874,0.00282306107692
39877,0.0141160944477
39878,0.0734995082021
39879,0.0115264216438
39881,0.00370515929535
39884,0.00784351862967
39888,0.012651886791
39889,0.104779116809
39890,0.0169146209955
39891,0.0941908583045
39892,0.214788943529
39893,0.28450524807
39895,0.011924372986
39896,0.0169496387243
39897,0.00923850666732
39899,0.0144243314862
39904,0.00762809067965
39905,0.0109566524625
39908,0.0047407229431
39909,0.0125193409622
39915,0.183093830943
39917,0.193703815341
39922,0.0374430604279
39925,0.0254055634141
39927,0.0864394754171
39929,0.0155409704894
39933,0.00921933446079
39934,0.00117604993284
39939,0.0124305095524
39943,0.0152313755825
39944,0.0634156018496
39945,0.0817821994424
39947,0.230264529586
39956,0.0133375041187
39957,0.0192165318877
39959,0.0119611145929
39960,0.196542531252
39962,0.00973656866699
39964,0.225965797901
39965,0.00948811508715
39966,0.00930370856076
39970,0.0196028240025
39975,0.0112380264327
39976,0.00698362151161
39979,0.00276386598125
39980,0.00263481214643
39981,0.144696325064
39982,0.00900512654334
39984,0.00244189146906
39985,0.00275236112066
39987,0.00849564000964
39988,0.00948811508715
39991,0.138374209404
39992,0.00784885324538
39993,0.00257493695244
39996,0.00677814986557
40000,0.0152447838336
40002,0.100706748664
40003,0.0031664033886
40006,0.0154300779104
40007,0.152385652065
40008,0.0282656978816
40013,0.0041474015452
40015,0.00288895750418
40016,0.0578125342727
40019,0.00381776411086
40021,0.00662457710132
40022,0.0344055183232
40025,0.0135163962841
40029,0.0132334334776
40034,0.0131101245061
40036,0.0949689075351
40038,0.00197605998255
40039,0.0314678288996
40040,0.142323240638
40043,0.0385778918862
40046,0.00634907511994
40051,0.00904734712094
40054,0.010208808817
40056,0.0129236355424
40057,0.0268092192709
40060,0.00756250368431
40061,0.0128833744675
40062,0.00293953227811
40063,0.0141994468868
40064,0.0272805113345
40068,0.00804020930082
40071,0.0023314752616
40072,0.0207431800663
40073,0.0222656950355
40075,0.0257284808904
40079,0.00444592861459
40080,0.00747381849214
40081,0.0147209009156
40083,0.0260481201112
40090,0.00477963872254
40091,0.0220291353762
40092,0.00402510771528
40095,0.00971553381532
40099,0.130311250687
40102,0.00598681624979
40103,0.0739638805389
40104,0.0118688074872
40105,0.00489704031497
40106,0.0196028240025
40111,0.0186351258308
40117,0.00176650669891
40118,0.00282011367381
40119,0.0106663340703
40120,0.00254154740833
40124,0.00286772591062
40126,0.00222971965559
40127,0.00304110068828
40129,0.0232644788921
40132,0.0059755188413
40139,0.0041508693248
40141,0.00290424842387
40142,0.00262060458772
40144,0.00501307100058
40145,0.103984080255
40146,0.0358825176954
40147,0.00261631328613
40148,0.0168823227286
40150,0.00971564464271
40154,0.00321625662036
40155,0.00135200447403
40158,0.0884235873818
40159,0.180243894458
40160,0.010991435498
40161,0.00310644973069
40164,0.0139792077243
40165,0.170770928264
40166,0.00254814652726
40168,0.00973762571812
40169,0.0104880863801
40170,0.00162464461755
40171,0.0109177539125
40176,0.00265953876078
40177,0.0307153761387
40178,0.183093830943
40179,0.0114066051319
40180,0.0024610045366
40183,0.0252696536481
40185,0.00776222487912
40186,0.179096341133
40189,0.24698138237
40192,0.0365636274219
40196,0.00243156845681
40198,0.0038119670935
40199,0.230592444539
40200,0.0131712621078
40206,0.0345368236303
40207,0.0076989796944
40209,0.175701379776
40210,0.0244644619524
40211,0.00229798723012
40212,0.002743761288
40214,0.011257561855
40216,0.00602631177753
40218,0.0568813458085
40222,0.209515318274
40223,0.00573657173663
40226,0.00291284290142
40232,0.0043311114423
40234,0.065210044384
40235,0.00752910831943
40239,0.0587510950863
40241,0.176056653261
40242,0.0255321282893
40243,0.0627674087882
40244,0.00277302437462
40248,0.00262907682918
40249,0.00241679674946
40250,0.0516170971096
40251,0.0196830052882
40252,0.162858620286
40253,0.00898653641343
40254,0.00748977717012
40258,0.059240270406
40259,0.00265924655832
40261,0.00609171297401
40262,0.0290035363287
40263,0.183093830943
40265,0.00229798723012
40266,0.0225334204733
40268,0.183380305767
40269,0.0244194772094
40271,0.00362514937297
40274,0.00677315657958
40275,0.210061132908
40276,0.00604178616777
40277,0.0851124823093
40279,0.00609994679689
40280,0.127310186625
40283,0.00378783186898
40284,0.0880204811692
40286,0.187552213669
40287,0.0715651810169
40288,0.00466461759061
40289,0.0277269352227
40291,0.0082645053044
40292,0.00888096634299
40294,0.0149172414094
40295,0.00240568025038
40296,0.0530826449394
40299,0.0270317979157
40300,0.00251763034612
40301,0.220889985561
40303,0.0271830298007
40305,0.0202928557992
40306,0.00140366621781
40307,0.00430059852079
40312,0.0361108630896
40314,0.0536423623562
40315,0.0543601550162
40319,0.325534343719
40321,0.00328878476284
40325,0.101428836584
40326,0.00360690546222
40328,0.00790796428919
40333,0.0420204363763
40334,0.0113033950329
40336,0.00400489754975
40338,0.0148458275944
40341,0.00237849028781
40343,0.0114236641675
40345,0.0366879217327
40347,0.00590132037178
40348,0.0183809958398
40351,0.00290328753181
40352,0.0100304270163
40354,0.010770490393
40356,0.0104033350945
40358,0.00162011536304
40360,0.266447126865
40361,0.0018096716376
40362,0.00900489650667
40364,0.0136968707666
40366,0.00244189146906
40367,0.0165708065033
40373,0.00334180612117
40375,0.0402786657214
40377,0.00716522755101
40382,0.00508151017129
40384,0.0117077538744
40386,0.0044934200123
40388,0.414504915476
40393,0.00263740238734
40394,0.00268246629275
40396,0.0220454949886
40398,0.0122256716713
40402,0.00237819855101
40404,0.00284689082764
40405,0.00651209196076
40407,0.0236233565956
40408,0.133651867509
40409,0.00346552091651
40412,0.0220985990018
40414,0.00633592484519
40415,0.0027841613628
40416,0.0133756343275
40417,0.010096966289
40421,0.024247104302
40422,0.019920328632
40431,0.0151475416496
40435,0.0834979861975
40439,0.00506361527368
40440,0.00319164711982
40445,0.0058703282848
40446,0.0550690367818
40447,0.0288233105093
40451,0.00402530469
40453,0.0212271288037
40457,0.0378573462367
40459,0.00590737722814
40460,0.00426703458652
40462,0.00357327028178
40463,0.0334223583341
40464,0.0100637916476
40470,0.0227897781879
40472,0.00383301707916
40474,0.0151703441516
40476,0.016766730696
40481,0.0105874687433
40482,0.00556291965768
40485,0.0100098270923
40487,0.228826567531
40492,0.0225910637528
40494,0.00344996596687
40496,0.0126522555947
40498,0.0217566844076
40500,0.228378266096
40502,0.0041764350608
40504,0.00948811508715
40506,0.00273695890792
40508,0.00879093911499
40509,0.0208102017641
40510,0.00311668054201
40511,0.065730728209
40512,0.00591999944299
40513,0.00299148308113
40514,0.00676602357998
40516,0.00611781841144
40518,0.00576756987721
40520,0.0348309278488
40521,0.026160525158
40526,0.00505657633767
40527,0.00149712152779
40529,0.00463743740693
40532,0.0516520142555
40535,0.0334927141666
40540,0.0687643736601
40542,0.0934750065207
40543,0.0162253472954
40545,0.00396563624963
40546,0.00900533050299
40547,0.116477049887
40550,0.0320855826139
40554,0.00280759553425
40557,0.105939880013
40559,0.00986038148403
40560,0.018396358937
40564,0.0196028240025
40566,0.0103071620688
40567,0.0466990955174
40568,0.00240790471435
40569,0.0220291353762
40571,0.0109779201448
40572,0.0495470725
40575,0.0204520449042
40576,0.171646714211
40577,0.0148458275944
40579,0.0295548550785
40580,0.0166263971478
40581,0.00193934002891
40582,0.0231930669397
40586,0.0120116565377
40588,0.0135455345735
40592,0.0148547990248
40594,0.146135479212
40595,0.0169696565717
40596,0.00780129944906
40598,0.00744441151619
40602,0.0380435734987
40605,0.0232323240489
40607,0.0277882777154
40609,0.171574443579
40610,0.0340065918863
40611,0.0264797341079
40612,0.0313155055046
40617,0.00259215780534
40620,0.00200804346241
40621,0.0391499437392
40622,0.0210681650788
40623,0.00245165056549
40627,0.035851739347
40629,0.00810448639095
40630,0.00509436288849
40636,0.0192569345236
40637,0.0281149297953
40638,0.0069546084851
40641,0.00456403801218
40644,0.00485780928284
40645,0.00297128967941
40651,0.0423419699073
40653,0.0363562516868
40655,0.00916929729283
40656,0.017119769007
40657,0.0196028240025
40660,0.0407413057983
40661,0.00221266504377
40663,0.00244189146906
40664,0.00261674611829
40665,0.0590177811682
40666,0.0784417018294
40667,0.00801581051201
40669,0.00948811508715
40670,0.0198759436607
40671,0.0174293331802
40673,0.0669345632195
40674,0.0196028240025
40675,0.00794032216072
40679,0.0339694395661
40681,0.0101712662727
40682,0.0125346230343
40683,0.235649988055
40687,0.00174390722532
40691,0.0127695826814
40694,0.00417523970827
40696,0.0120390243828
40699,0.00706401932985
40701,0.00764435483143
40702,0.00471249734983
40703,0.248859003186
40705,0.0169476214796
40706,0.0171308293939
40707,0.051798582077
40708,0.00311102787964
40713,0.0723178833723
40716,0.0774342566729
40719,0.0286506321281
40720,0.00268246629275
40721,0.00152102462016
40722,0.0469737425447
40723,0.0305672790855
40725,0.0269926078618
40730,0.0409752503037
40731,0.109343938529
40734,0.0019767654594
40735,0.00869877263904
40737,0.00276642874815
40739,0.00888663809747
40741,0.180243894458
40742,0.0254055634141
40744,0.11988093704
40745,0.0176863670349
40749,0.00288378074765
40750,0.00194307311904
40752,0.0377274081111
40754,0.00555580481887
40757,0.0163693856448
40758,0.00242613162845
40761,0.00260637258179
40762,0.0257792342454
40763,0.0256452932954
40764,0.0266190711409
40765,0.00905404891819
40769,0.00544945057482
40771,0.00471998844296
40773,0.0149350501597
40775,0.0230715498328
40777,0.0349859260023
40779,0.245827972889
40781,0.0478780269623
40783,0.0441696606576
40784,0.0149907758459
40785,0.00636073714122
40786,0.0220985990018
40788,0.00359362317249
40789,0.180243894458
40791,0.00572764175013
40792,0.0539615117013
40793,0.0132724568248
40794,0.00341613590717
40796,0.0153328394517
40797,0.0015775867505
40798,0.0385699756444
40802,0.00244160788134
40803,0.00558474287391
40805,0.244561180472
40806,0.00477291597053
40808,0.0789598301053
40809,0.0296434499323
40811,0.0382836647332
40812,0.0100001590326
40814,0.00316141801886
40815,0.185913488269
40816,0.208278626204
40818,0.0177335999906
40819,0.229549765587
40820,0.0388277284801
40821,0.00450563756749
40822,0.0819191262126
40824,0.00147404824384
40826,0.0129406843334
40827,0.00241925963201
40830,0.128824278712
40831,0.234074652195
40837,0.00221951655112
40840,0.0117758503184
40842,0.00157623004634
40845,0.00430114381015
40847,0.0489029362798
40848,0.00650877598673
40850,0.0157859623432
40851,0.0026379856281
40852,0.0338317342103
40854,0.0265968609601
40855,0.00960145983845
40857,0.00396255450323
40859,0.00804894883186
40861,0.089829839766
40862,0.00971564464271
40863,0.0184902437031
40864,0.00371650373563
40865,0.0335806757212
40866,0.00339905382134
40868,0.00485678156838
40870,0.00238439813256
40873,0.189646050334
40876,0.00219274358824
40878,0.00539169181138
40881,0.0018831922207
40882,0.0893977209926
40886,0.00617480371147
40889,0.0365644097328
40892,0.0139579214156
40894,0.0249191634357
40895,0.00320299644955
40896,0.0221669562161
40898,0.00626002019271
40901,0.00586895411834
40904,0.00891758035868
40906,0.00519428867847
40907,0.0154300779104
40912,0.0325166918337
40913,0.0196028240025
40914,0.0111204553396
40916,0.00768380379304
40917,0.00295121525414
40918,0.00291127688251
40919,0.0195604152977
40920,0.051136109978
40921,0.0333015918732
40922,0.0373898148537
40923,0.00356243271381
40924,0.100891903043
40925,0.0162482969463
40926,0.0186387766153
40928,0.00571529939771
40930,0.0743366926908
40932,0.00993379205465
40935,0.0196707304567
40939,0.0472472757101
40940,0.0732955113053
40941,0.031092248857
40942,0.14326313138
40943,0.14693544805
40944,0.00987387262285
40945,0.00749897398055
40946,0.00607235729694
40948,0.00550650013611
40950,0.00878181494772
40955,0.00621337583289
40957,0.00948811508715
40958,0.0148052442819
40959,0.0055691585876
40962,0.0208760555834
40964,0.0775968208909
40966,0.0639507621527
40967,0.0654677301645
40971,0.00152471591718
40973,0.0106360604987
40974,0.205408066511
40975,0.00175673374906
40976,0.0260541513562
40977,0.0786016508937
40982,0.0400587543845
40983,0.139270499349
40984,0.00193791277707
40986,0.00919420644641
40988,0.104517325759
40989,0.113224893808
40990,0.0304585807025
40991,0.0034811871592
41007,0.033503472805
41008,0.156979605556
41009,0.033632285893
41010,0.0172526538372
41011,0.0170683506876
41018,0.0121390940621
41020,0.0372911430895
41021,0.0032397643663
41022,0.185527220368
41024,0.0133788185194
41026,0.250522822142
41029,0.00398647831753
41030,0.0159948132932
41031,0.00983007904142
41033,0.0255455989391
41034,0.00346716144122
41035,0.00520182447508
41040,0.0171885062009
41041,0.00410102726892
41044,0.0197939556092
41047,0.0220925007015
41052,0.00261162640527
41053,0.013736247085
41056,0.0628818050027
41059,0.010744843632
41060,0.00376647827215
41064,0.0387783870101
41066,0.0069200694561
41068,0.125777378678
41069,0.024082640186
41070,0.0368612371385
41071,0.00413862150162
41073,0.020399633795
41074,0.0147305093706
41076,0.0102007025853
41079,0.188330560923
41082,0.00973656866699
41083,0.014798075892
41086,0.010007857345
41087,0.00823831092566
41088,0.0163304358721
41089,0.104779116809
41090,0.0553764551878
41091,0.0034322924912
41092,0.190317288041
41095,0.0408538244665
41096,0.00158942630515
41097,0.0109779201448
41098,0.00948811508715
41100,0.110691532493
41104,0.0112931150943
41107,0.0116746295244
41110,0.0279700215906
41111,0.195407152176
41114,0.00527365924791
41116,0.00472913868725
41117,0.00639709830284
41119,0.0100705064833
41120,0.0285533294082
41121,0.0193700008094
41122,0.0116539988667
41123,0.148746311665
41125,0.0163693856448
41126,0.0129138333723
41128,0.00194413785357
41129,0.0149143049493
41130,0.0570612475276
41133,0.205224275589
41136,0.139317139983
41140,0.0209870263934
41145,0.0217914395034
41146,0.00508176069707
41147,0.0518170185387
41148,0.00355282961391
41151,0.0306810047477
41152,0.0408818535507
41154,0.0381026156247
41155,0.0112192109227
41159,0.126082003117
41160,0.0034374257084
41161,0.0141994468868
41162,0.0156678110361
41165,0.00191259826533
41166,0.00703206006438
41167,0.190219312906
41169,0.205377459526
41170,0.00668705208227
41171,0.164334267378
41172,0.0196028240025
41177,0.00257232226431
41178,0.00411242851987
41182,0.0387308783829
41185,0.0118240909651
41187,0.0521549023688
41190,0.00764082884416
41193,0.0607785582542
41195,0.00352980941534
41196,0.0135895935819
41201,0.142393872142
41202,0.0265076588839
41204,0.00626231031492
41208,0.00956962630153
41211,0.0262512303889
41215,0.0346789285541
41216,0.00861748680472
41217,0.0199913829565
41220,0.0140449879691
41221,0.0228847339749
41223,0.0698631927371
41226,0.0583164505661
41230,0.00391488475725
41231,0.00262060458772
41232,0.00978443957865
41233,0.00644282577559
41234,0.00296748080291
41240,0.0255321282893
41242,0.0170296020806
41243,0.019482139498
41245,0.156160280108
41247,0.0178754143417
41248,0.00232012197375
41250,0.00168830272742
41251,0.0084336521104
41255,0.153012394905
41256,0.00364903360605
41258,0.0112137366086
41259,0.0206766612828
41261,0.0149907758459
41262,0.00743167800829
41263,0.00931372493505
41265,0.00312804966234
41266,0.00199386407621
41269,0.00369681301527
41270,0.063953615725
41274,0.0751934275031
41276,0.00973762571812
41278,0.0538111589849
41280,0.049299351871
41282,0.00520058814436
41284,0.0377878472209
41286,0.0560839734972
41290,0.0111188190058
41291,0.00305061973631
41294,0.00400493713096
41297,0.179137557745
41298,0.0826766043901
41299,0.225149273872
41301,0.0487572960556
41302,0.0196526665241
41305,0.00599072454497
41307,0.00221543968655
41309,0.00318235345185
41312,0.00659626116976
41315,0.00606074742973
41317,0.0261087398976
41318,0.0025936733
41319,0.00235600839369
41320,0.0429033525288
41322,0.0327669344842
41324,0.0262646842748
41326,0.00235508754849
41328,0.00746650760993
41335,0.0145231541246
41336,0.0222131814808
41337,0.0336661189795
41338,0.0196028240025
41339,0.0677098631859
41341,0.00867193099111
41343,0.0108063565567
41345,0.0409400202334
41347,0.0119523499161
41353,0.00150696199853
41355,0.002727343468
41356,0.00233825063333
41359,0.12127405405
41360,0.0785071700811
41362,0.0266058053821
41363,0.0460631735623
41365,0.0931007117033
41366,0.00184545922093
41367,0.00177921529394
41368,0.0068538156338
41371,0.00135889917146
41373,0.0199332088232
41376,0.00753915542737
41377,0.0261111538857
41379,0.16382047534
41382,0.0180533565581
41383,0.103925377131
41385,0.0120147010311
41386,0.11988093704
41387,0.0271849259734
41388,0.00333625194617
41390,0.00142361794133
41393,0.0497339591384
41394,0.0141994468868
41396,0.165868967772
41397,0.0176435299218
41398,0.0196028240025
41401,0.0327610783279
41402,0.163735419512
41406,0.00240401248448
41408,0.0388367474079
41417,0.011024129577
41420,0.010152535513
41421,0.00117591838352
41422,0.0051129530184
41424,0.180243894458
41428,0.202601656318
41429,0.0196028240025
41430,0.0165309682488
41432,0.149692520499
41433,0.00546184089035
41435,0.00242554303259
41437,0.00926422700286
41439,0.0136817600578
41441,0.015269048512
41442,0.00181627389975
41443,0.00759772164747
41444,0.0444259159267
41447,0.0129049206153
41448,0.0124085182324
41450,0.177686169744
41452,0.00302254105918
41454,0.00125389324967
41455,0.00410564756021
41456,0.0129810124636
41458,0.0144243314862
41459,0.00363177922554
41466,0.00539641221985
41468,0.00885984953493
41472,0.130924507976
41475,0.0064734951593
41478,0.0493404865265
41482,0.0269560739398
41484,0.00521524995565
41485,0.0400714986026
41488,0.0467932373285
41489,0.0124909291044
41493,0.00142931181472
41495,0.0231280643493
41496,0.212364315987
41497,0.0349171049893
41498,0.0033829070162
41500,0.0059904945083
41501,0.00528424046934
41510,0.101831503212
41511,0.0306360274553
41514,0.00313432049006
41516,0.035700827837
41518,0.0258422587067
41519,0.00370800495148
41520,0.223543941975
41521,0.00843568146229
41523,0.057579189539
41525,0.0736016184092
41526,0.122467949986
41528,0.0141994468868
41529,0.00229798723012
41537,0.0161820277572
41539,0.00454612215981
41541,0.0242867674679
41542,0.127922311425
41543,0.0675918012857
41545,0.0103631913662
41546,0.0419812202454
41550,0.0386649630964
41551,0.00864476617426
41552,0.00213833944872
41553,0.219604566693
41556,0.0377616994083
41557,0.32557696104
41558,0.0152957066894
41561,0.0477339625359
41563,0.00244460860267
41564,0.0149042215198
41565,0.00261162640527
41566,0.0361494719982
41567,0.00831814948469
41568,0.00264107109979
41569,0.00932539161295
41570,0.00587074877694
41572,0.120478369296
41573,0.0137415062636
41577,0.0131188137457
41578,0.00721944356337
41579,0.00818203389645
41580,0.0269693303853
41581,0.0076652909629
41588,0.00812359433621
41589,0.0155063048005
41592,0.0175533909351
41593,0.0281681846827
41594,0.0185281466693
41597,0.0132797909901
41598,0.0124103361741
41600,0.00201446679421
41602,0.00369681301527
41603,0.00442366302013
41604,0.0593537017703
41606,0.00996869709343
41607,0.0282576978207
41608,0.0189006272703
41609,0.0347787216306
41611,0.113332785666
41616,0.0204074196517
41617,0.182862743735
41618,0.00707566831261
41619,0.0249335747212
41620,0.00818389561027
41622,0.00218792888336
41623,0.111597962677
41624,0.0142389088869
41625,0.0227845907211
41626,0.0302626807243
41627,0.0225185491145
41628,0.0546639189124
41631,0.00338268978521
41633,0.00153083109763
41641,0.183093830943
41643,0.0122728878632
41649,0.0275463480502
41652,0.0219307374209
41653,0.0422878563404
41655,0.00250413129106
41659,0.0248963907361
41660,0.00697730155662
41661,0.0574076063931
41663,0.0174959469587
41668,0.00350703275762
41670,0.00146482128184
41671,0.0203620512038
41672,0.00267790583894
41673,0.00232489500195
41674,0.0114483265206
41676,0.0386076942086
41677,0.0365245863795
41680,0.0182366054505
41681,0.00254092505202
41683,0.0200109947473
41692,0.00323082576506
41693,0.0365355946124
41694,0.207943752408
41695,0.00142431352288
41696,0.0345383174717
41697,0.0282186977565
41698,0.00551599729806
41699,0.00196202658117
41700,0.00288171949796
41703,0.00243386207148
41706,0.0240489970893
41707,0.00426921946928
41709,0.1165035218
41710,0.00398122239858
41711,0.00385596603155
41712,0.0249767489731
41713,0.0613722018898
41714,0.0309896953404
41715,0.207333266735
41716,0.00270615075715
41719,0.0515857599676
41720,0.048695165664
41724,0.00288887624629
41729,0.00810015201569
41731,0.0141642680392
41734,0.00218985136598
41735,0.00501131592318
41737,0.0190050750971
41738,0.00299879489467
41739,0.0189278889447
41740,0.00263134855777
41746,0.00722454395145
41749,0.0145694557577
41751,0.215081125498
41752,0.00851635448635
41754,0.00323789403774
41755,0.0189278889447
41756,0.00302363047376
41758,0.0226024370641
41759,0.0712088271976
41760,0.180064499378
41761,0.0466770045459
41762,0.0312302019447
41764,0.0216816347092
41767,0.00281414715573
41774,0.00308523187414
41775,0.0115461489186
41778,0.19349847734
41784,0.0615337379277
41785,0.0137164732441
41788,0.0244150254875
41790,0.00959574710578
41792,0.0325312167406
41794,0.0202123690397
41795,0.183093830943
41797,0.00464432081208
41798,0.0899749100208
41800,0.0196028240025
41801,0.00755375484005
41803,0.204462751746
41804,0.00320884631947
41806,0.00472384504974
41808,0.0855686962605
41814,0.00276506366208
41815,0.121935807168
41816,0.0975983813405
41818,0.0036510899663
41820,0.110884062946
41822,0.016586471349
41826,0.0573301054537
41827,0.139706984162
41830,0.253528177738
41831,0.0394092462957
41833,0.105631880462
41837,0.016295786947
41839,0.00306943128817
41844,0.241769313812
41846,0.0113702174276
41847,0.00320570892654
41848,0.0335313007236
41849,0.00445324555039
41852,0.012214471586
41853,0.0154592050239
41857,0.0110480375588
41860,0.0431018322706
41861,0.0148980617523
41862,0.0154300779104
41864,0.154896631837
41867,0.0676342770457
41871,0.0236557088792
41873,0.0253184065223
41877,0.00944314245135
41879,0.00263951299712
41881,0.00127689412329
41883,0.0277617536485
41884,0.00275905593298
41889,0.00536669045687
41891,0.0156540498137
41892,0.0196526665241
41895,0.0385871492326
41898,0.00697372434661
41900,0.00407416187227
41901,0.0504473298788
41903,0.0262512303889
41905,0.00748312007636
41907,0.00513669336215
41908,0.0154300779104
41911,0.00185585999861
41913,0.00283704372123
41918,0.138157263398
41919,0.109260693192
41920,0.0121547142044
41921,0.208114802837
41923,0.00326707190834
41927,0.00745201483369
41932,0.104636922479
41936,0.00297014112584
41937,0.0238594450057
41939,0.0430769100785
41940,0.0866651237011
41943,0.0362100116909
41945,0.00348539277911
41946,0.0380154624581
41947,0.00520899239928
41949,0.0159947611392
41954,0.00558752147481
41956,0.219908073545
41957,0.0311612524092
41958,0.00484672281891
41961,0.234441190958
41967,0.036863617599
41969,0.0475693754852
41971,0.0116482116282
41972,0.0705482289195
41973,0.00361521122977
41974,0.0102598294616
41975,0.0528622865677
41976,0.00125270546414
41978,0.256098568439
41979,0.00295162061229
41982,0.00191766431089
41983,0.00382680608891
41984,0.0415767543018
41985,0.0554434657097
41986,0.0249628927559
41987,0.0490116886795
41988,0.079800516367
41991,0.0514654777944
41992,0.0139835858718
41993,0.0135640315711
41994,0.00308026233688
41997,0.184786275029
41998,0.0185658782721
42000,0.0082318149507
42001,0.0638036131859
42002,0.0286860447377
42005,0.00554390670732
42006,0.0102119892836
42007,0.00208246638067
42009,0.00448345253244
42010,0.0509980432689
42014,0.0522613376379
42019,0.0357107035816
42022,0.00205912068486
42024,0.00448515359312
42025,0.00253096572123
42027,0.0197199713439
42030,0.00667000515386
42031,0.00746881496161
42032,0.0187734998763
42033,0.159745484591
42036,0.146135479212
42037,0.00225371867418
42038,0.0151436869055
42042,0.00985003355891
42048,0.21115359664
42050,0.00541896279901
42053,0.00407635839656
42058,0.00247110053897
42060,0.055551931262
42061,0.01146528963
42062,0.0330638810992
42063,0.0163655783981
42066,0.154896631837
42070,0.00236354442313
42071,0.0141994468868
42072,0.0195503495634
42073,0.00534200947732
42074,0.0187022648752
42075,0.00667721265927
42077,0.0142188090831
42079,0.0391575470567
42080,0.262745082378
42083,0.0359979383647
42085,0.119047001004
42086,0.00219294172712
42087,0.211564227939
42088,0.0233747754246
42094,0.181907817721
42096,0.0571669153869
42098,0.013355512172
42099,0.00985003355891
42102,0.0403429828584
42103,0.00340235373005
42104,0.184308931231
42105,0.0232910122722
42106,0.00376978632994
42109,0.0215737242252
42110,0.00246834335849
42111,0.00247134151869
42113,0.00134982564487
42114,0.135665208101
42115,0.0198759436607
42116,0.162858620286
42118,0.0179129894823
42120,0.0296226292849
42121,0.0141994468868
42122,0.00930602476001
42126,0.0319311991334
42128,0.00774270808324
42129,0.0409752503037
42131,0.0428241863847
42134,0.00728381099179
42137,0.00475549791008
42138,0.0264922138304
42142,0.017519781366
42143,0.00271875294857
42144,0.0055189775303
42146,0.0365209206939
42147,0.0127869192511
42148,0.00162247265689
42150,0.0139898397028
42151,0.00708100013435
42152,0.00562275806442
42158,0.0056254058145
42159,0.00128889910411
42161,0.00977605395019
42162,0.124458141625
42164,0.00547394808382
42165,0.0797868147492
42166,0.0147422663867
42171,0.061530020088
42174,0.177944526076
42177,0.0117162484676
42179,0.0140033168718
42180,0.0160136017948
42182,0.0857471600175
42184,0.0320855826139
42186,0.0170059837401
42190,0.00159140327014
42194,0.00269545963965
42196,0.0212300755084
42198,0.00792291294783
42199,0.0360746979713
42201,0.00814600940794
42210,0.0454858951271
42211,0.0271073114127
42212,0.00444386061281
42217,0.264119058847
42219,0.00823277235031
42222,0.00192517461255
42225,0.0134384166449
42227,0.00428444705904
42228,0.0658632442355
42232,0.00703472457826
42233,0.00839610863477
42235,0.0164827164263
42239,0.0118909850717
42242,0.0141994468868
42244,0.0374231040478
42245,0.0831617489457
42247,0.0230561606586
42248,0.0480164736509
42249,0.110097713768
42250,0.243105217814
42251,0.0403429828584
42254,0.00356584531255
42255,0.218028590083
42256,0.00231437641196
42258,0.0324704386294
42259,0.00268977414817
42263,0.0365023948252
42264,0.0862832665443
42266,0.00422226265073
42267,0.0596101805568
42268,0.0189647283405
42271,0.0105662448332
42273,0.00250691268593
42274,0.00347616197541
42275,0.00914933066815
42276,0.00411291839555
42277,0.0333198495209
42278,0.184825494885
42280,0.00973033159971
42283,0.00960756465793
42284,0.00613351259381
42287,0.0120548577979
42289,0.154896631837
42291,0.0235857889056
42293,0.106287293136
42295,0.217714101076
42302,0.0168691668659
42306,0.124807268381
42307,0.0557779408991
42308,0.242606192827
42309,0.00367479375564
42312,0.100402548909
42316,0.0364653430879
42319,0.0201105549932
42321,0.0176984909922
42322,0.103631451726
42323,0.183093830943
42325,0.0190404057503
42328,0.00127108418383
42333,0.0117717897519
42336,0.0954590290785
42337,0.00238201743923
42338,0.0117355939001
42345,0.0196028240025
42346,0.00322420801967
42348,0.0591808892787
42352,0.00132633687463
42356,0.110199950635
42357,0.00287239532918
42362,0.00386513862759
42369,0.0164171792567
42371,0.0153757901862
42373,0.0304015055299
42375,0.010490629822
42377,0.00666984729469
42381,0.00255706999451
42383,0.0938715562224
42384,0.148804470897
42385,0.0350943766534
42388,0.0220985990018
42390,0.00333274807781
42391,0.00429207412526
42392,0.23454387486
42393,0.00467191170901
42394,0.00666482001543
42395,0.0215915329754
42396,0.00196067872457
42398,0.0129691101611
42399,0.0158503297716
42400,0.0320855826139
42401,0.00177279731724
42405,0.0160825271159
42406,0.0196028240025
42409,0.0315225161612
42411,0.0302705541253
42414,0.00879930704832
42415,0.18317463994
42416,0.0190615653992
42420,0.0026017210912
42421,0.0383558794856
42422,0.0294665191323
42426,0.122411563993
42429,0.0210992004722
42430,0.0025887794327
42431,0.0278949029744
42433,0.011367934756
42436,0.0169412437826
42438,0.178021848202
42440,0.0420194864273
42441,0.00241743051447
42442,0.00219862605445
42446,0.00877771526575
42448,0.0445984080434
42451,0.00763268349692
42452,0.159682869911
42455,0.0822467803955
42458,0.0665402039886
42459,0.0455463454127
42460,0.00411536823958
42463,0.00239311158657
42464,0.0109327835962
42466,0.179068952799
42467,0.00932067539543
42468,0.0698624923825
42472,0.00417844858021
42473,0.0347123146057
42474,0.0171139519662
42475,0.0175953358412
42476,0.00280376779847
42477,0.00471503194422
42478,0.0457543246448
42479,0.0116392886266
42480,0.0221349466592
42481,0.0021175344009
42482,0.0666650906205
42484,0.00868138857186
42485,0.0217395350337
42486,0.0201869364828
42491,0.0606492049992
42495,0.0147334868088
42496,0.0138423275203
42497,0.0354448370636
42499,0.00368915125728
42501,0.0426186323166
42504,0.0196028240025
42505,0.0193988289684
42507,0.0388330705464
42511,0.0529631711543
42514,0.0370120219886
42516,0.0230330582708
42517,0.00193447375204
42518,0.135210365057
42519,0.0545261092484
42520,0.0721677541733
42521,0.00794140435755
42525,0.0203593410552
42528,0.0134380748495
42529,0.00243561784737
42531,0.0265349708498
42534,0.0247100051492
42536,0.00242823641747
42539,0.0030777216889
42542,0.0182421132922
42543,0.00879733543843
42545,0.00858792569488
42548,0.0233892481774
42549,0.166044592857
42550,0.0658411085606
42553,0.00257099047303
42554,0.0103337978944
42555,0.0146768409759
42556,0.0434848815203
42557,0.0627674087882
42558,0.348539888859
42560,0.0102504212409
42564,0.0238005053252
42565,0.00939858146012
42567,0.180243894458
42568,0.0102344779298
42569,0.0100551974028
42570,0.00637908419594
42571,0.13224118948
42573,0.0755410045385
42575,0.0267811920494
42576,0.00255281571299
42579,0.00385720981285
42581,0.0233854297549
42582,0.177686169744
42589,0.21389773488
42590,0.00576014537364
42592,0.00530185457319
42593,0.162446931005
42594,0.0360141657293
42596,0.0117655443028
42598,0.00358198862523
42602,0.0272518936545
42603,0.0107735078782
42604,0.00154544727411
42606,0.0537507086992
42607,0.00973656866699
42608,0.0926470458508
42609,0.00519604375586
42610,0.002297752304
42611,0.00833886116743
42612,0.124197691679
42613,0.00786253716797
42614,0.0122029865161
42621,0.0162337683141
42623,0.027668396011
42624,0.0154516510665
42625,0.00393274845555
42630,0.0233892481774
42633,0.00387977063656
42634,0.0397659167647
42635,0.010770490393
42636,0.0314117893577
42637,0.128219336271
42638,0.0100990878418
42641,0.0128634870052
42642,0.0250670034438
42645,0.00887067988515
42647,0.0156255606562
42649,0.00390095240436
42650,0.00774437887594
42652,0.0388107821345
42654,0.0028807441704
42655,0.0179705247283
42656,0.0426740460098
42657,0.0236448030919
42658,0.00996837299317
42659,0.00818516500294
42660,0.0567637495697
42662,0.0731215327978
42664,0.0458054319024
42665,0.0148049388081
42669,0.0325630493462
42670,0.189646050334
42672,0.152377322316
42673,0.0565454252064
42674,0.0154036032036
42675,0.0118402084336
42676,0.0176754090935
42677,0.0146448723972
42678,0.00136953417677
42679,0.085855923593
42686,0.00363129470497
42688,0.00773173663765
42690,0.00328515074216
42691,0.00970651488751
42692,0.00250783096999
42693,0.0251738522202
42701,0.00989148113877
42703,0.00601073121652
42711,0.0200154744089
42712,0.0141994468868
42714,0.0381390377879
42715,0.0154300779104
42720,0.0018356126966
42721,0.0714484080672
42723,0.00703472457826
42724,0.0188402608037
42727,0.0169319137931
42729,0.0085630863905
42730,0.0223455838859
42731,0.00411006808281
42733,0.0260677840561
42734,0.0634080842137
42735,0.0698134452105
42737,0.0235828571022
42738,0.00948811508715
42739,0.149036347866
42741,0.0248416755348
42743,0.0561845526099
42746,0.0137340044603
42747,0.014007281512
42750,0.0224576704204
42754,0.00351355597377
42755,0.0556196682155
42756,0.00246202084236
42758,0.00257878773846
42759,0.0116108320653
42760,0.0471261404455
42762,0.0120961740613
42763,0.00562075572088
42765,0.00531775131822
42766,0.00345528963953
42769,0.0219833850861
42770,0.0430562458932
42772,0.0320855826139
42774,0.00923154689372
42775,0.00530205341056
42779,0.0110988663509
42781,0.0535519495606
42786,0.156926095486
42787,0.0159679166973
42788,0.0200670100749
42789,0.0445845760405
42790,0.00755691947415
42792,0.235649988055
42793,0.00386632839218
42795,0.220751449466
42801,0.00402846187353
42802,0.0357243418694
42804,0.0328589677811
42805,0.00881075114012
42810,0.00598227186128
42811,0.010140706785
42814,0.0161142256111
42815,0.182694420218
42816,0.0173419825733
42819,0.00187846936751
42823,0.0010599772213
42827,0.00328265060671
42828,0.106517091393
42831,0.0123045127839
42832,0.00452227517962
42833,0.0141994468868
42834,0.00151969492435
42835,0.0121802929789
42843,0.0102053890005
42845,0.00218266248703
42846,0.0297185759991
42849,0.00910127814859
42854,0.0287124421448
42856,0.026897193864
42857,0.00134613539558
42860,0.0318670943379
42862,0.0137162609026
42864,0.00147289072629
42866,0.0262512303889
42869,0.00486124074087
42871,0.0081274760887
42873,0.0416554436088
42874,0.00882115121931
42875,0.00303575769067
42876,0.00211003120057
42877,0.0109779201448
42878,0.00277583207935
42879,0.0101434644312
42880,0.0440395511687
42883,0.0701652094722
42884,0.00224327365868
42885,0.00979081261903
42887,0.0497081540525
42889,0.008609065786
42891,0.180243894458
42895,0.004028796684
42899,0.0263451617211
42901,0.0245204810053
42902,0.00256887706928
42903,0.170822292566
42906,0.00122943043243
42908,0.0179226566106
42911,0.0196526665241
42912,0.028958959505
42913,0.0123597048223
42917,0.0275055654347
42918,0.0389868952334
42920,0.0460013598204
42921,0.0174862276763
42926,0.020891757682
42928,0.00356313376687
42929,0.0237762443721
42930,0.0353717766702
42931,0.0442753881216
42935,0.00370791694149
42936,0.00443371897563
42938,0.0431049689651
42940,0.217504650354
42943,0.167083248496
42945,0.0160348415375
42948,0.0170923750848
42949,0.00648020254448
42950,0.00256818905473
42952,0.225965797901
42954,0.00315008219332
42957,0.017824113369
42959,0.00871939677745
42960,0.00145325169433
42961,0.0489297695458
42966,0.0292178317904
42967,0.00209712889045
42968,0.0056143659167
42971,0.00305863237008
42972,0.0128053631634
42973,0.123186193407
42976,0.0157547798008
42977,0.025361686945
42978,0.00589102413505
42979,0.0677582472563
42980,0.022902071476
42981,0.0113478824496
42983,0.0215441379696
42986,0.00381700252183
42987,0.00944202393293
42991,0.0334109999239
42993,0.179096341133
42996,0.0918460413814
43000,0.0131765743718
43002,0.0106048248708
43003,0.112330824137
43004,0.0180982649326
43007,0.00387066486292
43009,0.0240603424609
43012,0.0296553447843
43014,0.0109357126057
43016,0.00264437915757
43017,0.00280546443537
43020,0.00963910855353
43023,0.00163166306447
43024,0.0140157127753
43025,0.00709261931479
43026,0.0424732752144
43027,0.0113069768995
43030,0.00794404558837
43031,0.00721944356337
43033,0.0471937321126
43034,0.0213122963905
43035,0.0603003203869
43037,0.0358508490026
43040,0.0205771494657
43041,0.181563213468
43044,0.235649988055
43045,0.0362406335771
43046,0.010103430599
43051,0.0223257653415
43052,0.0180134251714
43053,0.00948742497712
43054,0.0141963493079
43057,0.00131295772735
43059,0.157189056277
43064,0.00742696318775
43065,0.0196028240025
43068,0.00708969216794
43070,0.0291796438396
43071,0.0455195829272
43072,0.00190134812146
43073,0.0445638336241
43075,0.00738795567304
43076,0.0484360158443
43077,0.054914072156
43078,0.0102513544261
43080,0.00876566208899
43081,0.163474529982
43083,0.0196028240025
43088,0.040254086256
43090,0.0460211113095
43091,0.0535363666713
43094,0.0511119030416
43095,0.0233373586088
43097,0.00288254837506
43098,0.0406543947756
43105,0.0430938787758
43107,0.0816740244627
43108,0.211272507906
43110,0.0865356773138
43113,0.0401244498789
43114,0.0192831456661
43117,0.103590868413
43118,0.0322124250233
43119,0.0292356368154
43122,0.0132821407169
43131,0.0547433719039
43133,0.00256309844553
43136,0.00621722871438
43137,0.00261312490329
43138,0.0375335514545
43140,0.0146494554356
43141,0.162858620286
43142,0.205337911844
43144,0.00342908757739
43145,0.00491333752871
43147,0.0205214172602
43151,0.0180649496615
43152,0.0014621851733
43153,0.0156645160168
43157,0.0480056554079
43158,0.00412058411166
43160,0.0057207243517
43161,0.00151796732098
43163,0.0133742624894
43164,0.00147984630894
43165,0.00246101384982
43166,0.0272182580084
43169,0.00265602744184
43172,0.0627674087882
43175,0.0231547746807
43177,0.00309417210519
43179,0.00994960404932
43180,0.00733648985624
43181,0.00970975123346
43184,0.0030763540417
43185,0.00233046594076
43187,0.00227114604786
43190,0.0123668313026
43191,0.00186367949937
43193,0.0344296507537
43195,0.0238399617374
43197,0.00806669425219
43198,0.235649988055
43203,0.0119055435061
43204,0.020086940378
43207,0.0123714674264
43208,0.0188529212028
43210,0.0544685311615
43212,0.0858896896243
43213,0.0033320733346
43214,0.00960238836706
43217,0.0628829076886
43219,0.00125270546414
43220,0.0346308723092
43222,0.0053331614472
43223,0.00297631998546
43224,0.0202792268246
43225,0.135418027639
43226,0.204764410853
43231,0.00444182334468
43232,0.0292178317904
43233,0.0270077716559
43234,0.212890461087
43235,0.0436246842146
43238,0.00230726250447
43240,0.203852400184
43245,0.0651619136333
43246,0.00776859605685
43247,0.00541253946722
43249,0.0124121075496
43252,0.208196029067
43254,0.0842109173536
43255,0.0233747754246
43256,0.0116935875267
43257,0.0095576569438
43261,0.0110494913533
43263,0.0144925294444
43264,0.127959281206
43265,0.0290092602372
43266,0.0712777227163
43267,0.022281313315
43268,0.00402316031978
43270,0.0414689444005
43272,0.0457182601094
43273,0.12248044461
43274,0.00577262230217
43276,0.00287678954192
43278,0.0219757650048
43280,0.0127826826647
43285,0.0295175369829
43289,0.0333081483841
43290,0.00324016180821
43291,0.00276669068262
43292,0.0173160713166
43294,0.0176157392561
43296,0.0199920684099
43298,0.0129465516657
43299,0.0026055437047
43300,0.00590499164537
43303,0.0477108098567
43304,0.0349902100861
43311,0.00542525527999
43312,0.00189598137513
43318,0.0029263603501
43319,0.00485979905352
43321,0.0144579717889
43324,0.0027298592031
43327,0.0290324557573
43328,0.00842278078198
43329,0.0574766397476
43331,0.0320855826139
43335,0.0357107035816
43339,0.183093830943
43342,0.105572409928
43345,0.00930419657379
43347,0.00945961941034
43348,0.0316680558026
43351,0.0238065160811
43352,0.00872406736016
43353,0.0080317594111
43355,0.00247827847488
43356,0.00320570892654
43357,0.191512703896
43359,0.0141994468868
43366,0.0126522555947
43368,0.00287213618867
43371,0.00786594487727
43372,0.0242382027209
43375,0.0177602730691
43379,0.00472687510774
43380,0.0733633339405
43381,0.0148464832455
43383,0.0400521531701
43388,0.00333939120173
43389,0.171088069677
43390,0.00652612186968
43391,0.00931372493505
43392,0.00234301085584
43393,0.00262755691074
43394,0.12936642766
43397,0.023217856884
43399,0.125364080071
43402,0.0154300779104
43406,0.00287208147347
43410,0.0390637554228
43413,0.00346858170815
43414,0.0197809468955
43417,0.0043382588774
43418,0.0295675285161
43421,0.00139089953154
43424,0.00884127710015
43425,0.0757341012359
43426,0.00215268880129
43427,0.0114176338539
43428,0.0317962020636
43429,0.0184310153127
43430,0.0473048761487
43433,0.0327227972448
43434,0.0169161818922
43437,0.0927898436785
43438,0.0266218818724
43439,0.0196028240025
43441,0.0473497360945
43449,0.00670881848782
43450,0.232228904963
43452,0.0411963686347
43455,0.0184551849961
43459,0.00281414715573
43460,0.0260898023844
43462,0.0135665135458
43464,0.00359763600864
43466,0.0205886028707
43469,0.0341308936477
43471,0.00254503358155
43475,0.176986828446
43477,0.171088069677
43478,0.0183619856834
43481,0.0259283669293
43482,0.132976710796
43484,0.00342462398112
43487,0.0324787758291
43488,0.203852400184
43489,0.0034168146085
43492,0.00455793039873
43494,0.00841781217605
43496,0.213375642896
43497,0.0200266316533
43499,0.0109416665509
43503,0.234441190958
43504,0.0181317869574
43505,0.13828535378
43507,0.0174905359745
43508,0.00658573023975
43509,0.00807300023735
43510,0.00284180557355
43511,0.00322125456296
43512,0.00281493971124
43514,0.0103464117274
43515,0.00258893938735
43516,0.0173419825733
43518,0.0307153761387
43522,0.0154467783868
43524,0.0703271627426
43526,0.096433237195
43527,0.0169094186276
43529,0.00788150075823
43532,0.0072627258487
43533,0.024081742391
43539,0.0196028240025
43541,0.00212630140595
43543,0.0212559811771
43545,0.00231352658011
43546,0.0913066267967
43547,0.0535030774772
43548,0.0581569112837
43549,0.0887547060847
43552,0.0903544127941
43553,0.00863929279149
43554,0.0854531228542
43558,0.0232830028981
43559,0.0325166918337
43560,0.00649662641808
43561,0.00242989766411
43562,0.00515722995624
43567,0.0025916621089
43571,0.00904082600027
43573,0.0882185921073
43574,0.198898747563
43575,0.0028412961401
43576,0.00507766148075
43577,0.00243055447936
43579,0.00691966991872
43583,0.00146154058166
43584,0.0499598011374
43588,0.0754446461797
43589,0.00384798855521
43590,0.00235366728157
43594,0.00489605311304
43603,0.0303023159504
43605,0.00411600945517
43606,0.00457583833486
43608,0.0172166824341
43609,0.0189091321081
43610,0.0325166918337
43611,0.0828780084848
43613,0.0127179836854
43614,0.0577777847648
43616,0.00234331516549
43617,0.00247582793236
43622,0.0754906386137
43623,0.153244554996
43627,0.0105559164658
43628,0.0180631596595
43629,0.197829768062
43635,0.0155578618869
43636,0.0427263341844
43638,0.00376767362468
43639,0.00129728380125
43640,0.153338193893
43644,0.0479734428227
43645,0.0053583253175
43646,0.0101925460622
43647,0.00297091947868
43648,0.00135338690598
43649,0.0259108003229
43654,0.00898678321391
43656,0.0127695826814
43661,0.014316230081
43662,0.174788564444
43664,0.00829095486552
43665,0.0409752503037
43670,0.0166427213699
43671,0.0062010246329
43672,0.015682907775
43673,0.0139785828069
43675,0.00919520109892
43678,0.0235721934587
43680,0.00272697256878
43681,0.0241673085839
43682,0.0237448364496
43685,0.00334573118016
43686,0.00483808526769
43687,0.017517991364
43691,0.082897759974
43692,0.0076554059051
43695,0.0430777855217
43696,0.0711001828313
43697,0.13211171329
43698,0.0198307409883
43699,0.0598605796695
43703,0.0730909332633
43704,0.0120799737051
43706,0.00797370169312
43707,0.0196028240025
43708,0.00948811508715
43710,0.0232966598123
43713,0.0295433700085
43715,0.0111712338403
43716,0.0146649014205
43719,0.0100993784145
43720,0.0435827858746
43730,0.0565127879381
43731,0.105931006372
43734,0.00684836832806
43735,0.0242298208177
43737,0.0609142258763
43739,0.0543454773724
43742,0.0227387174964
43743,0.00456261495128
43745,0.106341347098
43746,0.00951389037073
43747,0.189754262567
43750,0.0149029605091
43752,0.0441879034042
43753,0.13224118948
43755,0.00740105239674
43757,0.018658965826
43758,0.00421824492514
43759,0.00892637204379
43760,0.00298247439787
43764,0.0558840297163
43765,0.0156197659671
43771,0.0536804161966
43773,0.0167273469269
43774,0.00240790471435
43775,0.009695767425
43776,0.0108082424849
43777,0.00269210198894
43778,0.0287324637175
43780,0.035012666136
43784,0.00308998278342
43787,0.0274572987109
43788,0.0380937829614
43789,0.0355634316802
43792,0.0155230928212
43793,0.00287928432226
43794,0.00127895234618
43795,0.0235776137561
43797,0.0608285814524
43801,0.0129558714107
43803,0.0154347000644
43805,0.02259436436
43811,0.00398749159649
43819,0.0076712379232
43820,0.0223014745861
43822,0.00207813363522
43823,0.0372356586158
43825,0.0541654117405
43826,0.0318670943379
43828,0.00292614614591
43832,0.0865885689855
43833,0.276743084192
43846,0.0081377690658
43848,0.0307153761387
43849,0.0184178687632
43853,0.00393889285624
43854,0.0247561857104
43855,0.00320394802839
43856,0.0199917703867
43858,0.00236289692111
43859,0.0196028240025
43860,0.0107678240165
43861,0.0098198922351
43862,0.00196891184896
43864,0.00370170385577
43865,0.196150287986
43866,0.208562016487
43867,0.21298854053
43869,0.0155396414921
43872,0.020122660324
43874,0.172664731741
43875,0.00290646124631
43877,0.0917372703552
43881,0.00197843415663
43883,0.015158964321
43885,0.00811928883195
43886,0.0836896002293
43887,0.0163899362087
43890,0.0784343630075
43895,0.00389426387846
43897,0.00992188230157
43898,0.0265817120671
43899,0.0139375459403
43900,0.0196028240025
43901,0.00633303727955
43902,0.0262646842748
43903,0.0196028240025
43904,0.00299131544307
43907,0.172755286098
43908,0.00136977480724
43912,0.0118026658893
43913,0.0373245924711
43914,0.00297114276327
43919,0.0358533486724
43920,0.0165399946272
43921,0.0109836263582
43925,0.0201489068568
43926,0.0103480378166
43927,0.0141994468868
43928,0.00265878648497
43929,0.00901870708913
43930,0.018337091431
43935,0.0149907758459
43936,0.0932216495275
43937,0.00461451057345
43938,0.0218021422625
43940,0.005491245538
43941,0.0272182580084
43942,0.116929717362
43947,0.0208300184458
43948,0.0026241412852
43949,0.00757825933397
43952,0.0337313711643
43953,0.00259215780534
43955,0.0110813537613
43956,0.0196028240025
43959,0.0409212075174
43960,0.0221246555448
43961,0.247528001666
43963,0.0192683525383
43964,0.00877241045237
43965,0.0731130689383
43969,0.00339539721608
43971,0.00181337934919
43972,0.00312057347037
43975,0.00184246024583
43976,0.301811724901
43977,0.0279856957495
43978,0.00293352617882
43982,0.00271558971144
43986,0.00273801595904
43990,0.13794644177
43993,0.00168801250402
43994,0.0149907758459
43995,0.0118475370109
43997,0.197768226266
43998,0.0281824879348
44000,0.0547610633075
44001,0.0417048595846
44002,0.00261162640527
44003,0.0048075071536
44005,0.00450138933957
44007,0.009695767425
44010,0.0194928329438
44011,0.00309291598387
44012,0.00257385079749
44015,0.00144078372978
44016,0.00221476331353
44017,0.0199445299804
44021,0.0162042099983
44022,0.015238314867
44023,0.0389957688749
44024,0.0157260429114
44025,0.0877096503973
44028,0.00452479626983
44029,0.0148766338825
44032,0.158611759543
44038,0.0163311641663
44039,0.0106222750619
44040,0.0399656444788
44041,0.0083596361801
44045,0.00144115625881
44046,0.0127083957195
44048,0.161717802286
44049,0.0610898919404
44050,0.0102701140568
44051,0.020835923031
44054,0.00295347091742
44057,0.196630746126
44058,0.014979689382
44059,0.0145694557577
44061,0.00585092278197
44063,0.061477240175
44066,0.00187498121522
44068,0.00450929161161
44070,0.0357107035816
44071,0.00760460598394
44072,0.0152446776628
44074,0.0221090409905
44075,0.129972219467
44076,0.0329667143524
44077,0.0659761205316
44081,0.00334833166562
44082,0.0230121687055
44083,0.0325312167406
44086,0.0126616172493
44087,0.010770490393
44089,0.00876673124731
44090,0.0533006973565
44092,0.00233500497416
44093,0.0256839897484
44094,0.00845412909985
44097,0.0123849622905
44099,0.0370218977332
44100,0.00783547386527
44101,0.0370534397662
44102,0.009695767425
44105,0.0124025484547
44107,0.0250413194299
44108,0.0100347176194
44113,0.0171607211232
44118,0.00164973898791
44119,0.0240316949785
44120,0.00189124012832
44122,0.00200295005925
44124,0.00622404972091
44128,0.00587783008814
44130,0.00246884603985
44131,0.0165611281991
44134,0.0378940701485
44135,0.265083879232
44136,0.153664037585
44137,0.00544382724911
44138,0.0373855046928
44139,0.0124035701156
44140,0.00146274222061
44143,0.0360099114478
44144,0.202347517014
44145,0.0197073686868
44146,0.014428012073
44147,0.0117023261264
44149,0.00143693189602
44151,0.00133531051688
44152,0.00457961903885
44153,0.0403141751885
44157,0.00218745414168
44158,0.00234843534417
44162,0.00991383288056
44163,0.00147007138003
44164,0.00381427654065
44166,0.00438665552065
44167,0.0268808398396
44169,0.0401589870453
44171,0.0925689488649
44175,0.0849638953805
44176,0.0560536012053
44178,0.00380774680525
44183,0.0151932640001
44184,0.0028107627295
44186,0.0187514256686
44187,0.00856753624976
44188,0.0135929640383
44190,0.0124012744054
44193,0.185077503324
44195,0.0209521669894
44198,0.01146528963
44200,0.00506974477321
44203,0.0389582961798
44204,0.00892424583435
44207,0.0107213463634
44208,0.0625923275948
44209,0.0299451258034
44216,0.0322162099183
44218,0.0337655320764
44220,0.0193595271558
44221,0.00241380976513
44222,0.181669875979
44223,0.0503306314349
44224,0.0229531265795
44226,0.0145833259448
44227,0.00261162640527
44228,0.00298737455159
44230,0.00462562823668
44231,0.0245611742139
44233,0.0155688999221
44234,0.076882250607
44235,0.00234948005527
44239,0.012260732241
44241,0.00221000239253
44245,0.0154300779104
44251,0.00253320694901
44253,0.0366944186389
44256,0.00216864421964
44257,0.00627651624382
44261,0.0242243818939
44262,0.00430748937652
44265,0.00190062797628
44269,0.00960874836892
44274,0.0976582616568
44275,0.141251802444
44276,0.0059461039491
44278,0.0224631093442
44282,0.0415454991162
44283,0.0807525292039
44286,0.00897307228297
44288,0.00682208361104
44289,0.00480423681438
44291,0.0663263723254
44292,0.00319890375249
44295,0.00820312276483
44296,0.0254055634141
44300,0.106070011854
44303,0.0071522668004
44304,0.108187757432
44305,0.0204211734235
44307,0.0030067791231
44309,0.0828864499927
44311,0.0412420630455
44313,0.0745504945517
44315,0.00149248749949
44316,0.00533351581544
44318,0.0154300779104
44325,0.00241380976513
44327,0.0110521502793
44329,0.0179871786386
44332,0.0789598301053
44334,0.00494882883504
44335,0.0124236922711
44336,0.00125801190734
44337,0.0027749016881
44340,0.165868967772
44341,0.0208168104291
44344,0.00210536248051
44345,0.0173782873899
44346,0.00582611234859
44347,0.210475981236
44350,0.127608075738
44352,0.0320855826139
44354,0.0440821610391
44358,0.030334206298
44360,0.00649662641808
44361,0.00147067545913
44362,0.00370829738677
44364,0.0343082025647
44367,0.0725361332297
44368,0.010058382526
44370,0.0118402084336
44371,0.00344968703575
44372,0.179165035486
44383,0.0196028240025
44385,0.0185544639826
44386,0.0325166918337
44388,0.0265349708498
44390,0.19957305491
44394,0.0163022018969
44397,0.0314801409841
44399,0.0318670943379
44400,0.0187256708741
44402,0.0253084171563
44410,0.00782463885844
44413,0.001514366013
44415,0.0244906563312
44420,0.00458833947778
44422,0.00376111967489
44425,0.00540657201782
44428,0.0238757003099
44429,0.0388367474079
44431,0.0149486307055
44437,0.0593537017703
44438,0.0337990969419
44439,0.00411600945517
44440,0.0365526117384
44443,0.00297843036242
44444,0.0557025149465
44445,0.0803558304906
44446,0.0327541083097
44448,0.0036763898097
44449,0.131544157863
44450,0.0236154347658
44453,0.00959727540612
44456,0.00689522223547
44457,0.009695767425
44458,0.0257590040565
44460,0.0173967629671
44461,0.0114273531362
44465,0.0421857684851
44466,0.0660612657666
44469,0.00357135571539
44470,0.0437248423696
44471,0.152377322316
44472,0.0104283420369
44474,0.104173272848
44475,0.0532796606421
44477,0.00216559413821
44478,0.00577302742749
44483,0.0629554986954
44486,0.0145423766226
44488,0.21714143455
44493,0.0116373803467
44496,0.0133821237832
44498,0.140430763364
44499,0.0196028240025
44501,0.00855771172792
44502,0.0107001662254
44503,0.00156932568643
44507,0.0154300779104
44508,0.0156648755074
44509,0.00555463507771
44510,0.01606791839
44511,0.00300344335847
44513,0.00242047035135
44514,0.00133696803823
44516,0.0373082831502
44517,0.0224267058074
44518,0.0213464871049
44519,0.0144892334938
44520,0.0192740764469
44522,0.0259601417929
44523,0.010770490393
44526,0.0110691897571
44530,0.127867564559
44532,0.0440992116928
44534,0.133107617497
44535,0.0179730672389
44537,0.0119167175144
44538,0.0190897993743
44539,0.00700595788658
44540,0.0966849327087
44542,0.0237462855875
44543,0.00489553250372
44545,0.047924362123
44549,0.00568427890539
44550,0.00223119347356
44553,0.00423972448334
44555,0.0447356924415
44557,0.0154300779104
44558,0.00308903260157
44559,0.203772425652
44560,0.117593571544
44561,0.00304287811741
44562,0.0257449578494
44564,0.00526364287362
44566,0.00220468384214
44568,0.0111994920298
44570,0.0121066812426
44571,0.159538075328
44572,0.00202565034851
44573,0.0396622903645
44574,0.081491522491
44575,0.0028334564995
44577,0.00337127619423
44578,0.0245391465724
44579,0.224336922169
44585,0.00353963300586
44586,0.0220984965563
44587,0.00140380859375
44592,0.00801508687437
44593,0.00912945438176
44594,0.188242390752
44597,0.0440832674503
44598,0.111151181161
44600,0.00168711680453
44602,0.0249825511128
44604,0.0136045282707
44605,0.00241429661401
44606,0.00425773952156
44607,0.0272835865617
44608,0.00886811129749
44610,0.0141686284915
44611,0.0773270577192
44613,0.0231338180602
44617,0.0504160560668
44620,0.00194413785357
44621,0.00421431101859
44624,0.00191268941853
44626,0.220935970545
44627,0.0226200837642
44628,0.0130504574627
44630,0.0339948125184
44631,0.0270972326398
44637,0.0913999080658
44639,0.0328101478517
44642,0.00388939492404
44644,0.0139905698597
44646,0.0353671647608
44647,0.157189056277
44648,0.00574557017535
44649,0.00742026651278
44653,0.00676958076656
44655,0.263288527727
44658,0.00315008219332
44659,0.0103317303583
44660,0.00757497549057
44661,0.0181175936013
44662,0.00509835220873
44665,0.00438919337466
44667,0.0661111027002
44668,0.00272917933762
44669,0.00272791157477
44670,0.0018066422781
44673,0.0181459821761
44674,0.0200104489923
44677,0.0946110412478
44679,0.13211171329
44680,0.0057249921374
44683,0.00315398536623
44684,0.00948811508715
44685,0.11988093704
44686,0.0538893081248
44687,0.00973656866699
44688,0.0152863943949
44690,0.135132879019
44691,0.00234782532789
44692,0.00973656866699
44699,0.00607926817611
44700,0.00315286102705
44701,0.0325166918337
44706,0.00141440774314
44708,0.00577017618343
44709,0.0105548361316
44712,0.0137236351147
44713,0.00316875381395
44715,0.0577022694051
44716,0.0026379856281
44718,0.126598492265
44721,0.0145423766226
44722,0.054162979126
44723,0.00280638737604
44724,0.00233825063333
44727,0.0310001764446
44733,0.0228041764349
44739,0.0120281856507
44741,0.0136502664536
44742,0.0652348771691
44743,0.00914952065796
44745,0.044870428741
44746,0.047944996506
44747,0.105794049799
44750,0.264649569988
44751,0.0116457035765
44752,0.021014880389
44754,0.0102051086724
44755,0.0146491993219
44757,0.0123666441068
44758,0.00855863001198
44759,0.0564296282828
44761,0.00467501254752
44762,0.0332836061716
44763,0.00229287333786
44765,0.00816498696804
44766,0.0172780510038
44770,0.00787474680692
44771,0.00334201101214
44773,0.0111659625545
44774,0.00322104338557
44776,0.0185478311032
44779,0.00503171654418
44780,0.00301993568428
44786,0.0516158975661
44788,0.00865275133401
44790,0.0162061862648
44793,0.0202562138438
44794,0.0390664488077
44796,0.147238239646
44797,0.00226492551155
44798,0.00569207826629
44802,0.0166537053883
44803,0.0189503040165
44804,0.0220985990018
44805,0.0784417018294
44807,0.0495488904417
44808,0.0141994468868
44810,0.00232994393446
44813,0.00289330375381
44814,0.0295385569334
44815,0.00443275924772
44816,0.00932889524847
44819,0.127959281206
44821,0.00196333788335
44822,0.11828507483
44823,0.0114970775321
44828,0.125737339258
44831,0.199616760015
44834,0.0154300779104
44835,0.0107884490862
44836,0.00900669209659
44838,0.159745484591
44839,0.0196028240025
44841,0.00241925963201
44843,0.00357653317042
44844,0.0190079640597
44845,0.00772872660309
44850,0.00956962630153
44854,0.0850810036063
44855,0.0012020659633
44856,0.026325635612
44858,0.00931094959378
44865,0.00167555303778
44867,0.0119552668184
44868,0.00256309844553
44871,0.0154300779104
44872,0.0308202411979
44874,0.00675110006705
44877,0.0111782420427
44878,0.00979476608336
44879,0.00412640720606
44880,0.0173213724047
44882,0.260215103626
44883,0.00580326933414
44885,0.216078653932
44886,0.0165684614331
44888,0.0296721719205
44891,0.0196526665241
44893,0.0101072518155
44894,0.0185478311032
44897,0.0572126023471
44899,0.0164568796754
44900,0.00582285458222
44901,0.0136490650475
44905,0.0320788547397
44908,0.00222618016414
44909,0.00694336136803
44911,0.00834874901921
44912,0.017831293866
44913,0.00721944356337
44918,0.0173213724047
44920,0.0141994468868
44921,0.0180534590036
44922,0.0495660379529
44924,0.0224647913128
44925,0.00612851744518
44927,0.21828725934
44928,0.00268246629275
44929,0.0265904907137
44930,0.0025183474645
44936,0.0135815236717
44937,0.00821091234684
44939,0.0145423766226
44941,0.0144243314862
44946,0.00776714505628
44947,0.143648311496
44948,0.0161482058465
44950,0.0032429471612
44953,0.0564916096628
44956,0.0464058406651
44958,0.0757678076625
44959,0.00961668416858
44961,0.0313170738518
44962,0.234045386314
44963,0.0149271665141
44967,0.0452627465129
44970,0.303238749504
44971,0.00753855612129
44974,0.00422676792368
44978,0.0409752503037
44980,0.0202291104943
44981,0.00448913872242
44983,0.0895568802953
44984,0.171088069677
44987,0.0240563061088
44989,0.00863540079445
44990,0.0027054506354
44992,0.00393543345854
44994,0.00840171985328
44995,0.0882185921073
45004,0.00358341028914
45009,0.00552034657449
45012,0.00447133788839
45013,0.139070928097
45016,0.00520058814436
45018,0.0154653545469
45019,0.0865195468068
45020,0.0129566770047
45021,0.0692003667355
45022,0.0134764891118
45024,0.0319559201598
45029,0.10345133394
45030,0.00222137267701
45031,0.00290929130279
45032,0.0322462171316
45033,0.0153918834403
45039,0.0409589782357
45040,0.00249281548895
45041,0.0404665023088
45042,0.00376111967489
45045,0.00587148079649
45047,0.0114007936791
45048,0.0061705824919
45053,0.0246424861252
45054,0.0409639179707
45055,0.00181056861766
45058,0.0147222355008
45060,0.0622515156865
45061,0.0417135208845
45062,0.119170069695
45064,0.00303436117247
45065,0.0247840955853
45069,0.011988658458
45070,0.00145322806202
45071,0.00359713681974
45076,0.188242390752
45077,0.00396689865738
45079,0.0035601130221
45080,0.0321648083627
45081,0.00494292937219
45082,0.0110505810007
45083,0.0164276771247
45085,0.00275811296888
45088,0.00474904105067
45089,0.0308151505888
45094,0.00718201417476
45096,0.00516066607088
45097,0.00139031151775
45098,0.027067726478
45099,0.0643027201295
45101,0.00755418417975
45103,0.00212486810051
45104,0.0319905877113
45106,0.0673598572612
45107,0.043086335063
45111,0.0117624299601
45112,0.00973762571812
45114,0.00725888321176
45115,0.00292941159569
45117,0.0436081364751
45121,0.00648146215826
45123,0.0325166918337
45125,0.0355610847473
45126,0.0320403948426
45127,0.00270859943703
45128,0.0143994260579
45132,0.0448707044125
45133,0.0159625671804
45134,0.0104914279655
45135,0.0221367347986
45138,0.0363348014653
45139,0.031025711447
45149,0.00433119572699
45151,0.191253095865
45152,0.187094837427
45154,0.00575567409396
45155,0.00237731821835
45156,0.018232434988
45157,0.0237349011004
45162,0.00415992829949
45165,0.167927995324
45167,0.247528001666
45169,0.00269019789994
45173,0.00227398844436
45174,0.0129136145115
45179,0.0080005871132
45183,0.0831320881844
45185,0.0026572314091
45187,0.00206921622157
45189,0.0592625401914
45195,0.0147027364001
45196,0.026208691299
45198,0.0314495787024
45202,0.0457453429699
45207,0.00426334515214
45210,0.0196526665241
45211,0.00213478133082
45214,0.00429092068225
45215,0.0397199578583
45216,0.00496428692713
45217,0.0290654283017
45219,0.00407126871869
45220,0.0929095521569
45221,0.0102920942008
45224,0.00265382300131
45225,0.0214961133897
45226,0.0175953358412
45228,0.0527791492641
45229,0.00343944039196
45231,0.0288734473288
45232,0.00263764942065
45235,0.0187479779124
45238,0.0115437004715
45239,0.0141994468868
45240,0.00298128649592
45242,0.178169861436
45244,0.0551751963794
45246,0.00755875743926
45247,0.0882185921073
45251,0.0409790351987
45258,0.0133055076003
45260,0.00229157879949
45261,0.00261800596491
45262,0.0101342573762
45263,0.164333090186
45264,0.0266323499382
45265,0.00551479170099
45268,0.00780798401684
45270,0.254984170198
45271,0.0858915448189
45278,0.025561388582
45280,0.00393577199429
45284,0.0231367927045
45286,0.242018252611
45287,0.0556376874447
45288,0.00931372493505
45289,0.0196028240025
45290,0.0487431548536
45293,0.109742775559
45294,0.00127595686354
45299,0.00410817703232
45300,0.01189274434
45301,0.0732787176967
45304,0.158443048596
45306,0.0170109979808
45312,0.00621942058206
45313,0.0827570483088
45316,0.348539888859
45324,0.002435505623
45325,0.00942521076649
45326,0.0020939449314
45328,0.10326679796
45335,0.012808740139
45337,0.0207281634212
45344,0.0045462846756
45347,0.0206713750958
45348,0.163532182574
45349,0.101246803999
45350,0.0862152054906
45352,0.0190386734903
45355,0.0470961146057
45356,0.0110050616786
45359,0.0671409368515
45365,0.0288714952767
45366,0.179046839476
45374,0.00444313930348
45377,0.00146773539018
45378,0.0120119396597
45385,0.0903938412666
45389,0.0141994468868
45390,0.183093830943
45392,0.00211759284139
45393,0.00265807448886
45395,0.0339707992971
45397,0.00854066759348
45405,0.0114793600515
45408,0.0265529416502
45409,0.0108502963558
45410,0.11976622045
45412,0.0119021283463
45415,0.00215825764462
45416,0.00243558431976
45417,0.00153770856559
45421,0.0124540803954
45422,0.130226060748
45424,0.00948811508715
45425,0.0141994468868
45429,0.00141900160816
45430,0.0165892336518
45431,0.0898751094937
45434,0.0108726778999
45435,0.0181781742722
45437,0.151835769415
45438,0.0141994468868
45439,0.0130270170048
45440,0.0383509024978
45443,0.317278236151
45445,0.0256334040314
45448,0.00606316048652
45449,0.00360997114331
45458,0.0204232726246
45460,0.0196526665241
45462,0.0100581925362
45464,0.0121831269935
45465,0.0196028240025
45466,0.0211003050208
45470,0.00393655104563
45475,0.00558181433007
45478,0.0171849858016
45481,0.0280805062503
45482,0.0584783516824
45484,0.00860275235027
45486,0.215518593788
45487,0.00414382666349
45488,0.00451778247952
45490,0.0473781600595
45491,0.0104048717767
45492,0.00300535722636
45493,0.0141439810395
45497,0.0264217704535
45500,0.00848940853029
45503,0.0135444710031
45505,0.025207111612
45506,0.0464835725725
45507,0.0220985990018
45510,0.0162882693112
45512,0.267334520817
45514,0.256093233824
45515,0.00320570892654
45518,0.0196028240025
45519,0.0148740429431
45523,0.00631516333669
45527,0.0186231266707
45529,0.0409752503037
45530,0.0196028240025
45531,0.020326051861
45532,0.00811127386987
45535,0.00874504540116
45536,0.113153956831
45539,0.0248631704599
45541,0.00200134841725
45542,0.0167820900679
45543,0.0382237285376
45544,0.0123475035653
45545,0.0119905443862
45547,0.105587333441
45549,0.00640526553616
45550,0.0305679440498
45552,0.00788418855518
45553,0.0296754445881
45554,0.00165716942865
45556,0.0404654741287
45557,0.0198759436607
45558,0.00200488697737
45559,0.00181786797475
45560,0.00903731584549
45561,0.0544871091843
45564,0.00761840445921
45565,0.0162210483104
45566,0.00127895234618
45572,0.00227114604786
45573,0.00327032827772
45575,0.0385782793164
45577,0.00569306313992
45578,0.00982246547937
45579,0.161717802286
45580,0.181642189622
45581,0.00891917850822
45583,0.00967996194959
45585,0.00654210615903
45588,0.00686406996101
45590,0.0555737987161
45594,0.263136297464
45595,0.00760479317978
45596,0.00629516458139
45601,0.0118119008839
45602,0.0639581158757
45605,0.00791728869081
45607,0.0429999940097
45609,0.00610088324174
45613,0.0260677840561
45614,0.00865123327821
45615,0.00545800337568
45618,0.0565498918295
45619,0.0225073955953
45620,0.00233159703203
45623,0.00295162061229
45627,0.0134059349075
45629,0.0343497730792
45631,0.0143641447648
45632,0.0378827862442
45636,0.00198881980032
45637,0.00871563516557
45639,0.0320855826139
45640,0.11438048631
45643,0.00837404467165
45644,0.0395582579076
45645,0.0149823641405
45646,0.0275175459683
45647,0.0100843301043
45648,0.0185040682554
45650,0.0111055364832
45651,0.0317723862827
45654,0.00454569747671
45655,0.00649662641808
45656,0.0122561072931
45657,0.0086218630895
45661,0.0118402084336
45665,0.00766042852774
45666,0.0560551546514
45667,0.0306360274553
45671,0.00335725466721
45673,0.0215747207403
45674,0.0686446204782
45675,0.00203498848714
45676,0.0129691101611
45686,0.0193833913654
45687,0.014019719325
45688,0.00145681679714
45690,0.00564913311973
45692,0.00380149343982
45693,0.00375293660909
45694,0.00814078655094
45695,0.0483243688941
45701,0.047733630985
45702,0.00473146466538
45703,0.0189822148532
45705,0.0189722329378
45709,0.00163834984414
45715,0.00202005007304
45716,0.0364138893783
45718,0.0727604180574
45719,0.0574898198247
45721,0.0210151206702
45722,0.00410692859441
45723,0.189408421516
45725,0.00628612423316
45726,0.0348309278488
45731,0.0260196588933
45732,0.0238972306252
45733,0.0168087296188
45735,0.0533006973565
45736,0.0398006886244
45743,0.0158578213304
45744,0.0170059837401
45746,0.227891758084
45747,0.00904960930347
45749,0.0285523422062
45756,0.0239688847214
45762,0.00137494062074
45764,0.00176719203591
45765,0.0251738522202
45766,0.0109421266243
45769,0.00279147364199
45770,0.042227845639
45771,0.00336526241153
45772,0.0173572823405
45774,0.0031725380104
45776,0.00306187942624
45777,0.0196526665241
45782,0.00229798723012
45783,0.0502170808613
45785,0.00767245749012
45786,0.157189056277
45787,0.00551941758022
45788,0.0115816416219
45790,0.183093830943
45798,0.0175025034696
45802,0.0254055634141
45807,0.00285291532055
45810,0.00319018214941
45811,0.00288299936801
45813,0.109392248094
45823,0.340198725462
45824,0.00260122003965
45827,0.00841750204563
45829,0.0679006502032
45830,0.0476716123521
45833,0.00994960404932
45836,0.00413895165548
45839,0.0190776027739
45840,0.0142384255305
45842,0.010770490393
45843,0.045337729156
45844,0.00187482952606
45845,0.0196028240025
45846,0.0915376469493
45850,0.0275892727077
45853,0.40732511878
45857,0.00254438002594
45861,0.0339776314795
45863,0.00292805419303
45864,0.0230452064425
45865,0.0134464222938
45867,0.0014945298899
45869,0.00376180931926
45870,0.196150287986
45871,0.00304294028319
45872,0.0409311577678
45874,0.00533089786768
45875,0.00545386876911
45881,0.00207132147625
45882,0.0383052043617
45884,0.0162165667862
45885,0.0196028240025
45887,0.26053956151
45888,0.00487090880051
45890,0.0324630700052
45893,0.00259113847278
45894,0.0233120266348
45895,0.0498611591756
45897,0.00828692968935
45898,0.00576116936281
45899,0.022912338376
45900,0.0268010348082
45903,0.0148539179936
45904,0.00803883560002
45905,0.212987884879
45909,0.279949218035
45910,0.191765770316
45911,0.23091866076
45912,0.0347738489509
45913,0.00282841944136
45914,0.0884221866727
45915,0.028472295031
45917,0.00222159991972
45922,0.0105443131179
45923,0.0287483483553
45924,0.00768473790959
45926,0.00344222830608
45929,0.0362025499344
45930,0.00243156845681
45932,0.00284004281275
45933,0.00156984408386
45934,0.00364181632176
45935,0.0148980617523
45936,0.0411852188408
45937,0.188684687018
45938,0.00146198191214
45939,0.00138911185786
45940,0.00354467378929
45943,0.0268152896315
45946,0.0089231915772
45951,0.0099111571908
45953,0.0195769146085
45954,0.00736387027428
45955,0.00372958299704
45957,0.208073496819
45960,0.00324180093594
45961,0.0185478311032
45964,0.0236147474498
45965,0.0568838045001
45967,0.00919481925666
45969,0.0757096633315
45970,0.00369619508274
45975,0.182694420218
45978,0.00502328947186
45980,0.00183003745042
45982,0.0181954037398
45983,0.00472670886666
45984,0.00264271092601
45992,0.00800411496311
45994,0.0190429221839
46001,0.0138673186302
46002,0.0377683527768
46003,0.0347637012601
46006,0.0084859970957
46010,0.0175937376916
46011,0.011020604521
46014,0.0153918834403
46015,0.0148458275944
46018,0.00860957149416
46019,0.0194788258523
46024,0.00914409290999
46025,0.0516651235521
46029,0.0497811175883
46031,0.0268934350461
46032,0.00355812418275
46033,0.0556703805923
46034,0.00127470085863
46035,0.00266106589697
46036,0.00218497426249
46039,0.00341183040291
46040,0.0168709214777
46042,0.231034964323
46043,0.00148322375026
46046,0.00220082094893
46047,0.00137469451874
46052,0.00889412034303
46057,0.0162597708404
46058,0.0188905056566
46060,0.0126468781382
46061,0.0327879413962
46063,0.00510684167966
46064,0.0142922084779
46068,0.0101945605129
46074,0.0333179347217
46078,0.0497811175883
46079,0.00122575252317
46083,0.00221778429113
46084,0.00241572107188
46085,0.105716578662
46086,0.0958897843957
46088,0.0353671647608
46089,0.143972501159
46092,0.209515318274
46093,0.0273313242942
46100,0.219848498702
46102,0.0217991322279
46104,0.0141994468868
46105,0.00299662468024
46106,0.0297458134592
46110,0.00237476266921
46112,0.00919277779758
46115,0.00555953104049
46118,0.0412765182555
46119,0.0112979710102
46121,0.00760193681344
46122,0.00320570892654
46124,0.0278285555542
46126,0.016736196354
46127,0.00457784533501
46129,0.0121868979186
46130,0.0111575154588
46134,0.0444839969277
46135,0.00310602155514
46137,0.00358852674253
46142,0.0175406485796
46143,0.0650911480188
46145,0.0569568164647
46146,0.211272507906
46147,0.0755437016487
46151,0.0344106517732
46154,0.184294626117
46155,0.0172349661589
46158,0.108187757432
46159,0.0191919505596
46163,0.0609703063965
46167,0.0014841054799
46168,0.19381198287
46169,0.153012394905
46175,0.0315116606653
46176,0.00753210904077
46177,0.0191682428122
46182,0.0168691668659
46183,0.00199762405828
46185,0.021467462182
46186,0.12693990767
46187,0.0202147830278
46189,0.0400341637433
46192,0.156160280108
46195,0.0121892066672
46196,0.0054470943287
46198,0.00651710992679
46199,0.010523528792
46201,0.00254814652726
46207,0.00285577354953
46208,0.0239470060915
46209,0.00255968235433
46211,0.00963910855353
46212,0.0370919853449
46213,0.0363903231919
46214,0.0180782433599
46216,0.00425974745303
46217,0.130351781845
46218,0.0102051086724
46219,0.021376028657
46220,0.0848410874605
46222,0.00209001498297
46226,0.105646565557
46229,0.190012305975
46231,0.0272182580084
46234,0.0114681432024
46235,0.0580506436527
46237,0.0290543884039
46238,0.257493704557
46241,0.0032281500753
46242,0.0314788743854
46244,0.0052663446404
46246,0.0293843448162
46247,0.0521217696369
46248,0.0173419825733
46249,0.00910930149257
46250,0.00346395839006
46252,0.0138533394784
46253,0.00142814777792
46262,0.0647284314036
46263,0.0196028240025
46264,0.0330506674945
46265,0.0101072518155
46268,0.212465435266
46271,0.00783918239176
46273,0.0141994468868
46275,0.269230633974
46277,0.142393872142
46279,0.241060882807
46280,0.00540243228897
46282,0.0037005788181
46283,0.047997392714
46287,0.0062692486681
46288,0.057274453342
46289,0.00215825764462
46291,0.00312240468338
46292,0.0325338281691
46298,0.0272182580084
46299,0.0177602730691
46301,0.00429351301864
46303,0.0362554937601
46304,0.00376040674746
46307,0.00272741727531
46309,0.0055670440197
46311,0.0141994468868
46313,0.0229671541601
46317,0.0081281028688
46319,0.0108686480671
46320,0.189348116517
46321,0.182862743735
46325,0.00227615656331
46327,0.00250214780681
46330,0.015149962157
46331,0.0210151206702
46332,0.030230211094
46333,0.00712467636913
46334,0.0657357648015
46335,0.0189937613904
46336,0.0513232275844
46341,0.00618854258209
46349,0.027971656993
46351,0.0119228055701
46352,0.0195287130773
46353,0.0185369886458
46354,0.00942025333643
46356,0.198876202106
46357,0.00706663867459
46359,0.022048374638
46360,0.0280101243407
46364,0.00985003355891
46366,0.0318670943379
46367,0.0100993737578
46369,0.0450407192111
46373,0.243350014091
46374,0.0148680275306
46376,0.0107510145754
46378,0.0118776755407
46381,0.00478343712166
46383,0.00405260547996
46385,0.130266427994
46388,0.0018066422781
46393,0.0459479987621
46394,0.0691615864635
46395,0.0255321282893
46398,0.253213763237
46400,0.043499365449
46402,0.00639140885323
46403,0.14797347784
46406,0.0205417722464
46410,0.0432473905385
46413,0.0244929455221
46414,0.0085253380239
46415,0.00197608908638
46416,0.00392998661846
46417,0.00283831893466
46418,0.00264911330305
46419,0.0222779531032
46421,0.0600202158093
46423,0.0262646842748
46426,0.0243663080037
46427,0.0301577933133
46428,0.0147726107389
46429,0.0646105781198
46430,0.0180945489556
46431,0.0214467458427
46433,0.0150807844475
46435,0.00974476058036
46438,0.0157547798008
46439,0.00470593757927
46442,0.0030524416361
46443,0.0203338582069
46444,0.0124012744054
46445,0.00766859157011
46447,0.00283372588456
46448,0.00994960404932
46451,0.124037258327
46452,0.00258204597048
46454,0.00216465140693
46455,0.0151393990964
46456,0.021040936932
46458,0.0141687896103
46460,0.0558840297163
46462,0.190599232912
46466,0.0095132663846
46469,0.00820781011134
46472,0.0624199733138
46473,0.00982769858092
46474,0.0264863427728
46477,0.203772425652
46478,0.0230083540082
46482,0.0253475103527
46483,0.0222985688597
46484,0.0183735806495
46485,0.160708010197
46487,0.00595221156254
46488,0.0213640481234
46489,0.00263123610057
46492,0.00296636344865
46495,0.00912945438176
46499,0.0139598120004
46501,0.216747283936
46502,0.00254078698345
46506,0.00838968716562
46508,0.154348865151
46509,0.00236367131583
46512,0.0109096523374
46513,0.0028724023141
46514,0.00672205584124
46516,0.00291612162255
46517,0.066748522222
46520,0.012086763978
46521,0.00260935071856
46524,0.0111362393945
46525,0.00504260929301
46526,0.0172638222575
46527,0.00173413869925
46528,0.0121068004519
46530,0.0531336478889
46531,0.0027760588564
46532,0.0440709814429
46533,0.00242554303259
46534,0.117488957942
46538,0.00766539946198
46539,0.0391655787826
46541,0.0118452142924
46543,0.00368494400755
46545,0.0118473470211
46547,0.00266106589697
46548,0.0287849921733
46553,0.101831503212
46555,0.0196526665241
46556,0.0208750814199
46558,0.00216931593604
46559,0.0159947611392
46561,0.0027263732627
46562,0.0526415407658
46563,0.0133791211993
46565,0.0180080160499
46567,0.00405899249017
46569,0.0210723206401
46571,0.0359984599054
46575,0.0113397268578
46580,0.0230922363698
46586,0.300703704357
46588,0.0165397841483
46589,0.00534847890958
46590,0.0014140146086
46592,0.0137590952218
46593,0.00494016241282
46594,0.00490199727938
46596,0.0689634308219
46598,0.00387922185473
46599,0.0180786959827
46600,0.0157174821943
46602,0.0212350357324
46603,0.0255321282893
46605,0.0222656950355
46606,0.0118368621916
46607,0.0133887287229
46609,0.212795883417
46612,0.00514266220853
46613,0.0216616373509
46614,0.00240568025038
46617,0.021533254534
46618,0.0251646898687
46619,0.0063891382888
46622,0.0348477065563
46624,0.0972143486142
46628,0.0574276596308
46630,0.0275496579707
46631,0.00675024325028
46632,0.0255604162812
46633,0.213611036539
46639,0.0147422663867
46641,0.00760989077389
46644,0.0384122617543
46649,0.00315008219332
46650,0.0095760319382
46652,0.0058560310863
46653,0.00954894907773
46655,0.00558752147481
46661,0.0469564162195
46663,0.00160115724429
46664,0.0102635538206
46665,0.0019446441438
46668,0.236180022359
46669,0.0153136076406
46670,0.0529841631651
46671,0.0343687832355
46672,0.0220188554376
46673,0.0150677599013
46675,0.00890235509723
46676,0.00150507700164
46677,0.00124360842165
46678,0.0076264552772
46679,0.0145428348333
46681,0.00288179866038
46683,0.0154300779104
46686,0.00295798014849
46687,0.00994960404932
46690,0.00245776423253
46691,0.00364685314707
46692,0.00132479588501
46697,0.160704821348
46698,0.0322124250233
46699,0.00280905771069
46700,0.0388367474079
46701,0.0135609889403
46703,0.0177395474166
46704,0.0110483663157
46705,0.0110608562827
46707,0.00139950634912
46708,0.181669875979
46710,0.0511954985559
46711,0.122277781367
46713,0.0119218109176
46714,0.184825494885
46715,0.051148660481
46716,0.0262646842748
46717,0.00833140406758
46719,0.17385391891
46720,0.00579690653831
46721,0.0232530664653
46723,0.00196891184896
46725,0.0418460145593
46726,0.0175245348364
46729,0.00152516551316
46730,0.0178007204086
46731,0.0443023145199
46732,0.0176281630993
46734,0.0615344382823
46735,0.0036414808128
46737,0.0173419825733
46738,0.237387374043
46740,0.0413430556655
46741,0.00722251320258
46745,0.0196028240025
46750,0.0715657547116
46758,0.0196028240025
46760,0.00696777645499
46761,0.0215299539268
46762,0.145866930485
46767,0.00210466748103
46769,0.188242390752
46773,0.0129691101611
46775,0.0193103402853
46777,0.0304992031306
46779,0.0139486119151
46780,0.0335014648736
46782,0.0220985990018
46783,0.0228531751782
46784,0.0403429828584
46786,0.181669875979
46787,0.004048648756
46794,0.00638881139457
46795,0.00309182982892
46796,0.00587776023895
46798,0.00200804346241
46803,0.0810838714242
46805,0.00324516301043
46806,0.00682089524344
46808,0.00504127005115
46810,0.193529382348
46812,0.0643672943115
46814,0.112134031951
46815,0.00914061162621
46816,0.0166828483343
46818,0.00409982027486
46819,0.0198759436607
46820,0.00314173381776
46821,0.254242926836
46822,0.00130634114612
46823,0.0175533909351
46824,0.0663338303566
46825,0.00301043805666
46826,0.0561181455851
46827,0.014872783795
46831,0.00388898304664
46832,0.180243894458
46835,0.0299881715328
46836,0.0544876530766
46837,0.00236888322979
46838,0.00365704111755
46839,0.0155845405534
46840,0.104299046099
46842,0.0205247867852
46843,0.00352575955912
46844,0.00977126788348
46845,0.0649078413844
46846,0.0702135786414
46848,0.628327131271
46849,0.0564983971417
46854,0.211272507906
46856,0.0587257444859
46857,0.00520058814436
46859,0.00225303997286
46862,0.00326988520101
46863,0.0131312226877
46865,0.0368441529572
46866,0.00122575252317
46867,0.0124859120697
46869,0.00280171935447
46870,0.00144858355634
46872,0.0193259268999
46883,0.0271417740732
46887,0.0034763533622
46888,0.023495843634
46889,0.012020515278
46891,0.00936260167509
46899,0.0330498591065
46900,0.00357250473462
46901,0.0168169885874
46902,0.00160279765259
46904,0.0194860212505
46907,0.0149142984301
46908,0.00249151396565
46912,0.00165004073642
46913,0.00231113703921
46914,0.0233772154897
46916,0.0388367474079
46918,0.00390681764111
46919,0.00136682915036
46924,0.011547787115
46926,0.0199079178274
46928,0.00271196849644
46930,0.0137590952218
46931,0.0504109077156
46933,0.00465957727283
46934,0.0427579879761
46935,0.0157414972782
46940,0.225434929132
46941,0.0385782793164
46942,0.0262512303889
46945,0.136737957597
46946,0.0796769335866
46952,0.00398831721395
46956,0.00361281936057
46958,0.0286909230053
46960,0.0196028240025
46961,0.00332385720685
46965,0.009695767425
46967,0.146958425641
46968,0.00675433082506
46976,0.00989735778421
46977,0.188242390752
46979,0.0168628022075
46980,0.0106899049133
46982,0.00271051796153
46987,0.00778881600127
46988,0.0649391636252
46989,0.00434437161312
46990,0.0759356543422
46992,0.0823287963867
46993,0.0558202899992
46994,0.103524900973
46995,0.0499332621694
46996,0.197046354413
46999,0.00133091746829
47004,0.0232463199645
47005,0.0314253978431
47006,0.0759175568819
47008,0.00258954172023
47012,0.0201291125268
47016,0.10457303375
47017,0.00403651129454
47019,0.089635387063
47021,0.202753424644
47023,0.0170328654349
47024,0.0248239506036
47025,0.00149077537935
47029,0.04549453035
47030,0.0944910645485
47031,0.0035822764039
47033,0.0185478311032
47035,0.0163663141429
47036,0.0568004883826
47039,0.0284018199891
47040,0.0599882975221
47041,0.00192517461255
47043,0.0117435324937
47050,0.0098405694589
47051,0.124187894166
47052,0.304620712996
47054,0.0311416201293
47055,0.00721204746515
47056,0.00626303767785
47061,0.00391941517591
47066,0.00963910855353
47067,0.00948811508715
47068,0.0142289465293
47070,0.00586542440578
47072,0.0497081540525
47073,0.0124012744054
47074,0.0063366512768
47076,0.00295403366908
47077,0.00292081269436
47078,0.0158753413707
47080,0.00180828629527
47081,0.0277195498347
47083,0.0394092462957
47088,0.068504229188
47089,0.0015215164749
47090,0.00400383630767
47091,0.0215868484229
47093,0.00330414134078
47094,0.00837001483887
47096,0.0322990231216
47099,0.0170028656721
47102,0.00345223862678
47104,0.0029061450623
47106,0.00386538985185
47113,0.0110790496692
47117,0.0109411394224
47119,0.148722276092
47120,0.00620421115309
47122,0.00191253738012
47123,0.00603408040479
47124,0.0230095982552
47125,0.0198759436607
47129,0.0485919825733
47131,0.00348241138272
47132,0.00938822515309
47134,0.0579930134118
47135,0.385460823774
47137,0.0604511387646
47140,0.0306360274553
47142,0.026233073324
47143,0.0236337929964
47144,0.0196028240025
47145,0.00283508724533
47146,0.183093830943
47147,0.0141522139311
47148,0.00298766000196
47154,0.0325312167406
47155,0.0784417018294
47156,0.0320855826139
47158,0.0491067245603
47159,0.00261162640527
47161,0.00931372493505
47166,0.0218550842255
47167,0.0129691101611
47168,0.00294010108337
47171,0.0204726886004
47173,0.00653854617849
47174,0.0357107035816
47175,0.186038017273
47180,0.0777532234788
47181,0.00858665816486
47182,0.00219671684317
47185,0.0105364760384
47186,0.00551464315504
47188,0.00159402540885
47189,0.0434255115688
47190,0.0127695826814
47191,0.00249793473631
47192,0.234668046236
47195,0.00785764772445
47196,0.0139634348452
47200,0.0394582152367
47206,0.0181291084737
47207,0.0662939548492
47209,0.00895878113806
47210,0.0702318996191
47212,0.112330824137
47213,0.048854123801
47214,0.234074652195
47216,0.0173213724047
47217,0.00834977068007
47218,0.00295801111497
47220,0.00322943925858
47221,0.0639132782817
47222,0.17871569097
47224,0.0227852854878
47225,0.00835349131376
47226,0.0210902448744
47227,0.0240541920066
47229,0.0350074656308
47232,0.0196028240025
47233,0.0103174066171
47234,0.0121009387076
47235,0.021563174203
47236,0.00680369557813
47237,0.00524040497839
47239,0.0176021624357
47240,0.0118402084336
47241,0.0138049488887
47244,0.136982113123
47245,0.00822900421917
47247,0.00283384160139
47248,0.00818355474621
47249,0.0178539548069
47250,0.00333939120173
47251,0.0187769308686
47253,0.0828608796
47255,0.0253604650497
47256,0.00816759373993
47258,0.0348934270442
47259,0.167927995324
47262,0.0170027948916
47263,0.00158517702948
47264,0.00219217920676
47265,0.105266906321
47267,0.00247728964314
47268,0.0883780568838
47270,0.0117035331205
47271,0.0076401126571
47273,0.0149974813685
47274,0.0027880417183
47277,0.0159579310566
47278,0.226152330637
47280,0.0569754764438
47284,0.0517959706485
47285,0.0397406071424
47287,0.00828564446419
47291,0.00274690217339
47292,0.0276939310133
47294,0.0113579118624
47295,0.00591050041839
47298,0.0574915446341
47299,0.0118402084336
47301,0.00187004206236
47303,0.0173782873899
47304,0.0365245863795
47310,0.0301120951772
47311,0.0157004371285
47312,0.00280865025707
47313,0.0205811336637
47314,0.0212397780269
47316,0.00825855135918
47317,0.00151962123346
47318,0.00222207978368
47320,0.00245980033651
47322,0.00188637489919
47323,0.00902715325356
47324,0.00250431708992
47331,0.0181444175541
47333,0.0211490876973
47334,0.0095576569438
47335,0.00287342537194
47336,0.0125363115221
47337,0.0527222938836
47338,0.0395466014743
47341,0.00405159918591
47342,0.0165611281991
47344,0.0377096347511
47345,0.0154300779104
47346,0.0310848262161
47348,0.291435688734
47349,0.0144152846187
47350,0.0188276711851
47351,0.0307153761387
47352,0.0262512303889
47354,0.108786441386
47356,0.0805500820279
47359,0.00256989616901
47360,0.0148458275944
47362,0.0023965141736
47363,0.0604945644736
47364,0.0182297434658
47365,0.0354043953121
47366,0.0441599600017
47369,0.0046000299044
47370,0.00231176055968
47371,0.0376760028303
47374,0.0689654797316
47377,0.00978602003306
47379,0.0467798188329
47380,0.0997265279293
47382,0.00731404591352
47385,0.310868054628
47386,0.112940311432
47388,0.0204111859202
47391,0.00322833261453
47392,0.0295196995139
47394,0.00820988696069
47399,0.235700368881
47404,0.00956002250314
47410,0.00689372047782
47411,0.00124886981212
47412,0.0483573749661
47413,0.041771993041
47415,0.100025624037
47416,0.32557696104
47418,0.00240925559774
47419,0.00583303533494
47420,0.0329718515277
47422,0.00829317886382
47423,0.0380223840475
47424,0.00339150894433
47426,0.177686169744
47431,0.00613889470696
47432,0.0054912767373
47434,0.00984190683812
47437,0.0106433331966
47438,0.0294474791735
47439,0.0537760183215
47441,0.00971564464271
47444,0.0320285968482
47445,0.0160038974136
47455,0.00209285435267
47456,0.0184512902051
47458,0.0484077036381
47463,0.0302626807243
47470,0.0409752503037
47474,0.0069528138265
47475,0.00586307561025
47477,0.0110208652914
47479,0.116477049887
47480,0.0851155295968
47483,0.015824072063
47484,0.0203092005104
47487,0.00264287553728
47489,0.00746039953083
47491,0.0145423766226
47492,0.0357180535793
47493,0.184005632997
47494,0.261512935162
47495,0.00863952096552
47496,0.216747283936
47498,0.0688026696444
47499,0.00232149334624
47500,0.0141994468868
47503,0.00618360284716
47507,0.00721944356337
47508,0.198691383004
47509,0.0858915448189
47511,0.105475030839
47513,0.0209930185229
47516,0.00678357109427
47517,0.0108413230628
47519,0.0320666357875
47520,0.0726800486445
47521,0.0292178317904
47522,0.0108109042048
47524,0.175366163254
47525,0.00974872708321
47527,0.00411930633709
47528,0.00141565967351
47529,0.00305869639851
47532,0.00614963984117
47534,0.158882156014
47535,0.0165611281991
47540,0.0161350592971
47543,0.00191752554383
47544,0.0139599759132
47545,0.0107283536345
47548,0.0397046282887
47552,0.0494151450694
47555,0.108316674829
47556,0.0223226323724
47557,0.026037113741
47559,0.00347212073393
47560,0.00357905426063
47563,0.0270448550582
47564,0.224088102579
47568,0.0303844958544
47570,0.225221693516
47571,0.0235028415918
47572,0.0251192916185
47574,0.0226127803326
47577,0.00561950355768
47580,0.0319312438369
47581,0.0103279678151
47582,0.0664537250996
47583,0.219113186002
47584,0.0022510192357
47585,0.173892527819
47586,0.00922129489481
47587,0.0104151377454
47588,0.0018878307892
47589,0.235649988055
47592,0.00263305730186
47596,0.00446712225676
47600,0.217492878437
47601,0.0133775779977
47602,0.0403550304472
47609,0.00313513842411
47610,0.0415197201073
47613,0.00875886995345
47614,0.0256613474339
47616,0.0222452394664
47619,0.0313454382122
47625,0.0103530101478
47626,0.0153784696013
47628,0.0198632162064
47629,0.00142659828998
47630,0.0214715525508
47632,0.0234282836318
47634,0.0361024066806
47635,0.0297972280532
47638,0.0428836271167
47639,0.0178668536246
47643,0.00201946077868
47644,0.00260637258179
47646,0.00806997995824
47647,0.031048450619
47649,0.0311573892832
47651,0.0355056934059
47653,0.0360859930515
47658,0.162858620286
47660,0.0135528445244
47661,0.0240429416299
47663,0.00476162647828
47664,0.00344768119976
47666,0.00932188611478
47668,0.0775813236833
47674,0.0312797389925
47675,0.0161356050521
47678,0.107741981745
47683,0.0349916219711
47687,0.0415467619896
47692,0.176619306207
47694,0.0191836319864
47695,0.137704238296
47696,0.0696335285902
47698,0.0103433411568
47699,0.0675524547696
47700,0.00344554893672
47701,0.00872626248747
47705,0.0154022779316
47708,0.0145301427692
47709,0.00549171958119
47711,0.00925228185952
47712,0.0112440260127
47714,0.0177922360599
47715,0.00282191485167
47716,0.234074652195
47718,0.157189056277
47720,0.00275112339295
47722,0.00282191485167
47723,0.00256989616901
47724,0.00564954569563
47726,0.0603188425303
47727,0.00776714505628
47728,0.00470490986481
47729,0.00809079036117
47730,0.0092259356752
47732,0.0247094649822
47735,0.0210595969111
47737,0.0113411648199
47739,0.023708101362
47741,0.0167826414108
47745,0.0175722725689
47746,0.00269569666125
47747,0.0363740064204
47748,0.00649761129171
47753,0.111528642476
47754,0.0973049625754
47757,0.00902465451509
47758,0.068867251277
47760,0.00688996398821
47761,0.0150204682723
47764,0.0147708076984
47765,0.00141772790812
47767,0.00557629391551
47768,0.00310376915149
47772,0.00144906027708
47775,0.0696510747075
47776,0.00833622738719
47777,0.00266604521312
47779,0.00926814414561
47785,0.0744903832674
47788,0.00253991130739
47789,0.00253964914009
47791,0.0534775964916
47793,0.0022068542894
47795,0.185778334737
47796,0.00555577548221
47799,0.00139728165232
47800,0.0196526665241
47803,0.00344901671633
47804,0.286596059799
47806,0.0152522949502
47807,0.0169678591192
47808,0.0170612316579
47810,0.0196526665241
47813,0.00243837200105
47814,0.0142044201493
47815,0.00235462025739
47818,0.0163548886776
47819,0.00221679033712
47821,0.213027909398
47827,0.00990265794098
47828,0.21115359664
47836,0.0079450532794
47840,0.00304954079911
47842,0.0106927696615
47848,0.0193192176521
47853,0.219908073545
47854,0.0142176803201
47855,0.00521595263854
47856,0.00308771710843
47857,0.00130634114612
47858,0.0114923259243
47859,0.0112212896347
47861,0.00583260366693
47862,0.0540051236749
47863,0.00135670485906
47865,0.0234020538628
47866,0.0047157346271
47869,0.131913289428
47870,0.0373843275011
47872,0.0122352568433
47874,0.0299058184028
47876,0.0149907758459
47877,0.0394582152367
47879,0.0141994468868
47882,0.0214847978204
47884,0.196150287986
47887,0.00247611384839
47888,0.0161335300654
47890,0.179915040731
47892,0.0761561244726
47895,0.024995887652
47902,0.00279077002779
47905,0.00799485202879
47908,0.129045948386
47909,0.0544085428119
47910,0.00628556404263
47913,0.00583998253569
47914,0.00594970397651
47915,0.0476720891893
47918,0.0699023157358
47920,0.0136609664187
47922,0.0380868650973
47923,0.00281414715573
47924,0.0122076384723
47926,0.00577692873776
47927,0.0372567102313
47928,0.0200364086777
47930,0.00350607302971
47932,0.00911850482225
47936,0.0244232844561
47941,0.291443675756
47942,0.011163293384
47943,0.0413337126374
47944,0.159745484591
47946,0.0117824049667
47947,0.0370833352208
47948,0.00756973633543
47949,0.00740317488089
47950,0.00171454926021
47952,0.00417564203963
47954,0.0318670943379
47956,0.00251753791235
47957,0.00144901825115
47958,0.00297216116451
47959,0.00196992862038
47961,0.0821866393089
47962,0.138401687145
47965,0.0108025288209
47966,0.0320855826139
47967,0.0370120219886
47968,0.00309755536728
47969,0.00196297909133
47971,0.00618711160496
47972,0.00197094050236
47973,0.00407115835696
47974,0.00385885010473
47975,0.0876967534423
47977,0.00211096601561
47980,0.21063606441
47981,0.0409495122731
47984,0.00349389947951
47986,0.00138876726851
47988,0.038969822228
47990,0.0196028240025
47991,0.147693127394
47993,0.0904146060348
47997,0.0141994468868
47998,0.00769544998184
47999,0.0118402084336
48001,0.00295162061229
48003,0.113325707614
48005,0.00212029088289
48007,0.009695767425
48015,0.0319284871221
48016,0.00263123610057
48017,0.0097067579627
48022,0.00633061956614
48026,0.106341347098
48027,0.158768460155
48028,0.0593413636088
48032,0.0213456060737
48033,0.00582659058273
48034,0.0334631800652
48036,0.260067790747
48039,0.0406872592866
48040,0.0132374633104
48047,0.0747081190348
48050,0.0839638710022
48051,0.225062727928
48052,0.0114553328604
48053,0.00562965637073
48054,0.0193527042866
48057,0.00263152387924
48059,0.0322862155735
48060,0.0273689851165
48061,0.00558652263135
48063,0.0142901269719
48066,0.00982831045985
48068,0.00256559858099
48075,0.0268924944103
48076,0.00855701137334
48077,0.00138575641904
48079,0.0471047833562
48080,0.201094016433
48082,0.0164269767702
48084,0.00515635684133
48085,0.0130328061059
48086,0.0313354283571
48091,0.0103637203574
48092,0.149897843599
48093,0.00353333842941
48094,0.0346921086311
48095,0.0073189875111
48097,0.0950712263584
48103,0.00185585999861
48104,0.120141416788
48105,0.0194956623018
48106,0.0088810743764
48107,0.0143397655338
48109,0.0792229026556
48110,0.00235004234128
48111,0.0104030650109
48112,0.0230328477919
48113,0.0661013424397
48115,0.0154300779104
48117,0.0196028240025
48119,0.0390275605023
48120,0.00429183151573
48123,0.253528177738
48124,0.020028648898
48125,0.00196891184896
48128,0.0157319772989
48129,0.00209735636599
48131,0.0318435803056
48133,0.00219244812615
48134,0.00665103225037
48135,0.00918487645686
48137,0.00188728992362
48138,0.00302396691404
48139,0.00739506445825
48142,0.0529546998441
48145,0.033170234412
48148,0.00407384848222
48149,0.0138010811061
48150,0.0220985990018
48153,0.00464819092304
48158,0.224286362529
48159,0.0342662259936
48160,0.115029975772
48161,0.014608412981
48163,0.0381970256567
48165,0.00583199877292
48170,0.0038825692609
48171,0.0076684653759
48175,0.00206434121355
48176,0.0320626981556
48178,0.162858620286
48185,0.0346167348325
48186,0.00298183504492
48189,0.112330824137
48190,0.0031443212647
48191,0.0817137956619
48192,0.00222184509039
48194,0.0119209857658
48195,0.0497570224106
48197,0.0469424687326
48198,0.0054336162284
48202,0.00202005007304
48207,0.0253794491291
48215,0.00721944356337
48217,0.00284572667442
48219,0.00263198185712
48220,0.0255321282893
48222,0.0947372913361
48224,0.0082436259836
48226,0.00485843606293
48229,0.0144819980487
48231,0.0117345713079
48235,0.0144579717889
48236,0.0215727575123
48237,0.00784903485328
48241,0.00912945438176
48242,0.00115589692723
48244,0.00302822235972
48248,0.0137778725475
48249,0.00922017171979
48254,0.236227318645
48255,0.00474335579202
48258,0.0316693522036
48260,0.00774393510073
48262,0.00756822852418
48267,0.0255321282893
48271,0.00845997035503
48273,0.0314542651176
48276,0.00475848233327
48278,0.0252201538533
48279,0.0111019769683
48280,0.00183154316619
48282,0.0115047376603
48283,0.0137043446302
48284,0.00132226350252
48285,0.0112953251228
48286,0.00306796375662
48287,0.00331603270024
48288,0.00212772027589
48289,0.0416742227972
48290,0.0395868681371
48291,0.00579325528815
48296,0.0259283669293
48297,0.0141994468868
48298,0.0196028240025
48302,0.00282609649003
48305,0.00345707312226
48307,0.00846848636866
48310,0.00927271228284
48311,0.00469562830403
48312,0.00127815105952
48315,0.00700509501621
48316,0.00277793011628
48318,0.0592625401914
48320,0.0221126135439
48321,0.019379734993
48323,0.00131437275559
48324,0.0161612723023
48325,0.00195407797582
48326,0.0170208383352
48329,0.00242993119173
48332,0.0185478311032
48333,0.00176139746327
48335,0.0292914714664
48336,0.0100009953603
48338,0.00820292159915
48339,0.00418424792588
48341,0.00152836751658
48343,0.00552572589368
48346,0.0104566849768
48348,0.0388741716743
48354,0.00934604462236
48355,0.00215945648961
48358,0.00987581722438
48360,0.0182436294854
48362,0.0355990938842
48364,0.0339471064508
48366,0.00241578649729
48368,0.0170836672187
48370,0.00266079371795
48371,0.00162419991102
48373,0.00863113161176
48374,0.0270100850612
48376,0.00483965780586
48383,0.00299389753491
48385,0.0144243314862
48387,0.121294483542
48388,0.00179970578756
48389,0.181907817721
48390,0.0239544920623
48392,0.00300360610709
48395,0.0308092050254
48397,0.0152279986069
48399,0.00540441321209
48400,0.00854517053813
48402,0.154868483543
48403,0.00198905449361
48404,0.0142636932433
48405,0.156160280108
48408,0.0023709430825
48410,0.109879329801
48411,0.0797252357006
48417,0.0097308466211
48418,0.0327610783279
48419,0.0101398313418
48420,0.0046178936027
48422,0.00538638373837
48423,0.032158151269
48424,0.158305376768
48427,0.00172343989834
48428,0.0025875326246
48431,0.002529629739
48433,0.0100112073123
48434,0.0100419437513
48435,0.0244647935033
48437,0.0104568228126
48438,0.00146773539018
48440,0.0365459732711
48441,0.0365609489381
48443,0.0119708403945
48445,0.135435417295
48446,0.0641836225986
48449,0.00718084769323
48451,0.109343938529
48452,0.014295459725
48454,0.130226060748
48455,0.00989557337016
48459,0.0129423597828
48460,0.00322833145037
48463,0.0236728843302
48465,0.019082095474
48466,0.137572973967
48469,0.00337503058836
48470,0.00299462070689
48471,0.0136305578053
48473,0.125469908118
48474,0.063953615725
48475,0.0249601081014
48477,0.0641849040985
48479,0.00699514849111
48481,0.00283280038275
48482,0.0817542746663
48483,0.00259961583652
48484,0.0876537337899
48486,0.00993159320205
48490,0.0165611281991
48491,0.00578258186579
48492,0.00446831202134
48495,0.00459623010829
48496,0.0141994468868
48498,0.0106852967292
48499,0.233871147037
48500,0.153339460492
48501,0.00488005625084
48502,0.0491426102817
48504,0.0135845076293
48506,0.00448651658371
48509,0.0287702474743
48513,0.00806417316198
48515,0.0135580860078
48516,0.0522204712033
48518,0.00920306798071
48521,0.0284949205816
48526,0.0108929118142
48527,0.0929605215788
48528,0.00601270282641
48532,0.0238667577505
48534,0.0289875492454
48536,0.010770490393
48538,0.0118000805378
48539,0.0412313826382
48540,0.00387623207644
48541,0.00681673269719
48542,0.229039043188
48544,0.093768954277
48545,0.00318392110057
48549,0.0544440411031
48550,0.0321905873716
48551,0.0110403299332
48552,0.00819191057235
48553,0.00508619332686
48554,0.00259476527572
48559,0.0331498421729
48560,0.00285577354953
48561,0.159538075328
48562,0.004760756623
48564,0.0360666327178
48566,0.00376111967489
48568,0.00258779968135
48570,0.0103899324313
48573,0.00759073579684
48574,0.0130195459351
48576,0.112330824137
48577,0.00972168426961
48579,0.00713547831401
48580,0.0318137928843
48581,0.00863540917635
48584,0.0370120219886
48586,0.00674078334123
48588,0.112752899528
48591,0.00486863683909
48592,0.0236445069313
48593,0.00799134653062
48594,0.00764517579228
48595,0.0993629917502
48597,0.00241229101084
48600,0.00235337181948
48601,0.00910785607994
48603,0.077047072351
48604,0.0591833889484
48605,0.0220985990018
48606,0.00482340250164
48607,0.0405773855746
48610,0.0526104681194
48611,0.0165611281991
48612,0.00206921622157
48617,0.00185253215022
48621,0.0147027364001
48622,0.276570916176
48625,0.0144760701805
48632,0.0347878560424
48635,0.00701106479391
48636,0.0116766542196
48638,0.0740333497524
48640,0.0314552672207
48642,0.0082617783919
48652,0.0438269488513
48653,0.0140225812793
48655,0.165693312883
48657,0.0250637754798
48658,0.01915833354
48660,0.0089293634519
48662,0.0385775193572
48663,0.247528001666
48664,0.00196891184896
48667,0.00493196072057
48669,0.0165112037212
48673,0.0221300162375
48674,0.0022007455118
48677,0.00760128954425
48678,0.00229615787975
48681,0.0292178317904
48683,0.0017356639728
48684,0.00192517461255
48685,0.0183034129441
48689,0.0301066227257
48690,0.0211386214942
48691,0.0087829483673
48694,0.0159421917051
48695,0.0154300779104
48696,0.00314173381776
48697,0.0342667400837
48698,0.0151045378298
48701,0.0401910766959
48705,0.0192218814045
48707,0.0386121980846
48708,0.00764745520428
48709,0.0275821927935
48711,0.00424245744944
48714,0.00837156176567
48715,0.0280325394124
48716,0.0147407073528
48717,0.0151013880968
48718,0.016368618235
48722,0.0589772053063
48723,0.0359988920391
48726,0.00215219822712
48729,0.031662363559
48731,0.00924761034548
48734,0.00553610688075
48735,0.0152928568423
48736,0.00807959400117
48737,0.0023965141736
48739,0.0809325948358
48740,0.00386637402698
48741,0.00268446072005
48745,0.00254747387953
48747,0.228212311864
48748,0.0325312167406
48750,0.0900464057922
48751,0.0478187948465
48752,0.00529379118234
48753,0.00299390172586
48754,0.0079554701224
48755,0.157793745399
48757,0.00799460243434
48760,0.00354277598672
48761,0.0640492364764
48763,0.0483473241329
48764,0.0177415926009
48766,0.029117949307
48771,0.00146330916323
48774,0.0567158609629
48775,0.00338367861696
48778,0.0175545420498
48779,0.00994960404932
48780,0.00394048914313
48781,0.0160984843969
48782,0.00874097459018
48783,0.0321249887347
48784,0.0212732888758
48786,0.00185325869825
48787,0.0314124263823
48789,0.0261253938079
48790,0.0296608675271
48791,0.00149362918455
48792,0.0205327495933
48794,0.00245550530963
48796,0.0027947712224
48798,0.00958037935197
48800,0.0106942476705
48801,0.0325166918337
48802,0.00290829688311
48803,0.00263173924759
48804,0.00524008413777
48806,0.0357107035816
48809,0.00887881312519
48810,0.00601788330823
48811,0.00582039309666
48813,0.00210709148087
48815,0.0117222173139
48816,0.0115807140246
48817,0.0167566724122
48818,0.0107440175489
48819,0.0164652094245
48821,0.0152970440686
48822,0.0697135850787
48824,0.00368051580153
48825,0.0272001698613
48826,0.0438302196562
48827,0.0272708535194
48828,0.0459367521107
48830,0.0254055634141
48833,0.123827956617
48835,0.0236300341785
48836,0.0131748756394
48837,0.00277077453211
48838,0.0360880382359
48839,0.146731123328
48841,0.0735366344452
48847,0.0138197327033
48850,0.195498988032
48851,0.00282884854823
48857,0.0178329795599
48859,0.00558378128335
48864,0.0152258407325
48865,0.255568057299
48868,0.0101926028728
48870,0.00925606396049
48877,0.00323540810496
48878,0.00288626365364
48879,0.0572724081576
48880,0.00613458780572
48881,0.00436229072511
48886,0.014428012073
48887,0.0214816331863
48888,0.0807596594095
48890,0.0610165074468
48894,0.158768460155
48895,0.00389576633461
48896,0.0500079393387
48897,0.0305330716074
48899,0.0196028240025
48900,0.0192084461451
48902,0.0196028240025
48903,0.141497537494
48904,0.0011348525295
48905,0.00227768276818
48910,0.003313961206
48911,0.0123273599893
48912,0.0308744832873
48913,0.022022370249
48915,0.0108109042048
48916,0.0445048511028
48920,0.00200429442339
48924,0.0331085398793
48926,0.00197980832309
48929,0.028973672539
48931,0.0268152896315
48934,0.00839054770768
48935,0.0198676027358
48937,0.24846188724
48939,0.0209948923439
48942,0.0042566661723
48943,0.0107081141323
48944,0.004616944585
48947,0.0385871492326
48948,0.00228451332077
48950,0.00756250368431
48957,0.00448427908123
48958,0.00516948895529
48959,0.00987011101097
48960,0.0316598936915
48962,0.0624964609742
48964,0.0967919677496
48966,0.00619447231293
48967,0.0378329232335
48969,0.212880223989
48970,0.035376265645
48971,0.0289175547659
48972,0.0603904612362
48979,0.00590254552662
48980,0.00313304527663
48983,0.00995076447725
48985,0.0391533598304
48988,0.0221291221678
48992,0.0184068381786
48997,0.0131697189063
49000,0.00342398090288
49003,0.0199900697917
49008,0.0219916719943
49012,0.00258298194967
49013,0.0149907758459
49014,0.0537166632712
49015,0.0230101067573
49018,0.0125685874373
49019,0.220954030752
49020,0.00376598793082
49023,0.00181991711725
49025,0.00272917933762
49027,0.00218523945659
49028,0.0110039971769
49030,0.00912945438176
49031,0.0632599145174
49032,0.0197939556092
49033,0.00267525576055
49034,0.295658677816
49037,0.00140744762029
49039,0.2235866189
49042,0.0362202450633
49043,0.00245339307003
49044,0.0154949761927
49048,0.0196028240025
49049,0.0273407381028
49050,0.00799708347768
49052,0.00561734568328
49054,0.00130887737032
49058,0.0124012744054
49060,0.00258314772509
49063,0.00847352854908
49064,0.0104030650109
49067,0.0258719790727
49068,0.0140694929287
49069,0.0184694286436
49071,0.036988671869
49072,0.0208363365382
49077,0.0190878622234
49078,0.0184339787811
49079,0.0104617876932
49081,0.0579596757889
49083,0.209341734648
49084,0.0119528118521
49085,0.01336636208
49086,0.177686169744
49090,0.00932539161295
49091,0.00259189517237
49092,0.0134836360812
49094,0.00253501371481
49095,0.0908132717013
49100,0.0139555595815
49103,0.0149393230677
49105,0.0776734575629
49106,0.409889012575
49107,0.00241441163234
49110,0.00319020915776
49112,0.0145446052775
49113,0.0194218046963
49114,0.00255853077397
49116,0.0407719537616
49118,0.00144760787953
49120,0.00215747742914
49121,0.150433465838
49123,0.00857458263636
49125,0.222873941064
49128,0.00608753412962
49129,0.0056627644226
49130,0.0039182016626
49131,0.049824398011
49132,0.0340994298458
49134,0.014314844273
49139,0.0015101035824
49142,0.180243894458
49143,0.00796967092901
49144,0.0163046717644
49147,0.0305946543813
49148,0.0195671301335
49150,0.009695767425
49151,0.0139884650707
49152,0.152668327093
49160,0.0292167309672
49161,0.0328680835664
49162,0.00210402067751
49163,0.00721944356337
49165,0.129806265235
49170,0.0231809932739
49173,0.0024650557898
49175,0.00293539394625
49179,0.00716055743396
49184,0.0506847240031
49188,0.00886542815715
49189,0.0088949194178
49194,0.0109991207719
49196,0.0910137295723
49198,0.0663120523095
49200,0.0938230156898
49201,0.00206404156052
49203,0.0098925512284
49204,0.00552561320364
49205,0.00250492361374
49208,0.0329688861966
49209,0.00852385535836
49210,0.00869708694518
49211,0.00899602007121
49212,0.00371894449927
49215,0.0272835865617
49216,0.129999130964
49217,0.037888020277
49218,0.0145482011139
49219,0.0123965106905
49220,0.020324125886
49221,0.155851975083
49222,0.0316680558026
49226,0.0028451923281
49227,0.0282391048968
49229,0.132713586092
49230,0.0562184043229
49231,0.0501016043127
49233,0.00927308946848
49234,0.00442721135914
49238,0.0646082609892
49239,0.00131210195832
49240,0.0995806157589
49242,0.180243894458
49244,0.0309482943267
49246,0.015699243173
49248,0.0182376094162
49253,0.00987011101097
49254,0.154392138124
49259,0.00705424603075
49260,0.0141994468868
49261,0.030155999586
49265,0.0296434499323
49268,0.00201198621653
49269,0.0372567102313
49270,0.00447579519823
49272,0.00310473889112
49275,0.220701634884
49276,0.0206848662347
49279,0.00130634114612
49280,0.0086103156209
49281,0.0500916279852
49282,0.034864846617
49283,0.0198759436607
49284,0.0248635299504
49287,0.0166302490979
49290,0.00349008617923
49291,0.00895577203482
49292,0.00669973995537
49295,0.00721944356337
49297,0.00210426794365
49298,0.0198759436607
49299,0.101547151804
49300,0.0568619817495
49301,0.183077335358
49303,0.0196526665241
49304,0.0507945604622
49305,0.0109329493716
49306,0.0421367585659
49307,0.0131336813793
49310,0.198812589049
49313,0.214788943529
49317,0.0325545631349
49318,0.236603781581
49319,0.0111121311784
49323,0.00210865400732
49327,0.0262646842748
49332,0.00546188792214
49334,0.00732700480148
49337,0.0028640832752
49338,0.00404202425852
49339,0.00797362998128
49340,0.0325166918337
49341,0.0220985990018
49342,0.00238652457483
49344,0.00961668416858
49348,0.0341731384397
49350,0.0203760527074
49352,0.0250732321292
49353,0.0298607461154
49354,0.008291288279
49355,0.0998843610287
49356,0.0196549575776
49358,0.00161049759481
49359,0.0909919142723
49362,0.0220468062907
49363,0.0619043074548
49364,0.104128576815
49368,0.0132501255721
49369,0.0138335106894
49372,0.0489029362798
49376,0.00445149140432
49377,0.013058481738
49378,0.0257051549852
49382,0.042249366641
49385,0.136720016599
49386,0.0029468042776
49389,0.0334821939468
49390,0.0242135860026
49391,0.00118011783343
49394,0.0352935269475
49396,0.0235280413181
49397,0.00243156845681
49398,0.00296776299365
49400,0.00863509066403
49401,0.260330438614
49403,0.00338502647355
49404,0.436661303043
49409,0.154868483543
49411,0.162858620286
49412,0.00230518775061
49414,0.0341115556657
49415,0.142995595932
49417,0.0196526665241
49419,0.0143241733313
49421,0.0483473241329
49422,0.0245793331414
49423,0.130264922976
49424,0.00479059526697
49425,0.00261706998572
49429,0.0205999277532
49430,0.235649988055
49431,0.0160973612219
49432,0.0224031545222
49435,0.0361369624734
49436,0.00184396130498
49438,0.00257057207637
49441,0.00137480569538
49442,0.0547156073153
49443,0.0220567155629
49446,0.008678865619
49447,0.0150172589347
49451,0.00302608101629
49452,0.00908472854644
49456,0.0232796464115
49457,0.0289685148746
49458,0.00298913475126
49460,0.012055573985
49461,0.0100174145773
49462,0.0254055634141
49465,0.0124012744054
49468,0.0110456366092
49472,0.00366756063886
49475,0.0166371967643
49476,0.00776830594987
49477,0.00587098766118
49478,0.00903735309839
49480,0.0117655443028
49481,0.0227602254599
49483,0.0407153517008
49484,0.00286739179865
49486,0.0300347954035
49487,0.109745651484
49488,0.047851793468
49489,0.00558181433007
49490,0.0015519077424
49491,0.183093830943
49496,0.0162770338356
49497,0.00625700363889
49499,0.109243735671
49500,0.00349809392355
49501,0.0386705100536
49504,0.0323924608529
49505,0.00360865239054
49506,0.0318670943379
49508,0.177940398455
49511,0.189919292927
49513,0.00787050463259
49514,0.00686051556841
49515,0.00206169462763
49516,0.0327316746116
49519,0.0120175424963
49520,0.0273270085454
49522,0.0150504661724
49523,0.0164404865354
49524,0.0037227733992
49525,0.112491883337
49526,0.190922737122
49529,0.0135479876772
49532,0.106312982738
49533,0.00281072920188
49534,0.0314005948603
49541,0.00882928445935
49543,0.0389788039029
49544,0.00138797599357
49545,0.103733345866
49546,0.259580165148
49550,0.0239381976426
49551,0.146135479212
49554,0.00559178320691
49558,0.00150285498239
49561,0.0230715498328
49562,0.0267998892814
49563,0.0318670943379
49564,0.00385135691613
49566,0.00398932304233
49567,0.0145674841478
49568,0.0551730915904
49571,0.00635822676122
49575,0.0323743484914
49576,0.00612332392484
49578,0.0407341942191
49579,0.00240360293537
49581,0.0352093540132
49582,0.00958895683289
49583,0.0261199884117
49586,0.00332963559777
49588,0.157562687993
49589,0.119189150631
49590,0.0179829932749
49591,0.0408403910697
49592,0.00525253685191
49596,0.0384344868362
49599,0.0624964609742
49605,0.269934564829
49606,0.0362025499344
49607,0.0685745030642
49608,0.0262646842748
49609,0.00133696803823
49610,0.0142994243652
49611,0.00251780985855
49613,0.0109389005229
49614,0.0103596420959
49615,0.00236889906228
49620,0.104299046099
49623,0.057274453342
49624,0.00221277563833
49625,0.183093830943
49628,0.00136953417677
49631,0.00793796405196
49635,0.00948811508715
49637,0.197359874845
49638,0.00815413892269
49645,0.0422202385962
49646,0.00622424995527
49647,0.0585679523647
49648,0.0042029521428
49649,0.0403821207583
49650,0.178410246968
49652,0.00279424642213
49653,0.0149271665141
49656,0.00333896116354
49662,0.0268152896315
49663,0.023872628808
49664,0.00489890901372
49666,0.00708044692874
49670,0.00732625974342
49674,0.190879195929
49675,0.00164902047254
49676,0.0304047241807
49681,0.0256414152682
49682,0.0216637998819
49684,0.0184750370681
49686,0.0446874350309
49689,0.00242398004048
49690,0.0628823041916
49692,0.0248558092862
49694,0.00877469126135
49695,0.0196526665241
49697,0.115283340216
49699,0.0574980340898
49700,0.00984644796699
49702,0.0270631890744
49703,0.00810663402081
49704,0.00271573057398
49705,0.0606492049992
49706,0.0203315895051
49707,0.00889001972973
49709,0.0502115450799
49710,0.0385871492326
49711,0.0364562608302
49714,0.0505252666771
49717,0.00921933446079
49718,0.0789598301053
49719,0.00905012711883
49720,0.0117327738553
49725,0.013330489397
49727,0.0141994468868
49728,0.00516142975539
49729,0.0880592092872
49730,0.176368325949
49731,0.0223195664585
49732,0.0038424488157
49734,0.00256670080125
49736,0.131982773542
49737,0.00603154394776
49738,0.116541035473
49739,0.0124012744054
49740,0.0396402291954
49745,0.016087166965
49746,0.00488850846887
49747,0.00244347983971
49748,0.00616359477863
49749,0.0143307382241
49752,0.0212178602815
49755,0.239110812545
49756,0.0113430954516
49757,0.0268890485168
49759,0.00469490140676
49760,0.00977605395019
49762,0.00860957149416
49764,0.0325674265623
49768,0.00469405064359
49769,0.00244866427965
49770,0.0156539622694
49771,0.0372371450067
49772,0.00629151519388
49773,0.0135528445244
49774,0.00386638729833
49775,0.00242085754871
49776,0.00291184452362
49777,0.00264380080625
49782,0.00191459199414
49783,0.0111217452213
49784,0.00260056555271
49785,0.0147310839966
49790,0.00250391103327
49791,0.18319439888
49792,0.0242706146091
49793,0.208290830255
49794,0.105900980532
49795,0.00225268839858
49797,0.158237010241
49799,0.0216572973877
49800,0.0126239089295
49809,0.0253633316606
49812,0.0532764270902
49816,0.00136316707358
49818,0.0120688881725
49820,0.0207663327456
49821,0.0837174504995
49825,0.0859501734376
49826,0.0119055435061
49829,0.0148320179433
49830,0.0187445748597
49831,0.0109587190673
49832,0.0292178317904
49836,0.00512865325436
49837,0.204878792167
49838,0.0451267547905
49840,0.00702898064628
49844,0.0014034936903
49849,0.0519555471838
49850,0.0023965141736
49852,0.0306360274553
49854,0.122095637023
49856,0.0354412160814
49857,0.0024975782726
49859,0.0674757882953
49863,0.0653963685036
49864,0.0325312167406
49867,0.0124012744054
49869,0.0196526665241
49874,0.0109577216208
49875,0.0221371501684
49876,0.0441326834261
49877,0.020559495315
49879,0.00118708319496
49881,0.0291644223034
49883,0.0120471259579
49884,0.0233120266348
49885,0.0127111300826
49887,0.101807191968
49890,0.00815185252577
49891,0.0223788749427
49894,0.00206359173171
49896,0.0779535099864
49897,0.00468666665256
49898,0.183093830943
49899,0.0241463202983
49902,0.178152903914
49903,0.0476232208312
49906,0.00187997019384
49907,0.0020586848259
49909,0.00469365390018
49914,0.0330327115953
49919,0.181374803185
49920,0.0153328394517
49925,0.0211600586772
49926,0.00293624121696
49928,0.0189205463976
49929,0.0180308651179
49930,0.0109550245106
49932,0.0147166261449
49933,0.003783400869
49937,0.0264576058835
49938,0.0492987819016
49941,0.00212001544423
49942,0.0338589064777
49943,0.20438683033
49944,0.122723862529
49950,0.0592776425183
49951,0.0782310217619
49952,0.00214247731492
49953,0.0182816740125
49955,0.0104330331087
49958,0.00240207812749
49959,0.0163810290396
49961,0.0197641458362
49962,0.00192217621952
49966,0.041895262897
49967,0.00263305730186
49971,0.0393830910325
49972,0.0565427318215
49973,0.195096343756
49974,0.0141994468868
49977,0.00229817652144
49980,0.0373374596238
49981,0.0144438333809
49982,0.0526307448745
49983,0.00254503358155
49987,0.0610786341131
49992,0.0235219355673
49993,0.0137778725475
49995,0.00350828957744
49997,0.0132648665458
49999,0.00776714505628
50000,0.00562537647784
50002,0.0261270236224
50004,0.0356362052262
50005,0.00350001594052
50006,0.00883188936859
50007,0.0196376312524
50008,0.0106985159218
50010,0.0163585785776
50012,0.0430060178041
50017,0.00456232670695
50022,0.0419318564236
50025,0.0205814074725
50027,0.0121651319787
50030,0.00597612187266
50031,0.00386957474984
50032,0.0163353607059
50033,0.0029396507889
50034,0.00191700819414
50035,0.0106426151469
50036,0.00125270546414
50038,0.00471885548905
50039,0.0837895348668
50041,0.0155166303739
50042,0.298518955708
50043,0.149104356766
50045,0.00269068405032
50046,0.0228776279837
50047,0.0139638623223
50049,0.00215924484655
50051,0.0499217733741
50053,0.0255321282893
50055,0.0115297585726
50057,0.002868125448
50060,0.0141994468868
50061,0.00973656866699
50062,0.00520058814436
50064,0.0048291971907
50067,0.207907512784
50069,0.00565604818985
50073,0.0150130633265
50074,0.00197488581762
50075,0.0635187625885
50076,0.00975304655731
50077,0.054296400398
50078,0.0193035081029
50079,0.00931372493505
50081,0.0247100051492
50082,0.00131678034086
50084,0.00778908794746
50088,0.00943103153259
50092,0.0200886111706
50093,0.0317841917276
50097,0.00608972460032
50099,0.0153676075861
50102,0.0399656444788
50104,0.0756229460239
50107,0.0409752503037
50109,0.206113800406
50112,0.0307153761387
50115,0.00860957149416
50116,0.11079531163
50119,0.00253231776878
50120,0.0189378578216
50121,0.0372371450067
50123,0.00243156845681
50124,0.00206058821641
50126,0.0567158609629
50127,0.00263586384244
50128,0.0269922520965
50130,0.00647186115384
50132,0.0689494088292
50133,0.219336524606
50134,0.0465557947755
50136,0.027678957209
50138,0.00948811508715
50140,0.0307153761387
50142,0.00933595281094
50144,0.00499702803791
50146,0.00394135387614
50147,0.0318670943379
50152,0.0631482005119
50154,0.0235219355673
50155,0.195958852768
50158,0.033302359283
50164,0.00504616089165
50165,0.0186543893069
50168,0.0223899781704
50171,0.046504419297
50172,0.377787619829
50175,0.0125980451703
50180,0.0074150771834
50181,0.00621371204033
50182,0.00643334584311
50183,0.0211873576045
50184,0.00432988395914
50187,0.00626067863777
50189,0.00336741399951
50190,0.0153383696452
50191,0.016516989097
50192,0.180871874094
50193,0.00672074127942
50196,0.152135893703
50199,0.00180290720891
50202,0.00595631217584
50204,0.0130266807973
50205,0.00286201271228
50206,0.00348728639074
50208,0.0171572063118
50209,0.0215421169996
50210,0.0664479136467
50212,0.0873274430633
50213,0.00508871302009
50215,0.0133447907865
50219,0.0370120219886
50220,0.0801437273622
50221,0.00973656866699
50222,0.0238280631602
50223,0.00178242789116
50226,0.00881841592491
50229,0.00246389769018
50230,0.0219613593072
50234,0.0625742897391
50235,0.00693877274171
50236,0.0925150737166
50239,0.00432148436084
50241,0.184308931231
50242,0.0118151912466
50243,0.0198112074286
50244,0.00584557512775
50245,0.116230845451
50246,0.0316503793001
50247,0.224632799625
50250,0.0166813097894
50253,0.0286324638873
50254,0.0740649625659
50255,0.205377459526
50257,0.0127695826814
50258,0.00763100013137
50261,0.016300490126
50264,0.0127951195464
50265,0.00811142008752
50266,0.00738071044907
50269,0.108766637743
50271,0.0153493694961
50272,0.0255321282893
50275,0.00135975820012
50278,0.0535355582833
50280,0.0115586668253
50284,0.00272741727531
50286,0.0214157607406
50287,0.06323094666
50289,0.00440688617527
50290,0.0225265119225
50296,0.00788931176066
50297,0.00152627401985
50300,0.0756928473711
50301,0.0912177711725
50304,0.00891155190766
50305,0.0116323251277
50306,0.00250108516775
50307,0.00478343013674
50308,0.0283626746386
50309,0.0432598814368
50312,0.00403364608064
50313,0.0145207643509
50316,0.0283352416009
50317,0.0375875011086
50319,0.0252062268555
50322,0.0294179432094
50326,0.0543044582009
50328,0.0157547798008
50329,0.0326258577406
50330,0.0378433205187
50331,0.00780147733167
50333,0.303867131472
50339,0.00424613710493
50340,0.0141994468868
50343,0.0102944495156
50345,0.165943160653
50347,0.0304176937789
50348,0.00261707603931
50350,0.0784426406026
50351,0.0172946080565
50357,0.00441409321502
50362,0.0382396243513
50365,0.00196371832862
50367,0.00258553121239
50368,0.0223185680807
50369,0.0652841329575
50373,0.00641076033935
50374,0.00298091489822
50375,0.014049815014
50377,0.0153719941154
50378,0.0218530874699
50379,0.0830386653543
50381,0.00547395600006
50382,0.0149447275326
50383,0.032431922853
50384,0.00931372493505
50386,0.00435315910727
50387,0.0141450567171
50391,0.00699009606615
50393,0.0062010246329
50394,0.00129405129701
50395,0.041786249727
50396,0.0218594223261
50397,0.0777430534363
50398,0.00637256819755
50400,0.0561959929764
50402,0.00922292470932
50404,0.00284493272193
50405,0.0196028240025
50407,0.0178929120302
50408,0.0169970728457
50411,0.00244189146906
50414,0.00858792569488
50416,0.00228826375678
50417,0.203772425652
50418,0.032120320946
50421,0.0821380987763
50422,0.00429016910493
50423,0.0629706978798
50424,0.0162337683141
50430,0.00199051364325
50431,0.0111757908016
50432,0.0878074914217
50433,0.0124719692394
50435,0.00396656291559
50436,0.00825351849198
50437,0.00926131661981
50439,0.0179900545627
50443,0.057772051543
50446,0.184308931231
50449,0.157422751188
50454,0.0100604100153
50459,0.147519737482
50463,0.0899975597858
50465,0.00406271824613
50469,0.00258204597048
50470,0.197359874845
50471,0.0365129448473
50472,0.00319737754762
50473,0.248554617167
50475,0.00214115250856
50476,0.0242667980492
50478,0.00764360558242
50480,0.00546517316252
50483,0.11017947644
50486,0.00200119800866
50487,0.00817073881626
50488,0.00233562267385
50489,0.0167877487838
50491,0.0352430380881
50494,0.00676991790533
50498,0.00515997083858
50500,0.0653004422784
50502,0.00376455881633
50503,0.00557299191132
50504,0.00248613604344
50505,0.125231042504
50507,0.0121892066672
50509,0.0284949205816
50512,0.0182912256569
50515,0.00154656381346
50516,0.00798561051488
50518,0.00468930741772
50519,0.0380164012313
50525,0.0124935759231
50526,0.00633809901774
50527,0.00948811508715
50528,0.00167488644365
50532,0.0125408982858
50535,0.0175568275154
50536,0.0853716656566
50537,0.228212311864
50538,0.0606492049992
50539,0.0172622781247
50540,0.0125980451703
50541,0.0281332638115
50542,0.00251631089486
50544,0.0154300779104
50546,0.0518542788923
50549,0.021519869566
50551,0.00969249010086
50553,0.0190733727068
50554,0.0149946277961
50555,0.002080317121
50568,0.105636380613
50569,0.0223178248852
50571,0.0181747321039
50575,0.00245980033651
50579,0.00121744803619
50581,0.0143098793924
50583,0.0385396741331
50586,0.0168823227286
50590,0.100819587708
50593,0.00232805591077
50594,0.0128516610712
50596,0.00195198669098
50598,0.0420194864273
50599,0.0146150104702
50602,0.00671406975016
50603,0.0186249259859
50607,0.00753109296784
50608,0.0179037991911
50609,0.0141759244725
50610,0.0166278686374
50612,0.0194060634822
50614,0.00244170567021
50615,0.0203733686358
50617,0.101497396827
50621,0.00356884859502
50622,0.00914840586483
50623,0.0146640958264
50625,0.00244658393785
50626,0.0862251967192
50628,0.0407172888517
50634,0.00727045536041
50636,0.0202115867287
50637,0.0480069071054
50638,0.00336144235916
50640,0.018918896094
50641,0.00142350338865
50642,0.0261237602681
50644,0.0280579291284
50645,0.00201150868088
50647,0.0196028240025
50649,0.00401707552373
50651,0.0154246669263
50652,0.0023694219999
50655,0.00447148643434
50657,0.0221090409905
50658,0.0172671731561
50662,0.0217416230589
50663,0.050577044487
50665,0.0111916577443
50666,0.0196028240025
50668,0.00315624219365
50671,0.235649988055
50672,0.0720144286752
50674,0.00862339977175
50676,0.00327953347005
50678,0.0320855826139
50681,0.0784417018294
50684,0.0128800524399
50687,0.00135451962706
50689,0.158768460155
50692,0.0117176063359
50696,0.00269569666125
50697,0.0185478311032
50699,0.0155396414921
50700,0.0182641167194
50702,0.101438894868
50705,0.0130221135914
50706,0.00894543435425
50708,0.190106078982
50709,0.0223527364433
50710,0.00474414601922
50711,0.026142982766
50712,0.0315420031548
50713,0.0196028240025
50717,0.160464182496
50718,0.00580156687647
50725,0.13289038837
50726,0.0154300779104
50727,0.0336787775159
50728,0.0228993762285
50729,0.133884772658
50730,0.00418414082378
50733,0.014629391022
50734,0.00679391715676
50739,0.00678391195834
50743,0.00959521252662
50745,0.0234047956765
50747,0.00134697800968
50748,0.00819192267954
50750,0.0152691425756
50753,0.00230746762827
50756,0.0032397643663
50757,0.00380508904345
50758,0.102683693171
50760,0.0128115732223
50763,0.158611759543
50765,0.0416852459311
50769,0.0202425718307
50774,0.0137715376914
50776,0.0255321282893
50778,0.0185478311032
50782,0.0312429014593
50785,0.00345629290678
50787,0.00641565583646
50788,0.00319756288081
50789,0.00440134154633
50790,0.0319472104311
50791,0.00465846527368
50794,0.180871874094
50795,0.0166336093098
50797,0.011156979017
50798,0.00215268880129
50800,0.00410501193255
50801,0.00263951299712
50802,0.135999768972
50803,0.177686169744
50804,0.0125964200124
50809,0.0607121624053
50810,0.00227177282795
50811,0.00785795971751
50814,0.00340396282263
50817,0.12871183455
50819,0.00227894238196
50822,0.0852000638843
50826,0.0255088079721
50828,0.015158964321
50831,0.00665930379182
50834,0.0015698763309
50835,0.00278716301546
50841,0.0471174418926
50842,0.0168863907456
50844,0.00292297033593
50846,0.0074574733153
50849,0.12386354059
50851,0.172592580318
50852,0.0112338354811
50853,0.0177451334894
50860,0.017388002947
50861,0.0759158954024
50862,0.0160706620663
50864,0.00513669336215
50865,0.00289951614104
50866,0.124272555113
50867,0.105007000268
50868,0.00464631384239
50869,0.184914156795
50875,0.00239402707666
50876,0.037713855505
50877,0.00540463859215
50878,0.129806265235
50880,0.00252046971582
50887,0.0701184645295
50888,0.263755261898
50894,0.0152572449297
50896,0.0134695107117
50898,0.0259626265615
50900,0.0266618169844
50901,0.0326774269342
50902,0.0114801283926
50904,0.0274775251746
50908,0.00873028486967
50909,0.030155999586
50912,0.132976710796
50913,0.16748611629
50914,0.00990134011954
50915,0.00245410413481
50918,0.00778021663427
50919,0.00687452265993
50920,0.0118758566678
50921,0.0087005160749
50922,0.0720852166414
50923,0.00712390011176
50924,0.0179120097309
50925,0.0233747754246
50926,0.00986035354435
50929,0.251993000507
50930,0.0539968535304
50932,0.0755370631814
50933,0.00721944356337
50934,0.0327541083097
50936,0.009695767425
50938,0.217299133539
50940,0.0248274616897
50941,0.0564450956881
50942,0.00605404935777
50943,0.00171588512603
50944,0.0221371501684
50949,0.0129087604582
50950,0.201362207532
50952,0.0168691668659
50953,0.0217648651451
50955,0.00589338690042
50956,0.0256780069321
50957,0.0745504945517
50959,0.159327596426
50962,0.00274399504997
50963,0.0385871492326
50964,0.00769745651633
50965,0.00260726548731
50969,0.0244784578681
50973,0.00186815636698
50975,0.0130717372522
50980,0.0240414664149
50981,0.00841566640884
50985,0.00663337577134
50986,0.0196526665241
50992,0.00256856414489
50993,0.0196526665241
50994,0.0388844311237
50996,0.00548449996859
50997,0.0225767977536
50998,0.0109971966594
51002,0.0332779586315
51003,0.0328827127814
51005,0.026196854189
51006,0.0161025356501
51007,0.0175296664238
51009,0.0538000352681
51010,0.00212763505988
51011,0.00421513384208
51012,0.00887395907193
51017,0.00269083748572
51025,0.0260018277913
51027,0.00243156845681
51028,0.0250457506627
51030,0.00256167119369
51033,0.0340869314969
51034,0.0384541749954
51037,0.0152858346701
51040,0.00804172642529
51044,0.0139229260385
51045,0.0130292680115
51047,0.0052340105176
51048,0.0123839946464
51049,0.0834392607212
51056,0.00147163856309
51060,0.00266023329459
51061,0.0876059830189
51066,0.0172531399876
51067,0.0445822067559
51069,0.00307650305331
51070,0.0566023103893
51078,0.0176885202527
51080,0.00565261626616
51085,0.0280512552708
51086,0.00497347442433
51088,0.0318670943379
51089,0.00281414715573
51091,0.0220985990018
51092,0.00326066859998
51096,0.0157884657383
51098,0.0417387261987
51099,0.00242135021836
51100,0.106341347098
51101,0.0282542854548
51102,0.00415888149291
51103,0.0196028240025
51107,0.00346815329976
51108,0.166994839907
51110,0.0543341971934
51111,0.00210002274252
51112,0.0439187698066
51115,0.038453347981
51116,0.0107400501147
51117,0.00948811508715
51118,0.0118267880753
51119,0.0141994468868
51120,0.0268493629992
51121,0.0012791051995
51123,0.0108321681619
51126,0.0198759436607
51127,0.00622522085905
51128,0.0717518627644
51129,0.009112986736
51130,0.0755693688989
51132,0.0309563558549
51136,0.0210699401796
51137,0.140560105443
51139,0.00342802028172
51140,0.030155999586
51141,0.0126157384366
51142,0.00296307960525
51146,0.0233373586088
51147,0.0135528445244
51148,0.0186531506479
51149,0.0440984889865
51150,0.048382923007
51151,0.0164186954498
51155,0.00483471387997
51156,0.00200542784296
51157,0.0032638607081
51158,0.00329847726971
51160,0.0107301147655
51161,0.0464783348143
51162,0.019077187404
51165,0.0163406413049
51168,0.0061027398333
51169,0.0023965141736
51170,0.00891659874469
51173,0.00166635378264
51174,0.0202055945992
51179,0.0856867879629
51182,0.131724238396
51186,0.00342443166301
51188,0.030773088336
51189,0.0855858400464
51191,0.13001742959
51193,0.0197932198644
51194,0.0289511848241
51197,0.152090385556
51205,0.00555524090305
51206,0.0158662628382
51207,0.193173915148
51210,0.0562184043229
51212,0.0087816696614
51215,0.00206900457852
51216,0.00992983020842
51217,0.0505576059222
51219,0.00165290245786
51221,0.080516345799
51226,0.175587072968
51227,0.067788168788
51228,0.176811531186
51229,0.158583581448
51231,0.033318888396
51232,0.00440241768956
51233,0.0391633324325
51236,0.0116711417213
51238,0.0547628067434
51239,0.0459483414888
51240,0.146041467786
51243,0.0196028240025
51245,0.0708818882704
51247,0.00756250368431
51248,0.0287467371672
51249,0.00821414403617
51252,0.00245460961014
51254,0.0015131306136
51255,0.00802080985159
51256,0.0226887576282
51258,0.00455457437783
51259,0.00464393058792
51260,0.0277923047543
51261,0.00971564464271
51264,0.0144243314862
51265,0.00203044875525
51267,0.09984523803
51268,0.0373501628637
51270,0.00948197767138
51271,0.0198257546872
51274,0.082125261426
51276,0.0290913581848
51277,0.0266717001796
51279,0.162499397993
51280,0.0192122105509
51281,0.179096341133
51282,0.00879087578505
51283,0.00594686437398
51284,0.0124263893813
51288,0.177686169744
51290,0.0604977831244
51291,0.0187769476324
51294,0.00264711608179
51296,0.0312647633255
51297,0.0128160491586
51298,0.0247645806521
51300,0.100564114749
51301,0.106341347098
51302,0.00805632676929
51304,0.00948811508715
51306,0.00720983557403
51310,0.0608273558319
51311,0.00308877136558
51312,0.00239814375527
51313,0.033828984946
51316,0.00299101392739
51321,0.137898206711
51325,0.00258076190948
51328,0.00290474155918
51329,0.00885419454426
51331,0.00389174185693
51332,0.0344189219177
51334,0.0969208776951
51335,0.0116075221449
51338,0.00911381375045
51339,0.00721217086539
51340,0.139647111297
51341,0.00298299640417
51343,0.125278010964
51348,0.0163304358721
51349,0.00915491767228
51351,0.011963003315
51352,0.0032554436475
51353,0.00556182768196
51354,0.00291726831347
51356,0.0030580884777
51357,0.0036839726381
51362,0.0733551457524
51364,0.00948264449835
51367,0.0582742802799
51369,0.0244045890868
51370,0.0762943252921
51372,0.00681884074584
51375,0.0204624831676
51376,0.0196028240025
51377,0.0159484762698
51379,0.00805361010134
51381,0.0111217452213
51382,0.101316526532
51383,0.0189808905125
51384,0.0169486366212
51386,0.0663328841329
51387,0.00593200000003
51389,0.0108571555465
51391,0.0368456840515
51392,0.0164174549282
51394,0.127608075738
51395,0.00239076744765
51397,0.00511522358283
51402,0.0141994468868
51403,0.00361224939115
51404,0.0372371450067
51405,0.0802795737982
51410,0.0104587078094
51413,0.0146415904164
51419,0.037409555167
51422,0.0695228129625
51426,0.0439850315452
51427,0.00283387931995
51430,0.0640926733613
51434,0.00114566180855
51436,0.0785402804613
51438,0.234045386314
51443,0.17385391891
51445,0.00300982827321
51446,0.0196028240025
51447,0.00152384291869
51448,0.0725012272596
51449,0.0113920699805
51451,0.0822494626045
51452,0.0264362003654
51455,0.0141887515783
51457,0.050552867353
51462,0.00209335819818
51466,0.004437380936
51469,0.0314105339348
51471,0.0189372245222
51477,0.0122108245268
51478,0.146041467786
51479,0.00240709166974
51481,0.00299879489467
51482,0.00180908781476
51483,0.0447096899152
51484,0.009695767425
51486,0.0133504234254
51487,0.060425594449
51488,0.105473726988
51489,0.0450410693884
51490,0.0319778248668
51491,0.00206359173171
51495,0.0435433387756
51497,0.00429548649117
51498,0.0306300036609
51500,0.0251511353999
51501,0.00694695254788
51502,0.00387515896
51503,0.00259880884551
51508,0.00168505718466
51511,0.0254055634141
51512,0.0155802834779
51513,0.00232445145957
51514,0.00948811508715
51515,0.0145423766226
51516,0.122177354991
51517,0.00372101739049
51519,0.00233563035727
51521,0.00750547181815
51523,0.0124012744054
51527,0.158460199833
51530,0.0539877936244
51534,0.0766923576593
51537,0.0306360274553
51539,0.019743250683
51542,0.00465967226774
51544,0.0196526665241
51548,0.0225424207747
51550,0.00721944356337
51551,0.003683389863
51552,0.0196028240025
51553,0.013739018701
51556,0.0093041472137
51557,0.00957566127181
51559,0.00173794990405
51561,0.0770098268986
51564,0.0106451809406
51565,0.0116591686383
51567,0.0240563061088
51568,0.104779116809
51569,0.0156200230122
51570,0.0133822374046
51573,0.00876600667834
51575,0.0354595035315
51577,0.0153096616268
51578,0.0143937971443
51579,0.0135239902884
51580,0.267978161573
51581,0.00294287409633
51583,0.0495470725
51584,0.00669642118737
51588,0.0546430163085
51591,0.00272829947062
51594,0.0168133154511
51595,0.00476991571486
51597,0.0524767749012
51600,0.219733506441
51601,0.00280532543547
51602,0.0120866047218
51607,0.0174791663885
51609,0.00275783077814
51610,0.0212668068707
51612,0.00989148113877
51613,0.0481094121933
51614,0.0868160873652
51615,0.0303488057107
51616,0.0305946543813
51619,0.00560441846028
51621,0.0109476391226
51625,0.0320931598544
51628,0.0352857895195
51630,0.0703170001507
51633,0.0421303212643
51634,0.0250996630639
51638,0.131646603346
51639,0.183093830943
51643,0.00877469126135
51645,0.0106495665386
51646,0.00778498454019
51647,0.00250391103327
51648,0.00629893876612
51649,0.00721944356337
51650,0.0495340116322
51651,0.305746406317
51652,0.00932539161295
51653,0.159745484591
51655,0.00265396549366
51657,0.00590555462986
51658,0.00735938595608
51661,0.00931372493505
51663,0.00352227012627
51666,0.0532803088427
51670,0.00831203535199
51671,0.102083988488
51672,0.0117982570082
51673,0.157418474555
51674,0.152603775263
51677,0.00808114558458
51680,0.0024889127817
51681,0.0676194727421
51683,0.0103949839249
51690,0.0385871492326
51691,0.0124359484762
51696,0.00224327365868
51698,0.0349109508097
51699,0.00799492374063
51701,0.0210151206702
51704,0.00963910855353
51705,0.0667486861348
51706,0.122274361551
51709,0.0164199974388
51710,0.009695767425
51711,0.0608027353883
51715,0.00310700503178
51716,0.0321580395103
51720,0.0225855112076
51722,0.0471768379211
51723,0.0455778762698
51724,0.00405810773373
51725,0.00527594331652
51728,0.00380272697657
51729,0.0148458275944
51731,0.0899975597858
51733,0.00310926116072
51737,0.0227356553078
51741,0.0257298927754
51743,0.00300530716777
51744,0.00438679940999
51746,0.00253576249816
51751,0.00521004991606
51753,0.0891318842769
51754,0.00221204617992
51755,0.0103389006108
51756,0.0418775044382
51757,0.0239255670458
51758,0.190176233649
51759,0.00600076233968
51760,0.0409754477441
51762,0.0366836339235
51763,0.00395477982238
51764,0.0111601417884
51765,0.00261162640527
51767,0.0141994468868
51772,0.0887518748641
51773,0.0370120219886
51774,0.162573203444
51777,0.0283671543002
51778,0.239427372813
51781,0.167927995324
51783,0.0243590492755
51784,0.017364539206
51786,0.242018252611
51788,0.243343189359
51790,0.0112344976515
51791,0.00256989616901
51793,0.0118392389268
51795,0.0350988097489
51800,0.00277392799035
51801,0.0170310232788
51804,0.00734402891248
51806,0.110847488046
51808,0.0239567104727
51809,0.16091799736
51811,0.00776032311842
51813,0.159745484591
51814,0.00324887456372
51816,0.0495831817389
51817,0.00585216563195
51818,0.0151714412495
51819,0.00299879489467
51823,0.00984808895737
51827,0.0199154596776
51829,0.0387818701565
51832,0.0192363411188
51836,0.0138331204653
51837,0.0165340378881
51840,0.26053956151
51844,0.00605687079951
51847,0.0445147529244
51848,0.0150756016374
51849,0.00307194353081
51850,0.216578155756
51851,0.00508022727445
51852,0.0104472795501
51853,0.00251289876178
51866,0.00509512936696
51869,0.164334267378
51870,0.00229559000582
51875,0.015226312913
51876,0.0185478311032
51877,0.177686169744
51881,0.0329633206129
51882,0.0671402812004
51883,0.0230764262378
51885,0.0245011337101
51886,0.00193366641179
51887,0.218553349376
51888,0.0113239036873
51889,0.0242042653263
51890,0.0023287825752
51894,0.00140365806874
51897,0.0232335906476
51899,0.0034086634405
51900,0.0264544188976
51901,0.0244437996298
51902,0.00311153521761
51905,0.0210934840143
51906,0.0139849064872
51907,0.0225893370807
51908,0.00891087856144
51909,0.00449094874784
51910,0.0487418733537
51911,0.0578291192651
51913,0.0439762175083
51915,0.0680723562837
51917,0.0172581039369
51922,0.0189736243337
51926,0.0141994468868
51928,0.00854782573879
51930,0.0133717209101
51931,0.0054393238388
51934,0.0194600652903
51935,0.239756822586
51936,0.0104199163616
51937,0.0440233424306
51940,0.001481009298
51941,0.00382980820723
51946,0.0106318062171
51947,0.013447958976
51948,0.00973762571812
51949,0.0139983939007
51950,0.0108921919018
51952,0.0245585534722
51953,0.00246245414019
51956,0.0505177974701
51957,0.00708250887692
51958,0.0175775997341
51961,0.0170509107411
51966,0.0108721600845
51967,0.0198544636369
51968,0.0209322720766
51970,0.0233324319124
51973,0.0392198041081
51975,0.00337438425049
51976,0.0064531234093
51978,0.0628434941173
51979,0.0283022299409
51980,0.0168758351356
51982,0.0615344382823
51984,0.234668046236
51987,0.0205225963145
51991,0.00700736790895
51992,0.00334743456915
51994,0.00170990929473
51998,0.0126778418198
51999,0.0235864538699
52000,0.046495642513
52005,0.0761561244726
52006,0.127106115222
52007,0.0116421198472
52008,0.0685801208019
52009,0.0318261533976
52013,0.0302386637777
52018,0.162858620286
52021,0.219137594104
52025,0.0288048684597
52026,0.00287239532918
52027,0.00416803127155
52028,0.0592994950712
52035,0.00969136413187
52036,0.00824203621596
52037,0.00857153907418
52039,0.0146539984271
52040,0.030155999586
52041,0.0209667310119
52044,0.00653940113261
52045,0.021667862311
52048,0.152377322316
52049,0.0427483096719
52050,0.039240796119
52051,0.122459374368
52052,0.00445391144603
52054,0.00202849996276
52055,0.00234680459835
52058,0.0148288821802
52060,0.0205999277532
52061,0.00401386199519
52067,0.0106608262286
52069,0.00245266384445
52070,0.00243156845681
52071,0.00139950634912
52074,0.0079776821658
52075,0.205337911844
52077,0.00728918425739
52081,0.0236519332975
52083,0.00255281571299
52084,0.0185478311032
52087,0.0077903047204
52089,0.0238905642182
52090,0.0117789916694
52091,0.0318670943379
52092,0.0162786450237
52094,0.0013888028916
52100,0.0264198407531
52101,0.148599103093
52103,0.012877699919
52106,0.0270447749645
52109,0.0131946234033
52112,0.0219196565449
52114,0.00713942153379
52117,0.00318983173929
52120,0.120674587786
52121,0.0371768213809
52123,0.0110785216093
52124,0.00549123203382
52127,0.00206921622157
52130,0.011469672434
52132,0.00635103136301
52134,0.0356503836811
52140,0.0109379934147
52143,0.0111189028248
52146,0.00273107597604
52148,0.0183159317821
52149,0.154896631837
52150,0.053247127682
52151,0.0118136880919
52152,0.017309339717
52155,0.148237928748
52156,0.0286090206355
52158,0.0136688770726
52161,0.0251652672887
52163,0.00398728111759
52165,0.00593231711537
52173,0.0197694525123
52177,0.0557885840535
52179,0.0245632547885
52185,0.197141736746
52187,0.00193356256932
52192,0.0371093265712
52193,0.0019261991838
52194,0.00258181034587
52195,0.0109574114904
52197,0.00798561051488
52200,0.0118642952293
52201,0.0547610633075
52203,0.0867477878928
52204,0.0108465710655
52205,0.0301410835236
52209,0.00143058982212
52210,0.0255321282893
52211,0.0108726778999
52212,0.00411550886929
52215,0.0903258249164
52216,0.00281569990329
52217,0.00268114125356
52219,0.00808040332049
52220,0.176106482744
52224,0.0552471391857
52227,0.00298467441462
52228,0.010948676616
52229,0.0466177426279
52232,0.0714324042201
52233,0.0042105326429
52234,0.00488653453067
52235,0.0226965192705
52236,0.0128930807114
52238,0.0385871492326
52241,0.0372371450067
52242,0.100451588631
52244,0.0128053631634
52247,0.0750691071153
52248,0.00253569986671
52251,0.0145423766226
52253,0.0463204048574
52255,0.0168282743543
52257,0.00776714505628
52258,0.0276931207627
52259,0.00266283680685
52263,0.0810230672359
52264,0.017565401271
52267,0.00323005649261
52268,0.0109957391396
52269,0.0111362449825
52273,0.00518297916278
52274,0.0220124889165
52275,0.177415579557
52276,0.0118845496327
52279,0.159418866038
52280,0.00234302971512
52282,0.00234244251624
52283,0.0170784089714
52284,0.00297209480777
52287,0.00506707280874
52288,0.00277868588455
52289,0.0411963835359
52290,0.00253991130739
52293,0.00901437364519
52295,0.0105856098235
52296,0.00610225694254
52298,0.0752618163824
52299,0.0477152094245
52301,0.00417844858021
52302,0.00590599374846
52304,0.0227602254599
52306,0.0265187416226
52307,0.0581569112837
52308,0.0157547798008
52309,0.00853302422911
52310,0.0236649680883
52311,0.0295475870371
52312,0.0335685685277
52313,0.0918612852693
52314,0.0120347831398
52315,0.0064192218706
52318,0.0561277121305
52321,0.0110296783969
52323,0.0113719059154
52325,0.0523768588901
52328,0.0322990231216
52329,0.0226107314229
52333,0.0300159528852
52335,0.163735419512
52336,0.0363544747233
52338,0.0180946048349
52339,0.176363065839
52341,0.00776695366949
52342,0.00207582768053
52343,0.0435384139419
52344,0.149352759123
52345,0.00823748111725
52347,0.193562999368
52350,0.00457393843681
52352,0.0196028240025
52353,0.00158198957797
52354,0.00291428342462
52356,0.00703087169677
52357,0.0324989743531
52358,0.108005665243
52359,0.0371346622705
52360,0.0881150513887
52362,0.01574405469
52363,0.0177620369941
52364,0.00474571995437
52365,0.00386774819344
52368,0.175614118576
52369,0.00713962176815
52370,0.00162371818442
52374,0.0121783707291
52375,0.0325166918337
52378,0.0412256643176
52380,0.00345700583421
52383,0.00135067116935
52385,0.150433465838
52386,0.0145994443446
52391,0.0230983048677
52393,0.0216816347092
52403,0.0149907758459
52404,0.00226936722174
52406,0.011020604521
52413,0.00236289692111
52414,0.00639077043161
52416,0.0451807938516
52418,0.160212978721
52419,0.00197024759836
52422,0.0111160147935
52423,0.0101803774014
52424,0.189805701375
52427,0.0196028240025
52434,0.0106417071074
52435,0.0355648696423
52436,0.0360236465931
52441,0.100650385022
52442,0.00191628665198
52443,0.0132160475478
52445,0.0201799049973
52448,0.00152122392319
52452,0.0145423766226
52455,0.176160693169
52456,0.00197739852592
52457,0.0277091879398
52458,0.131141006947
52460,0.0204950775951
52464,0.0397790297866
52465,0.00228053983301
52466,0.120137989521
52467,0.0049791126512
52470,0.0706424787641
52471,0.0528732687235
52472,0.00140371033922
52473,0.0107392752543
52475,0.0899485647678
52476,0.0237485393882
52483,0.150433465838
52484,0.00153224053793
52485,0.139583021402
52490,0.131990283728
52497,0.00184240587987
52499,0.00248702871613
52500,0.0163552407175
52502,0.0180129781365
52505,0.0552247054875
52507,0.227852612734
52508,0.0633028820157
52509,0.00335314241238
52510,0.0160782113671
52511,0.00565483048558
52514,0.00217859004624
52515,0.00379983638413
52517,0.00241584633477
52519,0.00124163005967
52520,0.118461452425
52522,0.0253986213356
52523,0.00424248538911
52527,0.00245711300522
52528,0.00994960404932
52532,0.0538703985512
52533,0.00472090486437
52538,0.00318508362398
52539,0.146135479212
52541,0.0848451554775
52543,0.0172504875809
52544,0.0164486691356
52546,0.0412116609514
52547,0.0156164085492
52549,0.0481021516025
52552,0.0207229480147
52553,0.00937946233898
52554,0.0261953454465
52559,0.00360809848644
52560,0.0119526376948
52563,0.00245550530963
52564,0.167552128434
52566,0.00272741727531
52569,0.0036289608106
52570,0.00176904711407
52573,0.00512438779697
52574,0.0322765782475
52576,0.0371305085719
52580,0.00279240147211
52581,0.175726771355
52582,0.0288570132107
52585,0.0560235977173
52587,0.164334267378
52588,0.181669875979
52589,0.114969134331
52590,0.039859790355
52591,0.0152737740427
52594,0.00229559000582
52595,0.0481839850545
52596,0.208350881934
52597,0.0322127752006
52600,0.016874987632
52602,0.154825642705
52606,0.0410060212016
52609,0.00449259672314
52610,0.0259153079242
52612,0.0111296307296
52613,0.0297458134592
52614,0.0712975338101
52615,0.00860957149416
52616,0.00674221431836
52619,0.0246177986264
52621,0.225497543812
52623,0.0177883952856
52625,0.0407153517008
52627,0.0217855554074
52633,0.00733618065715
52634,0.00231376290321
52636,0.0170923750848
52637,0.00200804346241
52639,0.221258118749
52640,0.00944796111435
52643,0.00433227512985
52647,0.0328740477562
52648,0.0591395273805
52650,0.00163697614335
52653,0.0484397821128
52659,0.00771524431184
52660,0.00280488003045
52661,0.0459582954645
52663,0.0775130018592
52664,0.022937875241
52665,0.0127695826814
52666,0.0285859107971
52669,0.0519195795059
52674,0.118738755584
52677,0.0262646842748
52679,0.00389168830588
52684,0.0691346526146
52685,0.0124035933986
52686,0.0464162640274
52687,0.0349747687578
52691,0.113153956831
52692,0.172015532851
52693,0.00464393058792
52694,0.00813334807754
52696,0.0194787718356
52697,0.0446322187781
52698,0.128641739488
52699,0.00907464232296
52700,0.0567021891475
52701,0.0387428179383
52704,0.0039669550024
52705,0.0128139564767
52710,0.0064410767518
52711,0.00178289378528
52712,0.00515228323638
52717,0.0271324347705
52718,0.0384841673076
52720,0.0110640600324
52721,0.0220985990018
52722,0.00636686990038
52723,0.0110024353489
52724,0.0213062297553
52730,0.0108512425795
52733,0.00354744517244
52737,0.0185478311032
52739,0.0501510053873
52743,0.00643874006346
52744,0.0320855826139
52745,0.0120347486809
52746,0.00244189146906
52747,0.0227723307908
52753,0.0401588976383
52755,0.00489354459569
52756,0.00163715938106
52759,0.0146491993219
52761,0.0182725302875
52764,0.0032156649977
52768,0.180243894458
52769,0.00553181115538
52771,0.00785312056541
52776,0.00256332755089
52777,0.00505006266758
52778,0.00626002019271
52780,0.10567792505
52785,0.00579425226897
52787,0.00398519495502
52791,0.0126208662987
52794,0.00777555303648
52799,0.00248023844324
52801,0.0141994468868
52802,0.00381418783218
52804,0.0624732784927
52806,0.234881535172
52809,0.172150194645
52811,0.0213673263788
52813,0.00329820602201
52814,0.0171091333032
52815,0.0136770568788
52820,0.0138702923432
52821,0.00241560745053
52823,0.00851381011307
52824,0.054926160723
52825,0.00226840982214
52826,0.00821975897998
52827,0.181468963623
52830,0.00796381849796
52831,0.0438289009035
52833,0.186534836888
52837,0.00453391205519
52841,0.00295115914196
52842,0.170082107186
52843,0.00948811508715
52844,0.105678245425
52845,0.0166290085763
52846,0.162858620286
52847,0.0127019360662
52848,0.00649296166375
52849,0.00336500164121
52850,0.0356389991939
52852,0.00277127791196
52853,0.0867958664894
52855,0.194248184562
52856,0.0104468902573
52857,0.245945677161
52860,0.00144983956125
52861,0.0101294023916
52862,0.00699626794085
52863,0.00571630476043
52864,0.00797223858535
52865,0.0120707591996
52866,0.106341347098
52867,0.00142013246659
52869,0.0175526421517
52871,0.00792193133384
52875,0.0411040894687
52877,0.00248702871613
52880,0.00742954388261
52881,0.00507082697004
52883,0.015674136579
52884,0.0810035988688
52885,0.0525630824268
52886,0.0165234804153
52888,0.00243081455119
52889,0.00765958800912
52890,0.063953615725
52892,0.00218050857075
52893,0.00205686944537
52894,0.00894861388952
52898,0.00240114028566
52902,0.022022370249
52905,0.00571151543409
52906,0.00220559444278
52907,0.0095635810867
52909,0.00913979485631
52911,0.0141994468868
52912,0.00130355334841
52913,0.0365355946124
52914,0.247758671641
52916,0.0208436492831
52918,0.00856393575668
52922,0.0147708076984
52926,0.00189869583119
52927,0.00280690263025
52928,0.0562184043229
52936,0.0085732974112
52939,0.00364132341929
52941,0.00483630597591
52942,0.00903201289475
52944,0.00785959511995
52947,0.167083248496
52949,0.0113867549226
52950,0.0114689264446
52951,0.00403078366071
52952,0.00328316073865
52953,0.00649085501209
52957,0.0178796760738
52958,0.00899961777031
52959,0.0118928961456
52965,0.0120147010311
52966,0.0298491176218
52967,0.182393267751
52969,0.0105590792373
52970,0.0167454723269
52971,0.0399759821594
52972,0.00243156845681
52973,0.0147743197158
52977,0.00317664071918
52978,0.00872979778796
52979,0.00259676505812
52980,0.0112778870389
52981,0.00349364057183
52985,0.00988243054599
52986,0.0106833809987
52987,0.00640789419413
52990,0.0591035522521
52994,0.00594054860994
52995,0.0160596873611
52997,0.00446067610756
52998,0.0540767274797
52999,0.00287815113552
53001,0.0526214838028
53004,0.0308420266956
53006,0.009695767425
53007,0.00887485314161
53008,0.0512378439307
53013,0.00418192427605
53015,0.0160469282418
53016,0.0475126132369
53017,0.16739910841
53019,0.102683693171
53020,0.0305516496301
53023,0.00229798723012
53026,0.001738271676
53029,0.0573664009571
53032,0.0301577933133
53033,0.0449790768325
53042,0.012313590385
53044,0.158633291721
53045,0.0225594006479
53047,0.0263152662665
53048,0.0030914330855
53050,0.00885755103081
53053,0.0523804910481
53054,0.00509618083015
53055,0.00698532443494
53056,0.00205657887273
53057,0.209515318274
53058,0.108318530023
53061,0.0213482007384
53063,0.00304388068616
53069,0.0658761337399
53071,0.0353671647608
53072,0.0228394642472
53074,0.00142748828512
53075,0.00515461992472
53080,0.013969136402
53081,0.00978343281895
53082,0.00922046322376
53084,0.0288778599352
53087,0.183086380363
53088,0.233702838421
53089,0.00974128674716
53090,0.00193231424782
53091,0.0125346230343
53092,0.0056529995054
53094,0.0150627419353
53096,0.131990283728
53101,0.0509628280997
53102,0.0594550408423
53103,0.0188402608037
53104,0.0169367250055
53105,0.0520669668913
53108,0.272236704826
53109,0.0377014838159
53110,0.00752459466457
53111,0.013843908906
53113,0.0110855968669
53115,0.22380015254
53121,0.0058768466115
53125,0.00451177544892
53126,0.118738755584
53127,0.0270644575357
53128,0.0144243314862
53131,0.00156150537077
53133,0.00216193217784
53134,0.0200589578599
53135,0.0384954102337
53136,0.0218741334975
53138,0.0643081739545
53140,0.00595298502594
53143,0.0119027514011
53144,0.0763253644109
53145,0.00133696803823
53146,0.00217131106183
53151,0.00315658166073
53152,0.170795053244
53156,0.010770490393
53157,0.00261084758677
53159,0.0220985990018
53160,0.00489284098148
53161,0.0145693607628
53164,0.0141994468868
53165,0.00907787960023
53166,0.029096191749
53167,0.00271198269911
53168,0.0284804962575
53170,0.0540794506669
53173,0.00418000621721
53174,0.076957039535
53176,0.0343551449478
53181,0.00399623345584
53182,0.081224039197
53183,0.0128180515021
53187,0.254242926836
53190,0.00344253750518
53191,0.003288944019
53195,0.0684670060873
53197,0.0110343554989
53198,0.0302109904587
53199,0.00634033652022
53201,0.274029701948
53202,0.00300845643505
53204,0.0024457660038
53206,0.0780037492514
53207,0.00288897519931
53208,0.00261156563647
53213,0.00242909812368
53215,0.0362232215703
53217,0.0137227717787
53223,0.156135722995
53226,0.00183808244765
53227,0.0107399895787
53228,0.145073458552
53229,0.183093830943
53233,0.177686169744
53234,0.0287811271846
53235,0.00290727824904
53236,0.0258480273187
53240,0.016223596409
53242,0.0178774408996
53246,0.042978707701
53247,0.0683457478881
53248,0.0147726107389
53251,0.0286823660135
53256,0.0154300779104
53260,0.00896079652011
53261,0.0149907758459
53262,0.0391125679016
53264,0.116929717362
53266,0.0507147200406
53268,0.00301750912331
53270,0.00494797900319
53272,0.0198070462793
53273,0.00634254468605
53279,0.00410140724853
53280,0.268976688385
53283,0.0477541610599
53285,0.0177510678768
53287,0.00353307975456
53290,0.00372368749231
53291,0.260923266411
53292,0.0174668468535
53294,0.00216465140693
53298,0.0455586090684
53299,0.00297044799663
53300,0.0168863907456
53301,0.0218958649784
53302,0.0318670943379
53303,0.02570242621
53304,0.0590691678226
53305,0.00331219099462
53307,0.253701806068
53309,0.00851515866816
53311,0.0141994468868
53313,0.0515299104154
53314,0.0557215288281
53315,0.00908663868904
53316,0.00591248134151
53319,0.00725398538634
53320,0.00223536929116
53322,0.0242502950132
53324,0.0113319298252
53325,0.0837261006236
53326,0.00295383716002
53328,0.00430253660306
53330,0.00207474734634
53333,0.0519408918917
53336,0.181669875979
53337,0.00245656608604
53338,0.00922581367195
53340,0.0112895267084
53341,0.23091866076
53343,0.00128942169249
53344,0.0336913205683
53346,0.0120082385838
53347,0.0207409784198
53348,0.0132886664942
53351,0.017192332074
53352,0.174676731229
53353,0.00532507849857
53355,0.0330418683589
53356,0.0099123781547
53361,0.00402197381482
53366,0.00637763971463
53370,0.219633087516
53371,0.0627130568027
53375,0.0051129530184
53376,0.00306945177726
53383,0.0140531705692
53385,0.183093830943
53386,0.0591041184962
53387,0.0153280738741
53389,0.0024911465589
53393,0.102536663413
53398,0.00812903698534
53400,0.0522477515042
53405,0.0108150858432
53415,0.219848498702
53419,0.0506258942187
53421,0.00141166395042
53425,0.0349109508097
53428,0.0149583788589
53429,0.00264469860122
53432,0.0059514073655
53433,0.021959675476
53437,0.0408505164087
53443,0.00577949313447
53444,0.0303488057107
53445,0.0319005474448
53450,0.0111170262098
53454,0.00948811508715
53455,0.0274760425091
53456,0.198978558183
53457,0.138686180115
53458,0.0458491779864
53459,0.0185044892132
53460,0.00347095448524
53461,0.0175545420498
53462,0.0373921990395
53463,0.017086783424
53464,0.0266483202577
53465,0.046685885638
53467,0.0290354341269
53468,0.00341364345513
53470,0.026196854189
53471,0.0137362992391
53476,0.0569368414581
53479,0.0155363595113
53481,0.00397374155
53486,0.072684019804
53487,0.0175948105752
53488,0.0525879636407
53490,0.151835769415
53493,0.0265954956412
53494,0.0137280253693
53495,0.0664001330733
53498,0.00383521127515
53499,0.0189937613904
53505,0.14642739296
53509,0.00207132147625
53513,0.0718286409974
53516,0.0019767654594
53517,0.00719841755927
53519,0.0306905414909
53521,0.00119273213204
53522,0.0161654632539
53523,0.0142667302862
53524,0.127248495817
53528,0.00794376805425
53530,0.044669687748
53532,0.0929432362318
53533,0.0107191829011
53534,0.00299685797654
53535,0.0322774574161
53537,0.0187004841864
53540,0.0405817106366
53541,0.0231808684766
53542,0.00619087787345
53544,0.00374626042321
53547,0.01091278065
53548,0.278736382723
53552,0.313310801983
53554,0.0197041425854
53555,0.00847098138183
53556,0.011411360465
53558,0.0226149708033
53562,0.0124784186482
53571,0.00680015608668
53573,0.0141994468868
53574,0.193529382348
53575,0.0190012529492
53576,0.02522800304
53579,0.158467903733
53582,0.161850199103
53583,0.0376424342394
53584,0.0855062603951
53586,0.0147361019626
53589,0.00556845916435
53591,0.0606343857944
53593,0.189646050334
53601,0.111946128309
53602,0.0325312167406
53604,0.00245776423253
53608,0.00464319251478
53616,0.0303134024143
53623,0.110691532493
53624,0.00181788683403
53625,0.0149744926021
53627,0.0365878418088
53628,0.0017194255488
53631,0.00241609360091
53632,0.0189937613904
53633,0.0236112251878
53634,0.206662788987
53636,0.010770490393
53638,0.108270801604
53642,0.242606192827
53643,0.0110730687156
53644,0.0919285416603
53645,0.123314082623
53646,0.00223535439
53647,0.164333090186
53649,0.104659467936
53650,0.0471403673291
53653,0.00289074750617
53657,0.00980778876692
53658,0.0529525540769
53660,0.0565884970129
53664,0.0398740507662
53665,0.103238843381
53670,0.0558115206659
53677,0.0178648270667
53678,0.00383834261447
53679,0.0102471029386
53680,0.0766528993845
53681,0.0443891175091
53682,0.0304284840822
53684,0.0073346006684
53688,0.0181871503592
53689,0.0196028240025
53690,0.0741146951914
53691,0.017305161804
53693,0.196150287986
53694,0.0107823750004
53695,0.00890831835568
53698,0.0221090409905
53699,0.0651582553983
53701,0.00763620203361
53702,0.00595496315509
53703,0.00509831123054
53705,0.153664037585
53708,0.0603931173682
53709,0.00209955312312
53713,0.0082373637706
53714,0.00868330895901
53715,0.00358917959966
53716,0.0135926818475
53717,0.00364719773643
53719,0.0262531973422
53720,0.204878792167
53721,0.0437612943351
53727,0.0800204649568
53728,0.00364255183376
53731,0.0153337167576
53732,0.00304821762256
53735,0.0907615125179
53736,0.0289196632802
53739,0.0370120219886
53742,0.0110896909609
53744,0.00787891354412
53745,0.107148192823
53746,0.0388203300536
53747,0.026516912505
53749,0.00854066759348
53751,0.00571576273069
53752,0.190219312906
53753,0.0405647568405
53757,0.00389265501872
53761,0.00401719566435
53763,0.130924507976
53764,0.0519431196153
53765,0.00679862312973
53766,0.0116595095024
53767,0.00225845444947
53769,0.0385239571333
53774,0.00233883690089
53775,0.0258714277297
53778,0.0148001126945
53780,0.0154300779104
53784,0.0346980243921
53787,0.0157279167324
53788,0.0400068461895
53790,0.0275476127863
53791,0.00843981094658
53793,0.00953741092235
53794,0.0220291353762
53795,0.0204167217016
53800,0.0143095841631
53801,0.00232805591077
53802,0.00251860520802
53804,0.016973817721
53805,0.208440944552
53806,0.0639132782817
53808,0.063953615725
53809,0.0680253952742
53810,0.0190936345607
53812,0.00973762571812
53814,0.00360811920837
53815,0.00249793473631
53818,0.013741706498
53819,0.00148420012556
53825,0.00256989616901
53829,0.00596890877932
53831,0.00295039429329
53832,0.0026410210412
53834,0.228086799383
53835,0.00334833515808
53837,0.0535861477256
53838,0.00400901352987
53841,0.0385871492326
53843,0.0894979164004
53844,0.0318670943379
53845,0.00355263054371
53846,0.244377970695
53847,0.00297662848607
53850,0.0338989086449
53855,0.0222772248089
53858,0.00486365379766
53864,0.0245831813663
53866,0.0124012744054
53869,0.00121489260346
53871,0.030079074204
53873,0.0266092140228
53874,0.00168231292628
53875,0.0216816347092
53876,0.0283729787916
53881,0.00948811508715
53882,0.0367314852774
53884,0.00944436062127
53886,0.00323031726293
53889,0.0127019360662
53892,0.0622234120965
53895,0.0147140752524
53896,0.0754476860166
53897,0.0308676417917
53898,0.00247982796282
53900,0.0206515528262
53902,0.0181864146143
53904,0.00367096019909
53905,0.04266288504
53906,0.0756229460239
53909,0.00347069231793
53910,0.030419267714
53913,0.185527220368
53915,0.0489753559232
53916,0.00117604993284
53917,0.00775716640055
53918,0.00964971631765
53920,0.00169306481257
53921,0.0665233209729
53923,0.211771026254
53926,0.01803997159
53935,0.00197367556393
53936,0.00266106589697
53939,0.00446451688185
53940,0.0176157392561
53942,0.0311324298382
53943,0.0104185743257
53945,0.0432607792318
53946,0.0387341529131
53947,0.0626327171922
53948,0.0170561857522
53949,0.0299201067537
53952,0.00178511266131
53957,0.0154300779104
53962,0.0333827771246
53963,0.00146701640915
53964,0.0328983813524
53965,0.218193411827
53966,0.00969745218754
53967,0.00688668899238
53969,0.0137590952218
53971,0.0376864895225
53979,0.0165582932532
53981,0.00707295490429
53984,0.00531766051427
53985,0.130421429873
53986,0.0589799769223
53987,0.00695297168568
53988,0.295658677816
53989,0.019885616377
53990,0.00639741355553
53991,0.101309321821
53992,0.00221277563833
53994,0.0347488559783
53997,0.010251218453
53998,0.0097076324746
53999,0.00979978125542
54001,0.00837980303913
54002,0.00243599899113
54003,0.0375941693783
54008,0.00256989616901
54011,0.017388002947
54013,0.00158065627329
54014,0.0753248259425
54015,0.0151666607708
54019,0.0127229355276
54020,0.00785006769001
54023,0.00974124111235
54024,0.0913987904787
54025,0.157189056277
54026,0.00897425971925
54027,0.023872628808
54030,0.0329978279769
54032,0.0436829514802
54033,0.00139915314503
54034,0.226526424289
54035,0.00421243859455
54036,0.0226288940758
54038,0.0302723310888
54041,0.0192698724568
54045,0.00528853572905
54047,0.0031340313144
54051,0.00549975689501
54053,0.0343869403005
54058,0.0160606671125
54059,0.00665282504633
54060,0.00299950363114
54061,0.0220985990018
54067,0.00298729911447
54068,0.0554631575942
54070,0.0513320937753
54071,0.00189793412574
54072,0.0109898867086
54073,0.00294249784201
54075,0.0115816416219
54079,0.0194604601711
54081,0.00575737142935
54082,0.0103007918224
54085,0.0455225221813
54087,0.0133780194446
54088,0.0367148295045
54089,0.16023811698
54090,0.00637875776738
54092,0.0028813467361
54093,0.197498589754
54094,0.0539769344032
54095,0.0118500217795
54096,0.0553822889924
54097,0.0291796438396
54099,0.0169871486723
54102,0.029391111806
54103,0.0401898697019
54104,0.030534952879
54107,0.134191349149
54109,0.107121869922
54110,0.00261016236618
54111,0.0109740067273
54112,0.186799779534
54113,0.0714202001691
54115,0.208290830255
54118,0.0141994468868
54120,0.00319688837044
54122,0.0354762636125
54124,0.266070842743
54125,0.0122972941026
54126,0.0566251352429
54128,0.0240261089057
54130,0.0789598301053
54132,0.0491721853614
54133,0.0514652207494
54134,0.0150487972423
54135,0.0210883598775
54137,0.00743537629023
54139,0.00698515633121
54143,0.0146256657317
54144,0.0153891891241
54145,0.00294606317766
54146,0.0531952306628
54147,0.0266331229359
54148,0.0192606411874
54149,0.0241639353335
54151,0.00171955802944
54152,0.00151855591685
54153,0.00441707810387
54154,0.0285064708441
54155,0.169085279107
54157,0.00994114391506
54158,0.00203044875525
54159,0.0175751950592
54162,0.0306360274553
54164,0.0986430123448
54166,0.00776188028976
54167,0.0141994468868
54170,0.0286358781159
54171,0.0132992425933
54175,0.00233159703203
54176,0.0320689938962
54178,0.0250457506627
54182,0.00147479656152
54184,0.107376262546
54188,0.0110107194632
54189,0.103234477341
54190,0.00566433509812
54192,0.0143415862694
54194,0.0134594459087
54196,0.180474787951
54197,0.181564256549
54198,0.00802889931947
54202,0.00984880141914
54204,0.00401497539133
54206,0.0031626354903
54208,0.0385871492326
54211,0.005478318315
54212,0.0339265018702
54213,0.00860903784633
54217,0.0385871492326
54218,0.00330051127821
54219,0.152377322316
54220,0.048206076026
54221,0.0101786181331
54223,0.0020800428465
54225,0.00699533056468
54229,0.0224035028368
54232,0.0475997254252
54233,0.160324379802
54234,0.0879384130239
54236,0.0262512303889
54237,0.00568948267028
54239,0.0298739839345
54240,0.0106556117535
54241,0.00524898758158
54243,0.0279508884996
54244,0.00997064169496
54245,0.0986138433218
54249,0.0340770296752
54252,0.00528349122033
54254,0.0196028240025
54255,0.065380372107
54258,0.109643496573
54259,0.00167457317002
54261,0.00593063933775
54262,0.00118642125744
54265,0.0178117789328
54266,0.0598375089467
54267,0.00469500431791
54268,0.0143397655338
54269,0.181642189622
54270,0.15361969173
54271,0.0315085612237
54272,0.00994114391506
54274,0.00537418155
54278,0.0540412291884
54280,0.0141843752936
54281,0.0485570468009
54282,0.0416791364551
54283,0.00833268836141
54284,0.217265620828
54288,0.00155426946003
54290,0.00328273652121
54293,0.0385871492326
54294,0.0156472474337
54297,0.00784618034959
54298,0.0363689363003
54300,0.0034510823898
54302,0.263275116682
54305,0.0321504361928
54306,0.0223958026618
54309,0.263288140297
54310,0.00466392515227
54311,0.0238175336272
54312,0.0327610783279
54314,0.0172418877482
54319,0.0261049810797
54320,0.242559790611
54321,0.0173113010824
54322,0.0423983410001
54325,0.0297980438918
54327,0.0045618461445
54330,0.0129691101611
54331,0.0014633879764
54332,0.0118402084336
54336,0.0212405174971
54337,0.0519113279879
54339,0.013405974023
54340,0.00960756465793
54341,0.0219804644585
54343,0.177686169744
54345,0.0712936744094
54346,0.0482014417648
54349,0.0153415175155
54351,0.0511090569198
54352,0.00394856184721
54353,0.0148001126945
54354,0.0997265279293
54355,0.0163400284946
54356,0.00998082291335
54358,0.00233851443045
54360,0.0257466509938
54361,0.0104257883504
54363,0.0159947611392
54364,0.0220291353762
54367,0.0185475666076
54368,0.00990060623735
54371,0.00452431943268
54373,0.0236766003072
54375,0.0739638805389
54378,0.025647090748
54379,0.00275811296888
54381,0.00299944379367
54382,0.0355784781277
54383,0.0235113352537
54384,0.0125245815143
54388,0.0519665069878
54390,0.20910102129
54393,0.00869904365391
54394,0.00589743582532
54397,0.175701379776
54398,0.0112711898983
54399,0.00898403581232
54400,0.242018252611
54405,0.0315245762467
54406,0.00418858602643
54407,0.0353671647608
54408,0.0138507336378
54410,0.0240595359355
54414,0.0856288224459
54416,0.0680431574583
54417,0.00497707678005
54423,0.0196028240025
54424,0.421068996191
54426,0.00447176909074
54429,0.00967612210661
54433,0.181669875979
54435,0.0221998635679
54437,0.0276068802923
54439,0.00425054039806
54446,0.0275800619274
54447,0.00198437646031
54448,0.0363689363003
54449,0.0196090564132
54450,0.0384850129485
54451,0.0871460065246
54453,0.00838542729616
54455,0.0025619014632
54456,0.176467642188
54462,0.102325074375
54463,0.00249949749559
54465,0.0245023984462
54468,0.0278245005757
54470,0.00369511335157
54471,0.00894646998495
54475,0.164141088724
54477,0.0023768604733
54478,0.0160510633141
54480,0.0106924669817
54484,0.235258162022
54486,0.00786594487727
54488,0.156306564808
54491,0.00879192352295
54493,0.0527734644711
54496,0.240948021412
54498,0.0297458339483
54500,0.00566342752427
54502,0.00135352986399
54504,0.0039794659242
54506,0.00131437275559
54509,0.0062010246329
54510,0.0416171811521
54511,0.0595912709832
54514,0.00705930171534
54515,0.00287941028364
54518,0.199160471559
54519,0.00757306814194
54521,0.00458276551217
54525,0.183093830943
54526,0.125607967377
54528,0.00201168097556
54529,0.0118688298389
54533,0.0207282472402
54534,0.0235874634236
54535,0.00475485716015
54536,0.0682711899281
54537,0.04244543612
54538,0.04232615605
54539,0.0543772466481
54540,0.014370248653
54542,0.0346034094691
54543,0.00525630265474
54544,0.0233747754246
54546,0.0014376033796
54547,0.217258125544
54549,0.00171820481773
54551,0.00892220064998
54552,0.01361791417
54555,0.0270738434047
54561,0.00381685746834
54562,0.0842070803046
54563,0.0170089006424
54565,0.0337543040514
54569,0.0564916096628
54574,0.136459827423
54580,0.0325312167406
54582,0.0845968797803
54584,0.0289342906326
54588,0.00216255243868
54591,0.0165611281991
54592,0.00154561654199
54595,0.0023965141736
54596,0.0226723738015
54601,0.0304544828832
54602,0.0925763770938
54603,0.00168187252712
54604,0.0146956779063
54605,0.0324333831668
54613,0.0196028240025
54615,0.00913863815367
54616,0.0265279263258
54617,0.00903383083642
54618,0.0435190163553
54625,0.00679145660251
54626,0.00985003355891
54627,0.0216487273574
54628,0.0166290085763
54629,0.192249774933
54630,0.00210865400732
54632,0.00399420317262
54635,0.0377086922526
54636,0.00948792230338
54639,0.0130419861525
54640,0.0046556070447
54643,0.0283558685333
54646,0.0147118428722
54648,0.220548957586
54654,0.0130885122344
54656,0.0265592969954
54660,0.0130791412666
54664,0.00323181040585
54665,0.0960179567337
54667,0.115147024393
54668,0.00631025526673
54669,0.00285581406206
54671,0.0584509149194
54673,0.0300235953182
54674,0.00453213276342
54675,0.00144433416426
54678,0.00610669190064
54681,0.0245119910687
54683,0.00345800654031
54684,0.021708631888
54686,0.101054415107
54687,0.0159174129367
54690,0.0819593518972
54691,0.00553342746571
54693,0.0196596570313
54694,0.00147076172289
54695,0.00235802237876
54697,0.0139877619222
54698,0.00885276682675
54699,0.00136643799488
54700,0.115647681057
54702,0.00932539161295
54706,0.0916031673551
54707,0.0327741801739
54708,0.0571510121226
54709,0.0126349758357
54710,0.009695767425
54712,0.00520058814436
54716,0.0092447148636
54717,0.00885896198452
54722,0.148503661156
54723,0.0123783675954
54724,0.0398129671812
54726,0.160282701254
54727,0.210196971893
54729,0.0307153761387
54730,0.0432851016521
54732,0.0132137034088
54733,0.00238709128462
54734,0.0082738827914
54735,0.0784417018294
54736,0.203772425652
54737,0.0030335043557
54738,0.00455219205469
54740,0.0168691668659
54742,0.0200660247356
54744,0.0107508059591
54745,0.0419333130121
54746,0.0048043965362
54747,0.00543746445328
54748,0.0035134460777
54750,0.00826350133866
54753,0.0853139683604
54757,0.00923822261393
54761,0.0817542746663
54762,0.00998362246901
54764,0.00159822660498
54768,0.00154822226614
54772,0.229828104377
54774,0.0553822889924
54775,0.0865355283022
54778,0.00751000177115
54781,0.0833085998893
54782,0.164333090186
54786,0.0274645071477
54787,0.087241537869
54788,0.0134536474943
54792,0.249418482184
54793,0.0251727569848
54795,0.00209206086583
54796,0.00420965114608
54797,0.0144753223285
54800,0.102151297033
54801,0.0512130223215
54805,0.028351848945
54807,0.0187344122678
54808,0.00191459199414
54809,0.0533006973565
54810,0.00415367912501
54814,0.00152035069186
54816,0.0117967892438
54819,0.00375402788632
54820,0.0124221118167
54821,0.0178278945386
54823,0.00210896413773
54824,0.0165611281991
54826,0.0197337474674
54827,0.00786375347525
54829,0.137248069048
54830,0.00573813868687
54833,0.00783604476601
54834,0.0114962160587
54835,0.00197739852592
54836,0.209515318274
54837,0.00128889910411
54838,0.00845654681325
54839,0.125837758183
54848,0.0266953222454
54849,0.0191067773849
54850,0.0561996847391
54851,0.131990283728
54852,0.034836538136
54853,0.00461836485192
54854,0.0196028240025
54855,0.0307153761387
54856,0.0175948105752
54857,0.0351409427822
54859,0.0380821228027
54860,0.0101959910244
54862,0.00368066085503
54864,0.0268152896315
54865,0.0874570906162
54867,0.0428785085678
54868,0.0102470451966
54872,0.00417844858021
54873,0.108391799033
54876,0.113667935133
54877,0.00279367901385
54879,0.0322990231216
54881,0.169652417302
54883,0.0245737899095
54885,0.0127695826814
54887,0.0902335047722
54890,0.0255321282893
54891,0.0196028240025
54892,0.0418655760586
54894,0.0492146350443
54897,0.00323116499931
54898,0.0148483514786
54903,0.135865673423
54904,0.0214787572622
54905,0.0136437257752
54906,0.00204489380121
54907,0.0590481236577
54909,0.0118402084336
54912,0.0121538387612
54913,0.0196028240025
54916,0.0351908616722
54917,0.0345430001616
54918,0.00262060458772
54920,0.0255817659199
54922,0.00661761127412
54924,0.00722211645916
54925,0.0377369560301
54926,0.184113383293
54927,0.0775904729962
54928,0.0255321282893
54931,0.189805701375
54932,0.0335241854191
54936,0.00816517975181
54941,0.0450957603753
54943,0.00135943386704
54944,0.00304294028319
54947,0.08384668082
54948,0.0218915008008
54949,0.0503024607897
54951,0.029378246516
54953,0.0877127051353
54955,0.032158151269
54956,0.0506340563297
54959,0.00613006018102
54961,0.0807293653488
54962,0.0935650467873
54964,0.0063135358505
54970,0.116751797497
54972,0.0185478311032
54973,0.18517832458
54974,0.0118457451463
54977,0.0157822426409
54978,0.0362769775093
54982,0.0160551834852
54985,0.0461197383702
54986,0.00690867844969
54988,0.00587176997215
54991,0.185110926628
54993,0.0508282445371
54995,0.0243193712085
54999,0.0266486667097
55000,0.0177295636386
55002,0.0133070861921
55004,0.00191725359764
55009,0.112330824137
55018,0.180243894458
55020,0.0338891893625
55022,0.088006362319
55024,0.0780788511038
55025,0.0216816347092
55026,0.00633188523352
55027,0.00308029190637
55028,0.0262560024858
55030,0.00245460961014
55035,0.00733012007549
55036,0.00755875743926
55040,0.0251457467675
55041,0.0220816452056
55048,0.0431858189404
55049,0.00432321429253
55050,0.061140075326
55051,0.012972926721
55054,0.00963910855353
55055,0.0047957203351
55057,0.0619505941868
55060,0.00173159968108
55061,0.00219988799654
55062,0.0439209863544
55064,0.202913895249
55066,0.169229745865
55070,0.0965251475573
55071,0.0245023984462
55072,0.018530998379
55080,0.178681373596
55082,0.102109096944
55084,0.00784145947546
55085,0.106254734099
55087,0.0318670943379
55088,0.00886422209442
55090,0.00598915759474
55091,0.0452088825405
55092,0.00766089605168
55094,0.0198759436607
55096,0.179915040731
55097,0.162858620286
55100,0.00410246709362
55101,0.0124939410016
55102,0.0273068826646
55103,0.0344189219177
55104,0.0366664081812
55109,0.00245290785097
55110,0.028020452708
55111,0.00165189383551
55114,0.063953615725
55115,0.0457592904568
55116,0.0344019830227
55117,0.00862339977175
55119,0.269758164883
55124,0.148682937026
55126,0.149700939655
55129,0.102835848927
55132,0.00457333447412
55133,0.00541253155097
55138,0.00971564464271
55143,0.0170843247324
55145,0.00899795908481
55146,0.0259698219597
55149,0.039807472378
55150,0.0246734078974
55151,0.00651281652972
55153,0.159422114491
55160,0.192514315248
55161,0.0112993987277
55163,0.0148922475055
55166,0.00500260991976
55168,0.0188292060047
55169,0.00434797257185
55172,0.059707313776
55174,0.0647184848785
55175,0.0102057587355
55176,0.0938969105482
55178,0.0156465787441
55179,0.00599205121398
55182,0.00999254826456
55186,0.236603781581
55187,0.0501126013696
55188,0.00947324838489
55192,0.229911342263
55193,0.130421429873
55194,0.0167552419007
55195,0.0305322241038
55196,0.151055723429
55197,0.0110909193754
55198,0.00704851420596
55199,0.0087966164574
55201,0.044006973505
55203,0.0357039570808
55204,0.0232861116529
55205,0.0184929519892
55206,0.00214276695624
55207,0.00747121544555
55208,0.0608727782965
55209,0.244503051043
55210,0.0098340427503
55213,0.279329717159
55214,0.0356500633061
55218,0.00337635562755
55219,0.0375301279128
55222,0.0272653568536
55223,0.0182284917682
55225,0.00931372493505
55228,0.04454664886
55229,0.0105838077143
55231,0.00279949442483
55232,0.00983970053494
55233,0.124100103974
55235,0.0131542542949
55238,0.0148458275944
55242,0.149762019515
55246,0.0681292936206
55252,0.0365390889347
55253,0.0297185759991
55256,0.0022958945483
55258,0.035038921982
55260,0.00462934235111
55261,0.00246514729224
55262,0.00542363710701
55267,0.00224720989354
55269,0.0161245707422
55270,0.0197946950793
55271,0.02220765315
55272,0.0189973954111
55274,0.0198675896972
55275,0.00202734488994
55276,0.128675058484
55279,0.0712346956134
55280,0.00243065971881
55283,0.00382499024272
55288,0.0543583184481
55289,0.00294249644503
55291,0.00939865224063
55294,0.0774342566729
55296,0.00146086851601
55297,0.0154121741652
55299,0.0102471029386
55303,0.00856190454215
55304,0.00584377674386
55307,0.0132314283401
55315,0.0168623514473
55316,0.0536160804331
55318,0.0726449936628
55321,0.0107965534553
55323,0.0330949164927
55325,0.127781629562
55326,0.0148841487244
55327,0.0232281275094
55329,0.0131048383191
55330,0.0018066422781
55334,0.00244739162736
55335,0.0113354027271
55339,0.0233892481774
55341,0.0496728122234
55343,0.00193801498972
55348,0.00433695502579
55350,0.00829869881272
55352,0.00763999344781
55353,0.0176360774785
55354,0.00152692070697
55358,0.00260426150635
55361,0.241702497005
55363,0.120182558894
55365,0.00671768328175
55366,0.0364209674299
55368,0.00321159441955
55373,0.00216432707384
55377,0.055103957653
55379,0.00171390955802
55380,0.00252067600377
55383,0.0262512303889
55384,0.106183663011
55385,0.0057618659921
55387,0.00917560700327
55391,0.0012002204312
55393,0.0567301250994
55394,0.0534225441515
55395,0.00644728681073
55396,0.00337335304357
55399,0.0284552481025
55401,0.101375043392
55402,0.00820781011134
55403,0.00332204718143
55406,0.17871569097
55409,0.0080132028088
55411,0.0168289765716
55412,0.0276304576546
55413,0.0264286845922
55414,0.00252856034786
55416,0.0204437989742
55418,0.0242706146091
55420,0.00731102656573
55421,0.0112346932292
55422,0.00963910855353
55423,0.00452854158357
55424,0.00199901359156
55425,0.0951866731048
55428,0.0502115450799
55429,0.0196527708322
55430,0.00147479656152
55431,0.0171430446208
55433,0.00472474191338
55434,0.00626176735386
55439,0.212579280138
55440,0.0133611932397
55441,0.00133696803823
55443,0.00225371867418
55445,0.0234287753701
55446,0.0220985990018
55447,0.00317730684765
55448,0.0207952540368
55449,0.149145171046
55450,0.00485776783898
55452,0.0293579883873
55455,0.0946336686611
55457,0.0878270342946
55458,0.0200221352279
55460,0.0482671447098
55461,0.00336902425624
55465,0.0252096541226
55466,0.030910640955
55470,0.00408126506954
55473,0.029319088906
55474,0.180243894458
55477,0.00133647979237
55479,0.0143663380295
55480,0.157189056277
55484,0.0131308445707
55485,0.0354844480753
55487,0.0866269022226
55489,0.0024747599382
55490,0.280803322792
55491,0.00356329465285
55494,0.0168392062187
55499,0.0139406993985
55503,0.102668605745
55505,0.0176631361246
55506,0.196150287986
55508,0.0429219081998
55509,0.00316769815981
55511,0.00821224506944
55513,0.0100216716528
55514,0.00235821306705
55517,0.0204060710967
55522,0.00350653287023
55524,0.050552867353
55526,0.00832623708993
55528,0.00502983108163
55533,0.0397673472762
55537,0.177796497941
55538,0.0120840938762
55539,0.00580878229812
55540,0.00779987871647
55541,0.00943701155484
55543,0.00842061918229
55544,0.00204987125471
55545,0.0160553939641
55546,0.0121325710788
55547,0.00942355580628
55548,0.00948811508715
55551,0.149143159389
55552,0.00565506098792
55553,0.00572152715176
55554,0.00948811508715
55556,0.0560476742685
55557,0.0222656950355
55558,0.0245717335492
55561,0.0157235544175
55563,0.00484845461324
55565,0.0321605727077
55567,0.151835769415
55571,0.104779116809
55576,0.0702682510018
55577,0.0026388715487
55581,0.0104387104511
55582,0.0179042089731
55586,0.00152905087452
55587,0.00343600008637
55591,0.260215103626
55593,0.00306158978492
55594,0.0162865258753
55596,0.207083895802
55598,0.0108449030668
55599,0.0776964649558
55604,0.00329275568947
55605,0.009695767425
55607,0.0248599499464
55608,0.00501740910113
55609,0.0237837545574
55611,0.0273552220315
55613,0.0523299053311
55618,0.0769509151578
55620,0.0639132782817
55623,0.0458345338702
55625,0.0367421582341
55626,0.00685068452731
55627,0.0060452753678
55628,0.068778552115
55630,0.0173394475132
55632,0.019044207409
55634,0.00710799498484
55638,0.0032426007092
55643,0.0209361407906
55644,0.0153855765238
55646,0.00952154118568
55648,0.0678273662925
55649,0.0127695826814
55651,0.0217950902879
55653,0.00213322881609
55654,0.0379549451172
55655,0.0246392861009
55657,0.00236111925915
55660,0.00245550530963
55664,0.00332182948478
55665,0.00290328753181
55666,0.0059580039233
55667,0.0428047068417
55668,0.00973762571812
55672,0.182993516326
55673,0.0336355157197
55674,0.0220767892897
55675,0.00560060888529
55677,0.00931372493505
55678,0.00246915710159
55681,0.180243894458
55683,0.0149604380131
55684,0.0148631390184
55685,0.00383203593083
55693,0.00794707145542
55695,0.180703148246
55696,0.00835462473333
55697,0.0835413709283
55698,0.0899975597858
55699,0.00484805228189
55701,0.0107414228842
55702,0.00491188745946
55705,0.0255444459617
55706,0.234441190958
55709,0.0154300779104
55710,0.0278448164463
55714,0.211272507906
55716,0.00439508957788
55717,0.0106865763664
55721,0.130308568478
55722,0.00624289177358
55725,0.0455651916564
55728,0.00181231880561
55730,0.00686828140169
55731,0.0122183039784
55734,0.0372371450067
55735,0.0322289839387
55742,0.0198759436607
55745,0.0328917093575
55746,0.214788943529
55749,0.00274633150548
55752,0.0503967143595
55753,0.012023024261
55758,0.0186108909547
55759,0.00268454407342
55764,0.0104030650109
55765,0.00618735793978
55767,0.00819710828364
55770,0.0108060054481
55771,0.00912044383585
55772,0.162858620286
55773,0.0490119569004
55775,0.0191118400544
55777,0.00385891599581
55781,0.00637890212238
55784,0.0428550131619
55786,0.356568902731
55789,0.00853520166129
55790,0.00985583849251
55791,0.00280093378387
55792,0.0406614765525
55794,0.0609258338809
55795,0.0176626890898
55797,0.0114126028493
55800,0.0122245084494
55801,0.0440761037171
55802,0.0043110884726
55806,0.0174068976194
55808,0.0470703989267
55810,0.00833264552057
55814,0.0273319575936
55818,0.200567856431
55820,0.00628427788615
55821,0.00280905771069
55822,0.0203315895051
55823,0.0182267334312
55825,0.204171016812
55832,0.00546981673688
55834,0.151882648468
55836,0.0141994468868
55840,0.0160876512527
55843,0.00240154587664
55844,0.0154300779104
55847,0.0168600045145
55848,0.00212486810051
55854,0.0141552351415
55855,0.0160064343363
55856,0.0128709245473
55859,0.0532529205084
55861,0.0190618187189
55862,0.0229661390185
55866,0.0100508695468
55869,0.00809339340776
55872,0.015674136579
55873,0.0220985990018
55874,0.0131716532633
55877,0.01731560193
55884,0.00257070781663
55888,0.239267453551
55889,0.00213785306551
55890,0.0203415248543
55891,0.0160062164068
55893,0.00232843239792
55897,0.111516781151
55898,0.0128477970138
55900,0.0132315596566
55901,0.00866604596376
55902,0.00184396130498
55903,0.183093830943
55904,0.00247110053897
55905,0.0105567481369
55907,0.0107744997367
55908,0.00359308021143
55909,0.00555463507771
55912,0.0580084472895
55914,0.159718349576
55915,0.0152881741524
55917,0.210358604789
55919,0.00353809120134
55925,0.181907817721
55926,0.106423191726
55931,0.0544721148908
55932,0.00999777112156
55936,0.00828114431351
55938,0.0151815265417
55939,0.0797890499234
55940,0.00705680530518
55941,0.011122873053
55944,0.00595577061176
55945,0.159745484591
55948,0.00821729935706
55950,0.0291030760854
55951,0.00731993000954
55954,0.00215760152787
55955,0.00905540492386
55956,0.00260637258179
55958,0.0285965837538
55960,0.0341473072767
55962,0.0206792969257
55964,0.0102068865672
55967,0.00942521076649
55968,0.0279026236385
55969,0.0012475050753
55970,0.0164296422154
55971,0.00129694282077
55973,0.0179477781057
55976,0.0428487434983
55978,0.00284456345253
55980,0.00750755658373
55982,0.0303488057107
55983,0.032883297652
55984,0.0350937210023
55985,0.00790232140571
55988,0.0220291353762
55989,0.0025875386782
55990,0.0297140534967
55991,0.0921084955335
55993,0.00405003130436
55994,0.190002664924
55996,0.00415687914938
55997,0.002424641978
56000,0.0517451278865
56001,0.00326097221114
56007,0.0325312167406
56011,0.00180394935887
56013,0.0315085612237
56014,0.036136623472
56015,0.00132776680402
56016,0.00238709128462
56018,0.112171038985
56019,0.0104917893186
56022,0.00299785844982
56025,0.0306774545461
56027,0.036543302238
56029,0.0293623022735
56031,0.0420781560242
56032,0.0417838729918
56033,0.00971160829067
56034,0.00724317319691
56036,0.0053568976
56037,0.00236167525873
56038,0.00229758047499
56039,0.00427742442116
56044,0.256093233824
56046,0.117526486516
56050,0.0853295624256
56052,0.0118819298223
56055,0.0106588602066
56056,0.038274448365
56059,0.00374429975636
56060,0.0136843081564
56063,0.0629706978798
56066,0.203772425652
56070,0.0141115030274
56071,0.00442164950073
56074,0.0843467712402
56075,0.026186466217
56076,0.0203652530909
56077,0.0132710952312
56079,0.00417845044285
56081,0.00225178850815
56082,0.297499984503
56088,0.009695767425
56092,0.0318134911358
56094,0.00624101096764
56096,0.00973656866699
56097,0.0231590624899
56100,0.00295954034664
56102,0.0430135652423
56106,0.109859332442
56107,0.020689535886
56109,0.00494600506499
56110,0.0227625351399
56113,0.0116526093334
56116,0.0640783011913
56118,0.0153714539483
56120,0.00309814861976
56122,0.00238865776919
56124,0.00223687896505
56125,0.0434042997658
56126,0.0111109055579
56128,0.0127713270485
56129,0.0326821096241
56130,0.0284489337355
56131,0.0521835386753
56132,0.00134697800968
56133,0.00991330482066
56134,0.0553325600922
56137,0.00133647979237
56138,0.00606234744191
56139,0.00866360124201
56140,0.0190487876534
56141,0.08640512079
56142,0.0046900799498
56146,0.00568116689101
56147,0.0339196361601
56149,0.0027094008401
56150,0.0244788639247
56152,0.00936707854271
56153,0.10420191288
56154,0.0142898168415
56155,0.00478440243751
56156,0.00231113703921
56157,0.00408491445705
56158,0.0157728679478
56160,0.0304829161614
56162,0.0407139100134
56163,0.00464466912672
56166,0.158467903733
56170,0.0149901555851
56171,0.00372494733892
56172,0.0820174217224
56173,0.00497711217031
56174,0.0717605799437
56177,0.0939353331923
56181,0.0600294955075
56185,0.00815133191645
56187,0.00205008382909
56189,0.0175948105752
56190,0.0199251063168
56194,0.0314130932093
56196,0.132105648518
56197,0.0198759436607
56205,0.0746424943209
56208,0.0118235293776
56211,0.00203753402457
56212,0.0317841097713
56218,0.146135479212
56220,0.0196028240025
56224,0.0134608652443
56225,0.0664545297623
56227,0.0196526665241
56229,0.00342168449424
56230,0.00807920377702
56231,0.00258204597048
56236,0.185458183289
56237,0.063953615725
56240,0.0958108454943
56243,0.00220188591629
56245,0.0296279545873
56249,0.0362467803061
56253,0.0314118228853
56256,0.00288465712219
56259,0.00461456086487
56260,0.0500341206789
56261,0.0024730770383
56262,0.00661775004119
56263,0.0446024090052
56265,0.138122320175
56266,0.220145657659
56267,0.00621352018788
56270,0.00316439033486
56272,0.0137198604643
56274,0.023929560557
56275,0.0196526665241
56277,0.154731437564
56284,0.00368031440303
56287,0.0153894638643
56288,0.00286041316576
56289,0.0040599484928
56290,0.0311227124184
56293,0.0101925460622
56294,0.0413921810687
56295,0.00162268651184
56296,0.00452412199229
56297,0.0119304191321
56298,0.131982773542
56301,0.00703844521195
56304,0.181907817721
56306,0.00324908457696
56307,0.143589422107
56310,0.0158390197903
56311,0.0201696325094
56312,0.00786594487727
56313,0.0537999346852
56315,0.00207132147625
56317,0.031480461359
56319,0.00248049199581
56320,0.0118474029005
56321,0.0224129613489
56322,0.00383237423375
56325,0.0270153731108
56332,0.00902853161097
56335,0.0129025271162
56336,0.0341418832541
56337,0.00411717686802
56338,0.193668991327
56340,0.0218209978193
56343,0.00558738596737
56346,0.0241622868925
56349,0.00402566604316
56350,0.0049671237357
56354,0.0242466200143
56357,0.267613559961
56361,0.00573882972822
56363,0.00299921398982
56364,0.0137104950845
56368,0.108896136284
56369,0.008291461505
56370,0.00309376884252
56371,0.0110521502793
56372,0.0184015184641
56373,0.0574428737164
56376,0.116044469178
56378,0.0108522968367
56379,0.0459048934281
56381,0.0112348310649
56383,0.00384287233464
56384,0.00587550411001
56386,0.0233747754246
56390,0.0147467330098
56391,0.00694151036441
56392,0.02515533939
56396,0.00262373453006
56399,0.0498844757676
56401,0.0130195459351
56402,0.0101721249521
56405,0.00989570468664
56406,0.0114851668477
56407,0.0250142030418
56408,0.0571636147797
56410,0.004299367778
56420,0.0361645109951
56421,0.00221633189358
56422,0.0104030650109
56424,0.00497102783993
56426,0.00350495544262
56429,0.009695767425
56430,0.00766666559502
56432,0.00280373590067
56433,0.0069373762235
56434,0.00312318839133
56436,0.0541898459196
56438,0.00592397199944
56439,0.0196028240025
56441,0.0257347356528
56442,0.0162313096225
56443,0.00279147364199
56447,0.0156744737178
56448,0.0013019607868
56450,0.0280254017562
56453,0.00709765125066
56454,0.171088069677
56455,0.0342383719981
56456,0.0243734437972
56460,0.0862671583891
56461,0.0479828231037
56465,0.00789535976946
56466,0.00908431131393
56468,0.00239788950421
56469,0.0150750782341
56470,0.00233537703753
56473,0.00348232034594
56477,0.0154644530267
56479,0.00735453143716
56480,0.0198759436607
56481,0.14345254004
56484,0.00846841838211
56486,0.00581615045667
56487,0.0257520265877
56489,0.0523779205978
56491,0.132071048021
56492,0.0118583654985
56493,0.00153383112047
56495,0.00368870818056
56496,0.0026680289302
56498,0.0278201047331
56499,0.007248936221
56501,0.00266092899255
56503,0.0084336521104
56504,0.0036348849535
56506,0.041459646076
56509,0.0109025845304
56512,0.07493994385
56513,0.0309811830521
56514,0.0324839688838
56518,0.00980713125318
56520,0.0158662628382
56525,0.00207132147625
56527,0.037586145103
56529,0.0192199759185
56531,0.00315685919486
56532,0.108412243426
56536,0.0195186007768
56538,0.0145628647879
56540,0.0145694557577
56542,0.076313868165
56551,0.238352105021
56553,0.00783023051918
56554,0.0104215340689
56556,0.00583794293925
56557,0.113037198782
56563,0.0127289984375
56564,0.0320021882653
56565,0.0109589677304
56568,0.0325312167406
56572,0.024259775877
56574,0.212123483419
56575,0.00220673973672
56576,0.0224658008665
56577,0.137263387442
56579,0.030155999586
56582,0.0146494554356
56583,0.0529219098389
56584,0.0366571545601
56587,0.0259283669293
56588,0.0307153761387
56589,0.0639132782817
56591,0.0642499998212
56592,0.0193753093481
56593,0.00818818900734
56595,0.0120281856507
56597,0.0409752503037
56603,0.0153870359063
56604,0.0482619851828
56607,0.0632152035832
56611,0.0019767654594
56612,0.00243156845681
56613,0.0694882795215
56614,0.0111206537113
56615,0.0376026108861
56617,0.00173466373235
56618,0.212579280138
56619,0.0576049387455
56622,0.0236617550254
56623,0.00142089347355
56624,0.0175545420498
56625,0.0101088304073
56630,0.140094205737
56631,0.00322104338557
56632,0.00228929822333
56636,0.0232916474342
56637,0.0722258239985
56638,0.0147027364001
56639,0.029584294185
56640,0.00294180843048
56641,0.174630403519
56644,0.019748903811
56646,0.0154300779104
56647,0.0171320419759
56648,0.00761230755597
56651,0.00160525797401
56652,0.0357243418694
56653,0.0097162136808
56654,0.16293554008
56657,0.0729370713234
56658,0.0113805616274
56660,0.0496601760387
56662,0.00572431599721
56663,0.015895916149
56665,0.00425942987204
56668,0.292097449303
56671,0.0416052863002
56672,0.0269966907799
56673,0.0282467715442
56674,0.00502032553777
56682,0.0028954052832
56683,0.00474823219702
56687,0.00326671334915
56688,0.00318880239502
56690,0.024203216657
56691,0.00965363997966
56692,0.0114176338539
56693,0.0315085612237
56695,0.00351254967973
56696,0.00266092899255
56697,0.00140203430783
56700,0.0105892410502
56701,0.0289697498083
56704,0.0292628314346
56705,0.0155617464334
56706,0.00292105320841
56708,0.00588263291866
56711,0.0846316367388
56712,0.00504799280316
56716,0.00387714034878
56717,0.0197754278779
56718,0.00116825266741
56719,0.0191522724926
56720,0.0132480682805
56721,0.0281969811767
56722,0.00856042653322
56723,0.0186304748058
56727,0.00973656866699
56728,0.246387496591
56730,0.00516564305872
56731,0.00300535722636
56732,0.0212146043777
56733,0.0154937449843
56737,0.00585200171918
56738,0.0104727372527
56739,0.114249400795
56741,0.01354422234
56742,0.00619087787345
56745,0.00510585587472
56751,0.0825925916433
56752,0.0098925512284
56754,0.0148609746248
56755,0.00999254826456
56756,0.214097365737
56757,0.0340581797063
56761,0.174630403519
56762,0.0774342566729
56766,0.0559488609433
56767,0.237387374043
56769,0.00231827818789
56770,0.00297216116451
56773,0.0475566834211
56774,0.0249400101602
56775,0.00298179523088
56777,0.0283897966146
56778,0.0871780365705
56779,0.00439906865358
56782,0.106961533427
56783,0.0363974906504
56784,0.0037135456223
56785,0.229368597269
56786,0.027396524325
56793,0.0929405987263
56794,0.0032397643663
56796,0.0270545743406
56799,0.0685239359736
56800,0.010018450208
56801,0.0535797253251
56803,0.00299570849165
56804,0.098261743784
56805,0.020502300933
56806,0.0118402084336
56807,0.0889460667968
56808,0.0498429089785
56809,0.0569003671408
56810,0.0071479617618
56812,0.0745705142617
56814,0.00875656027347
56816,0.0348383411765
56818,0.00256333476864
56821,0.195832788944
56824,0.0201849006116
56825,0.00235003000125
56829,0.0345896705985
56830,0.0319230817258
56832,0.0633893534541
56833,0.0268152896315
56835,0.0313403569162
56837,0.00445534102619
56839,0.0111453011632
56843,0.0026231133379
56844,0.0020016389899
56850,0.0025288851466
56851,0.0791896507144
56853,0.00233506597579
56854,0.163735419512
56856,0.0033603690099
56861,0.0113051431254
56862,0.151514068246
56863,0.00968506000936
56865,0.218728408217
56866,0.108516968787
56868,0.0622034780681
56869,0.003370675724
56871,0.0210214816034
56872,0.00846485607326
56873,0.0114752808586
56879,0.0154300779104
56886,0.112330824137
56887,0.00877503957599
56889,0.001466416521
56890,0.00302438670769
56898,0.0207535084337
56900,0.0042868135497
56901,0.015132448636
56902,0.0169137790799
56903,0.00279901782051
56904,0.0112449098378
56906,0.00333102722652
56907,0.242018252611
56908,0.00581902684644
56909,0.00893487595022
56910,0.0200753808022
56911,0.0169764589518
56913,0.00601571286097
56914,0.00636061327532
56915,0.0483359619975
56917,0.050438400358
56918,0.0303575210273
56920,0.0124833611771
56922,0.00645431922749
56923,0.0182306859642
56925,0.00605923915282
56927,0.00747126154602
56928,0.00947382114828
56929,0.00989730190486
56930,0.0122405253351
56932,0.00527058821172
56933,0.0023963204585
56934,0.0209872424603
56935,0.105631880462
56937,0.0168691668659
56939,0.00694746850058
56940,0.00263586128131
56943,0.0131328171119
56944,0.0201185066253
56945,0.0113175781444
56947,0.0128096025437
56949,0.0357180535793
56953,0.0162741094828
56954,0.00240625371225
56958,0.0330126918852
56961,0.0389166288078
56964,0.0254989471287
56965,0.242018252611
56968,0.154731437564
56969,0.030155999586
56972,0.00218507298268
56974,0.00804292503744
56977,0.00403581559658
56978,0.00263198185712
56979,0.0300958044827
56980,0.101734556258
56981,0.037277828902
56983,0.0234049633145
56984,0.002384447027
56989,0.00918183103204
56992,0.00902963615954
56995,0.0163172036409
56996,0.0217395350337
56998,0.00240466208197
57003,0.00319112208672
57004,0.0140976710245
57006,0.0141994468868
57007,0.00213400041685
57008,0.11449418962
57009,0.0310287605971
57010,0.128803670406
57011,0.0357107035816
57012,0.00838290620595
57015,0.144275471568
57018,0.00612613093108
57022,0.0124818105251
57024,0.00139346113428
57026,0.0516025349498
57029,0.0726302787662
57030,0.00683928001672
57031,0.0303545296192
57032,0.00152035069186
57033,0.014416131191
57035,0.0363276898861
57036,0.0166212357581
57037,0.180243894458
57038,0.139720544219
57039,0.00251860520802
57040,0.0429960899055
57042,0.0785317867994
57044,0.00343190738931
57045,0.0943517237902
57048,0.00231861253269
57049,0.177686169744
57051,0.0849272012711
57052,0.0517113879323
57055,0.120404489338
57057,0.0120688881725
57058,0.0379185043275
57059,0.0196028240025
57061,0.0173614062369
57066,0.209515318274
57067,0.263519465923
57071,0.0552625134587
57073,0.00202533532865
57074,0.00702097453177
57076,0.0112552801147
57077,0.0274928640574
57079,0.00353379687294
57082,0.00224511208944
57083,0.00712548568845
57088,0.151754811406
57093,0.0177555996925
57094,0.00988108757883
57095,0.00853252317756
57097,0.00116915605031
57100,0.0196028240025
57101,0.0155643094331
57105,0.0302626807243
57107,0.00952652469277
57108,0.015674136579
57109,0.0491269789636
57110,0.00635292148218
57111,0.00379334203899
57113,0.0152299879119
57116,0.00786594487727
57120,0.0255581587553
57123,0.0214723646641
57125,0.030248388648
57126,0.0297412853688
57130,0.0214957296848
57133,0.0624964609742
57134,0.00267379800789
57135,0.00560844875872
57139,0.00939899403602
57140,0.0018066422781
57146,0.183380305767
57148,0.00896883290261
57152,0.0120799737051
57153,0.0313552767038
57154,0.00746920425445
57156,0.0283820684999
57161,0.00319271697663
57163,0.0568520613015
57164,0.0214772094041
57165,0.19727730751
57166,0.0135283302516
57167,0.00637101335451
57171,0.0296434499323
57176,0.0153174623847
57178,0.00386414723471
57180,0.0912177711725
57182,0.00187088618986
57183,0.0586424544454
57184,0.146202206612
57185,0.0647817626595
57186,0.0624964609742
57192,0.00259515154175
57194,0.00728475255892
57195,0.00207110960037
57196,0.0107458122075
57200,0.0372371450067
57203,0.0145166171715
57205,0.0166962239891
57206,0.0254294071347
57209,0.003540760139
57210,0.0295591372997
57211,0.00356359267607
57212,0.00219487491995
57216,0.00127689412329
57217,0.00295146903954
57218,0.0276676081121
57222,0.154896631837
57223,0.00786594487727
57225,0.0035463955719
57226,0.0294356886297
57229,0.00307807861827
57230,0.0011691438267
57235,0.00260637258179
57237,0.00948811508715
57239,0.00306017533876
57240,0.0337543040514
57242,0.00192380091175
57243,0.0203315895051
57245,0.00948811508715
57246,0.0218173433095
57247,0.009695767425
57248,0.146135479212
57250,0.00454795919359
57253,0.162346303463
57255,0.0207687038928
57256,0.00224619009532
57259,0.0503922961652
57261,0.165868967772
57267,0.00638081273064
57269,0.00799347180873
57270,0.0231622494757
57271,0.0284538082778
57275,0.127608075738
57278,0.0173419825733
57281,0.00970928370953
57288,0.0123427947983
57289,0.0184164904058
57290,0.014518246986
57291,0.0269922520965
57295,0.00157937069889
57296,0.118968687952
57300,0.0114107029513
57304,0.0170358195901
57307,0.0173419825733
57311,0.00750230718404
57313,0.00933723617345
57314,0.00948811508715
57316,0.0170769039541
57319,0.0183900538832
57320,0.00131038669497
57321,0.00142053095624
57322,0.021543122828
57323,0.0245368536562
57324,0.0339251123369
57325,0.0288760140538
57326,0.0358480252326
57327,0.00172713887878
57330,0.0136112421751
57331,0.0849960818887
57332,0.00259412731975
57334,0.0140815293416
57335,0.183380305767
57342,0.0506217703223
57343,0.0108726778999
57344,0.0195165611804
57345,0.0345368236303
57351,0.144930705428
57354,0.0865063369274
57358,0.00573878362775
57359,0.0141994468868
57360,0.0219065099955
57361,0.0088859833777
57363,0.00246848771349
57365,0.0128545109183
57366,0.00735379988328
57367,0.00477750040591
57369,0.0198622364551
57370,0.227852612734
57371,0.00971564464271
57372,0.150848373771
57375,0.0116230854765
57378,0.00132736552041
57379,0.0188757888973
57380,0.00224593793973
57381,0.00221951655112
57382,0.00216510379687
57385,0.00575616816059
57386,0.151265591383
57388,0.00306715723127
57390,0.00277392799035
57391,0.00268631777726
57394,0.0196006800979
57402,0.00176633952651
57404,0.010758751072
57407,0.0048709847033
57409,0.0805613473058
57412,0.030224410817
57413,0.00273608067073
57414,0.0112072359771
57415,0.00549581740052
57417,0.00768761103973
57419,0.00272574205883
57421,0.0178278945386
57424,0.0119551103562
57426,0.209515318274
57434,0.0110783753917
57435,0.0289383102208
57437,0.0560649186373
57438,0.00834731943905
57441,0.0433967970312
57442,0.0137461395934
57449,0.0199529472739
57450,0.00384803279303
57451,0.0168823227286
57454,0.00620139762759
57456,0.0184041764587
57457,0.0339581742883
57459,0.0425739511847
57462,0.0106733106077
57468,0.0193964559585
57470,0.0172045025975
57471,0.00461375713348
57474,0.0302686076611
57480,0.00909838452935
57481,0.0425439625978
57482,0.0221025049686
57489,0.00443065771833
57495,0.0444038845599
57498,0.0357359088957
57499,0.0135528445244
57501,0.163415163755
57505,0.00749533064663
57510,0.0443912222981
57511,0.00986450258642
57512,0.0243622101843
57514,0.00858780369163
57516,0.0430539883673
57519,0.0140418056399
57526,0.0206321775913
57529,0.00987648777664
57530,0.0307153761387
57531,0.00263173924759
57532,0.0769715607166
57533,0.0398385934532
57536,0.0029677671846
57538,0.0518882833421
57540,0.21300855279
57541,0.0118479551747
57542,0.0123415682465
57545,0.0287402421236
57548,0.254323661327
57549,0.194559916854
57551,0.0174870546907
57552,0.061593465507
57555,0.0121279200539
57558,0.0211635474116
57563,0.00424361554906
57569,0.00330869690515
57573,0.00526160607114
57574,0.0325156971812
57578,0.00712594436482
57579,0.063395164907
57581,0.246913313866
57583,0.00986992474645
57584,0.0385871492326
57587,0.0240868311375
57591,0.032566908747
57592,0.0443239212036
57594,0.0367920771241
57595,0.0111703751609
57598,0.006516427733
57599,0.00245460961014
57604,0.00819198787212
57607,0.171088069677
57608,0.0265733860433
57609,0.0101716788486
57610,0.0369439907372
57612,0.0108109042048
57615,0.010770490393
57618,0.0145423766226
57619,0.00808761827648
57621,0.0203824397177
57622,0.0252963360399
57624,0.0293940771371
57627,0.0385871492326
57629,0.0242970623076
57631,0.181015267968
57633,0.118102803826
57636,0.0255321282893
57638,0.00635392963886
57639,0.00467603094876
57640,0.0196526665241
57642,0.0196028240025
57643,0.0115303667262
57644,0.00287239532918
57645,0.00320538156666
57646,0.010258260183
57648,0.00255679991096
57649,0.306547939777
57650,0.152391150594
57651,0.0326774269342
57655,0.0192606411874
57656,0.164334267378
57657,0.117927648127
57659,0.0666731446981
57660,0.0308077316731
57662,0.0141994468868
57663,0.00159822660498
57667,0.0151200871915
57670,0.0182848349214
57672,0.0638539493084
57674,0.00157299311832
57675,0.00252909911796
57676,0.00360285164788
57677,0.0111519191414
57679,0.0251914020628
57681,0.00266106589697
57682,0.0107411136851
57683,0.0196514986455
57684,0.0223240219057
57686,0.0402847528458
57688,0.0561649054289
57691,0.00560194486752
57693,0.0517046898603
57694,0.0115922037512
57695,0.0339942872524
57696,0.0325312167406
57698,0.0652260929346
57701,0.0847035720944
57702,0.0123918410391
57703,0.0332385599613
57704,0.0123706525192
57708,0.152385652065
57709,0.00391794508323
57710,0.0276027601212
57713,0.0151690328494
57715,0.0133502166718
57717,0.0163693856448
57718,0.0026231133379
57719,0.0086134141311
57720,0.00543044740334
57722,0.018940538168
57723,0.0297633558512
57725,0.00549238873646
57728,0.0029332106933
57729,0.0323144681752
57730,0.0211426373571
57732,0.0188969802111
57733,0.00980825629085
57737,0.00263198185712
57739,0.00228929822333
57744,0.0448568686843
57745,0.0440685637295
57747,0.00792163889855
57748,0.0133806439117
57749,0.0029066989664
57752,0.0108195664361
57753,0.00155183742754
57754,0.0543464682996
57755,0.00966024305671
57756,0.00180045969319
57758,0.260067790747
57759,0.213669925928
57760,0.0273592397571
57764,0.0227871704847
57766,0.00498839840293
57767,0.09854901582
57768,0.0651872679591
57771,0.0376236364245
57772,0.154896631837
57774,0.00434602843598
57777,0.0136219626293
57781,0.0349171049893
57782,0.0823459997773
57783,0.00153421366122
57785,0.0163206495345
57789,0.0320855826139
57790,0.0582873038948
57792,0.00886214803904
57796,0.0332154668868
57799,0.0141994468868
57800,0.00826855562627
57801,0.0949216857553
57802,0.0258999001235
57803,0.181669875979
57804,0.0021065690089
57807,0.0170059837401
57809,0.00303799845278
57810,0.00307754147798
57813,0.00125270546414
57814,0.00948811508715
57815,0.00188225135207
57817,0.0240645036101
57818,0.0322578772902
57819,0.00432270299643
57822,0.0332757495344
57823,0.0204630997032
57824,0.010513686575
57825,0.0187209229916
57826,0.00454594334587
57827,0.00897220335901
57828,0.00240790471435
57830,0.0146605614573
57833,0.0312252175063
57834,0.0998904630542
57836,0.00396725675091
57837,0.00387339410372
57838,0.0416622646153
57842,0.00368557451293
57845,0.00575496209785
57849,0.0365741625428
57850,0.00552531983703
57851,0.0104249222204
57852,0.00347479968332
57853,0.00372889917344
57856,0.0123502556235
57860,0.0633291825652
57861,0.0133678512648
57862,0.00664781639352
57864,0.0304763279855
57865,0.0396093167365
57867,0.117717005312
57872,0.0260359570384
57873,0.0220985990018
57874,0.00509572168812
57875,0.0855812504888
57877,0.00802632793784
57880,0.0313089378178
57881,0.0403550304472
57883,0.00688846968114
57884,0.00505946530029
57885,0.0338854491711
57891,0.00226233433932
57892,0.0220985990018
57894,0.00779757695273
57896,0.0218942221254
57900,0.00250876531936
57901,0.00295162061229
57903,0.00278083351441
57906,0.035726454109
57909,0.152377322316
57910,0.0954225584865
57911,0.026129167527
57912,0.0097470479086
57913,0.0432117208838
57915,0.0434696525335
57916,0.00571073312312
57917,0.00673049828038
57921,0.00762256234884
57922,0.0150062600151
57926,0.0204935185611
57927,0.177686169744
57928,0.0264792665839
57930,0.017545407638
57932,0.217265620828
57933,0.00583596760407
57938,0.00427929358557
57939,0.0717710331082
57942,0.0180632714182
57945,0.0487731546164
57947,0.00343561335467
57948,0.00180412095506
57949,0.0248795691878
57950,0.0450078248978
57951,0.0154343601316
57952,0.0659382268786
57953,0.0107957692817
57955,0.0119596552104
57956,0.00330590223894
57961,0.00134553748649
57963,0.00370864290744
57964,0.00854517053813
57965,0.00972100440413
57967,0.229478180408
57971,0.00661180214956
57972,0.00221767136827
57975,0.182080566883
57976,0.00882916338742
57978,0.00308238179423
57979,0.226189091802
57981,0.130202516913
57984,0.00304652401246
57986,0.00989148113877
57990,0.00243156845681
57992,0.00127578305546
57993,0.00123438797891
57997,0.00718447612599
57999,0.140702217817
58001,0.0682972148061
58002,0.0999193266034
58005,0.0213336553425
58007,0.00648401118815
58008,0.003540760139
58009,0.00435872608796
58010,0.00462445802987
58011,0.170339971781
58012,0.0118402084336
58014,0.0284949205816
58016,0.0436089634895
58020,0.0220316592604
58023,0.00697396555915
58024,0.00219244812615
58025,0.0399775467813
58027,0.00240426044911
58032,0.171088069677
58033,0.0409609749913
58035,0.142572596669
58036,0.0554958283901
58038,0.00140562385786
58040,0.0175223499537
58043,0.01146540232
58044,0.0131851891056
58046,0.216115191579
58050,0.00344552937895
58051,0.0255321282893
58053,0.183093830943
58054,0.0426053740084
58055,0.0023701468017
58056,0.236478731036
58058,0.0250644106418
58059,0.0373437441885
58062,0.00948811508715
58067,0.060332223773
58068,0.00251553067937
58069,0.0217553917319
58070,0.0138839446008
58071,0.00339472107589
58075,0.0311066452414
58076,0.0125525901094
58077,0.00863449927419
58078,0.00816483236849
58080,0.00148669385817
58081,0.0129721080884
58082,0.0283996295184
58083,0.0218195877969
58084,0.0113421166316
58086,0.0141994468868
58087,0.0141994468868
58092,0.0227754190564
58093,0.0120985619724
58095,0.216286718845
58096,0.0190382990986
58097,0.0425401553512
58098,0.00459672743455
58104,0.0679104998708
58105,0.0290020257235
58110,0.00191758037545
58111,0.00994960404932
58114,0.00721702026203
58117,0.0113358516246
58124,0.0370534397662
58126,0.18049903214
58130,0.004282661248
58131,0.0464522652328
58132,0.0159489717335
58135,0.00323164253496
58136,0.00772497523576
58138,0.0609196871519
58140,0.00698362151161
58141,0.039404861629
58142,0.0074240709655
58143,0.00713351555169
58144,0.0373130962253
58145,0.00115320913028
58146,0.0126374494284
58147,0.0311514940113
58149,0.00429045036435
58153,0.0300195906311
58155,0.0436303317547
58166,0.00280318153091
58168,0.0218391530216
58171,0.241508707404
58172,0.0196028240025
58173,0.020880125463
58177,0.0179697759449
58178,0.0172691307962
58179,0.282332152128
58181,0.0387308783829
58182,0.157422751188
58185,0.00796017237008
58187,0.0358500592411
58189,0.0150921791792
58190,0.00477401260287
58193,0.0225991625339
58194,0.00800546631217
58196,0.288173079491
58197,0.00947911571711
58198,0.00509009929374
58199,0.0257382560521
58202,0.278912484646
58205,0.0419670976698
58207,0.128320023417
58209,0.0209459476173
58211,0.00224959640764
58212,0.0107009485364
58213,0.21115359664
58214,0.0197765044868
58215,0.0493676140904
58221,0.00360865914263
58222,0.0155448811129
58224,0.118622817099
58225,0.0240080915391
58226,0.00637357030064
58227,0.0498704947531
58228,0.0348276495934
58229,0.00809466838837
58231,0.222680866718
58232,0.0428313910961
58234,0.0132362619042
58235,0.00183180649765
58237,0.0104515543208
58238,0.11350030452
58240,0.102780260146
58241,0.0170609671623
58242,0.175810948014
58244,0.0109431166202
58247,0.00465868832543
58248,0.00291020446457
58252,0.0190211106092
58254,0.00919976364821
58256,0.00257508503273
58259,0.0187675897032
58261,0.0456323847175
58266,0.131990283728
58268,0.00261800596491
58271,0.148503661156
58273,0.0117655443028
58274,0.0108111388981
58275,0.00401794584468
58276,0.0124012744054
58277,0.118835158646
58278,0.0331746935844
58279,0.035363625735
58280,0.00397519301623
58281,0.0108150811866
58283,0.0314872562885
58287,0.00418547028676
58288,0.00552930636331
58289,0.0107399895787
58290,0.00673886481673
58291,0.0287613086402
58292,0.143230035901
58293,0.0106221055612
58297,0.0196028240025
58300,0.0123464120552
58302,0.00204378459603
58303,0.226760387421
58304,0.031025711447
58305,0.0141994468868
58306,0.010770490393
58307,0.0251015480608
58311,0.00487720873207
58313,0.00139031151775
58315,0.00620226515457
58316,0.0526307448745
58319,0.182862743735
58324,0.049167111516
58325,0.0174182783812
58326,0.0106218801811
58327,0.0637878701091
58329,0.00338981859386
58332,0.00400703959167
58333,0.14123852551
58334,0.00263744243421
58336,0.0220985990018
58339,0.00702187232673
58340,0.00427988870069
58341,0.0225215833634
58344,0.00327264051884
58349,0.0709977373481
58351,0.0159947611392
58352,0.00213299342431
58353,0.00936836190522
58355,0.045024883002
58356,0.0434614382684
58358,0.00149649940431
58360,0.0144243314862
58361,0.216356471181
58362,0.00284227449447
58363,0.00475848233327
58364,0.00862444750965
58367,0.00238456018269
58370,0.00668406300247
58371,0.0501554496586
58375,0.00999254826456
58376,0.00494703045115
58377,0.0154300779104
58379,0.0559875108302
58381,0.0736151263118
58383,0.0171801708639
58386,0.0745504945517
58388,0.0365245863795
58389,0.00995391327888
58390,0.0175025034696
58391,0.00362127413973
58393,0.00561782484874
58396,0.0104337716475
58397,0.0895720422268
58402,0.018157042563
58406,0.0749115496874
58408,0.0200887750834
58411,0.0102230999619
58419,0.00727912643924
58421,0.00816344190389
58425,0.0255167391151
58426,0.00257493695244
58429,0.0218886211514
58432,0.00261563900858
58435,0.00382273457944
58437,0.00260637258179
58441,0.00236457888968
58445,0.00264437915757
58446,0.00410751160234
58448,0.00424090214074
58451,0.0764211118221
58452,0.0190526228398
58454,0.0100503657013
58455,0.00802870560437
58457,0.00196831882931
58458,0.00206058821641
58465,0.00766180967912
58466,0.0423130728304
58467,0.0329718515277
58470,0.00494292937219
58473,0.0207773372531
58475,0.0541207715869
58478,0.213168025017
58479,0.00272666895762
58482,0.0154300779104
58485,0.103238843381
58486,0.00721944356337
58487,0.00836622342467
58488,0.00726251676679
58489,0.011311924085
58490,0.00246389769018
58491,0.00171705265529
58492,0.00400733295828
58493,0.00665339827538
58494,0.00297171925195
58495,0.0411136671901
58497,0.0038208772894
58498,0.016115963459
58500,0.011305638589
58503,0.0394092462957
58504,0.00930223613977
58506,0.0824630707502
58509,0.220083504915
58510,0.0033446373418
58512,0.00205599167384
58513,0.0781864002347
58515,0.00294559681788
58516,0.0144243314862
58517,0.0197368189692
58518,0.00138863699976
58522,0.00359272840433
58526,0.017045468092
58527,0.0196028240025
58528,0.00272380351089
58529,0.0881524756551
58531,0.01590869762
58536,0.0315728746355
58537,0.0260776504874
58538,0.0147174010053
58544,0.0650895982981
58548,0.0806949213147
58550,0.00434694858268
58552,0.146135479212
58553,0.0201098751277
58555,0.0318670943379
58557,0.00985290296376
58558,0.0629721730947
58559,0.0144243314862
58560,0.0113022979349
58563,0.0102258799598
58564,0.0192592814565
58565,0.0430642217398
58566,0.00860417168587
58567,0.00349470600486
58568,0.0536159984767
58570,0.00558181433007
58571,0.00223892345093
58572,0.00538667757064
58575,0.00238865776919
58576,0.00535328825936
58577,0.00469171861187
58580,0.167927995324
58584,0.00232031289488
58585,0.0625652372837
58586,0.00724774459377
58587,0.00231709959917
58589,0.0177196934819
58593,0.0689729973674
58594,0.0196028240025
58596,0.0196028240025
58597,0.00815504882485
58600,0.0268337931484
58601,0.0696335285902
58603,0.00967897940427
58605,0.0256491471082
58606,0.0312958545983
58607,0.0135354213417
58609,0.0793925821781
58610,0.0478189773858
58611,0.0124012744054
58617,0.0102579900995
58620,0.294341832399
58621,0.0320051126182
58622,0.00649662641808
58624,0.2037679106
58625,0.0162004083395
58628,0.00731404591352
58629,0.0833725109696
58631,0.0330299027264
58632,0.00906973332167
58639,0.291933655739
58645,0.197411194444
58646,0.260067790747
58647,0.0040266928263
58648,0.00136000162456
58649,0.0025560897775
58651,0.0188402608037
58652,0.0046922750771
58653,0.00290570827201
58654,0.00240207812749
58656,0.00194718979765
58662,0.227802842855
58666,0.0169486366212
58668,0.0173419825733
58672,0.00675644539297
58677,0.0114500476047
58684,0.00468535907567
58685,0.0315085612237
58687,0.0184860602021
58688,0.00202822871506
58689,0.0136973215267
58690,0.017043095082
58693,0.0147773530334
58694,0.00181729008909
58695,0.00866395700723
58697,0.0737793669105
58698,0.00250391103327
58699,0.057587120682
58700,0.0088316006586
58702,0.036017395556
58703,0.200908645988
58707,0.00407002354041
58713,0.0278741978109
58715,0.0138635113835
58716,0.00694344984367
58717,0.00668857619166
58719,0.0196028240025
58722,0.107868887484
58723,0.0154300779104
58724,0.068013548851
58727,0.00330561771989
58728,0.00390686793253
58734,0.0157365053892
58737,0.0190103519708
58739,0.00849439483136
58740,0.025792889297
58742,0.0196028240025
58747,0.0146494554356
58748,0.00136408780236
58749,0.046465549618
58750,0.0163200758398
58751,0.0624634921551
58753,0.0269903596491
58754,0.00485183345154
58755,0.00421076267958
58757,0.00382211897522
58759,0.00243837200105
58760,0.0176759064198
58761,0.00504039227962
58764,0.00613351259381
58765,0.0135051673278
58767,0.0110134510323
58771,0.271623194218
58774,0.216872110963
58776,0.177686169744
58777,0.00213171588257
58778,0.0250781159848
58783,0.00146154058166
58784,0.00194041442592
58785,0.0229926351458
58786,0.00303859938867
58787,0.00187086127698
58788,0.00787946116179
58789,0.0104030650109
58791,0.002594755264
58792,0.0023963204585
58793,0.0264629237354
58794,0.0102051086724
58796,0.00285577354953
58799,0.0163929350674
58800,0.00880116596818
58802,0.0183844249696
58804,0.0571296140552
58806,0.0114446571097
58809,0.0261867642403
58811,0.0266657099128
58812,0.00523879658431
58813,0.0299579277635
58818,0.010694630444
58826,0.0211966112256
58827,0.0130419861525
58828,0.0268270410597
58829,0.17871569097
58833,0.00710002752021
58834,0.0423365682364
58835,0.0554372705519
58837,0.0156347304583
58839,0.127673596144
58846,0.00304294028319
58848,0.0014860718511
58849,0.183093830943
58851,0.0583033971488
58852,0.00504291336983
58856,0.0808156132698
58857,0.00855771172792
58858,0.0222787372768
58860,0.0163693856448
58861,0.199514046311
58862,0.0905632823706
58864,0.00275395438075
58867,0.0072420174256
58868,0.009695767425
58871,0.0179672110826
58875,0.0210681650788
58880,0.290501207113
58885,0.0112060206011
58886,0.0350336022675
58888,0.0323277488351
58889,0.00272104865871
58890,0.00242448877543
58891,0.00366116641089
58894,0.103154823184
58895,0.00415468309075
58896,0.0199709627777
58897,0.010809134692
58898,0.0124012744054
58899,0.234441190958
58900,0.234971702099
58901,0.0595673322678
58904,0.00279146549292
58913,0.145880699158
58914,0.069269888103
58915,0.0506783016026
58924,0.00253501371481
58925,0.00287928432226
58926,0.00202709599398
58930,0.125289335847
58931,0.0497931391001
58932,0.0119501035661
58934,0.128079235554
58935,0.00329059176147
58936,0.0109975021333
58938,0.00478618685156
58943,0.002152338624
58947,0.00278210733086
58948,0.00969745218754
58949,0.017759192735
58950,0.242438927293
58951,0.00243614730425
58952,0.0375813394785
58953,0.0622619390488
58958,0.0089750867337
58964,0.180658891797
58966,0.181796148419
58969,0.018506584689
58971,0.00478522200137
58972,0.0247771479189
58974,0.152990862727
58976,0.00737903034315
58979,0.0842357426882
58980,0.113974317908
58981,0.00817456841469
58982,0.00432626297697
58985,0.00674750702456
58989,0.0606492049992
58990,0.00279147364199
58991,0.0350365266204
58992,0.00726189371198
58995,0.00940965116024
58997,0.00230710557662
58999,0.0183630622923
59000,0.114453367889
59002,0.00390427792445
59004,0.019915740937
59005,0.0092549007386
59008,0.0142221711576
59010,0.0123524069786
59011,0.0141994468868
59012,0.00128889910411
59013,0.0341590568423
59014,0.0177737046033
59015,0.0226929336786
59018,0.0102203544229
59022,0.00263645686209
59023,0.0730263665318
59024,0.0179154314101
59025,0.0199306365103
59027,0.028062812984
59028,0.00241570733488
59029,0.0719706714153
59032,0.0196818597615
59034,0.00752387940884
59036,0.015837918967
59037,0.00306134088896
59038,0.00874139647931
59040,0.0154300779104
59043,0.105464190245
59045,0.201547667384
59048,0.111946128309
59050,0.0365183763206
59053,0.0129605615512
59054,0.237821727991
59055,0.00564993405715
59056,0.1497605443
59058,0.00450274674222
59060,0.0175959635526
59065,0.0165551789105
59068,0.00797553081065
59071,0.0303488057107
59072,0.014888105914
59073,0.255330651999
59075,0.0125346230343
59078,0.00303027126938
59079,0.0145694557577
59081,0.00765498215333
59085,0.0138529548422
59087,0.00284279347397
59088,0.0136328600347
59090,0.0128296902403
59091,0.0635229125619
59092,0.0289611183107
59101,0.00619523553178
59102,0.0471666790545
59105,0.00394700001925
59107,0.00440156273544
59112,0.0184071175754
59114,0.010079476051
59115,0.0212329700589
59116,0.00596713507548
59117,0.0503967478871
59118,0.0427801534534
59119,0.009695767425
59120,0.018418809399
59123,0.0588056445122
59128,0.0112985419109
59131,0.00571589311585
59139,0.0135505562648
59141,0.00834731943905
59143,0.030334206298
59144,0.0516051091254
59145,0.00501798745245
59146,0.0315085612237
59150,0.050393987447
59153,0.0277236718684
59154,0.00786337722093
59155,0.0101072518155
59158,0.00229995604604
59159,0.0213582459837
59167,0.00956575293094
59170,0.0224236696959
59172,0.0102203544229
59175,0.00241056713276
59177,0.0107472259551
59179,0.0107884490862
59181,0.0142644364387
59183,0.013843675144
59185,0.0297185759991
59186,0.0221502650529
59187,0.00121712684631
59189,0.0438289009035
59191,0.00396255450323
59192,0.00613295705989
59193,0.00917131640017
59194,0.00149622152094
59195,0.0163693856448
59198,0.0105524612591
59201,0.00409161206335
59202,0.0220291353762
59207,0.0318670943379
59210,0.0034427663777
59217,0.00250946101733
59219,0.00136814313009
59220,0.0187079012394
59221,0.225221693516
59223,0.00466151535511
59225,0.007177925203
59227,0.00445694010705
59230,0.0441220961511
59231,0.183093830943
59233,0.0349422357976
59236,0.0483473241329
59237,0.333252251148
59239,0.124732740223
59240,0.00275359698571
59241,0.00206921622157
59243,0.00464442884549
59244,0.00316328182817
59246,0.151060134172
59248,0.0021592755802
59249,0.030284371227
59250,0.00655084522441
59252,0.0100039560348
59256,0.0101072518155
59258,0.226866289973
59260,0.214314818382
59261,0.0129696605727
59262,0.00268212449737
59264,0.0325200930238
59265,0.00511994818226
59271,0.0158780161291
59273,0.00740885362029
59282,0.00220646779053
59284,0.00573838595301
59287,0.0175414960831
59288,0.129806265235
59289,0.0112387351692
59291,0.00525358552113
59292,0.0045277136378
59293,0.00753759266809
59295,0.0383271574974
59296,0.00632323883474
59297,0.282332152128
59300,0.159745484591
59301,0.0141994468868
59302,0.00210865400732
59304,0.0972073823214
59306,0.0218455977738
59311,0.00772478850558
59312,0.00311554479413
59314,0.00491824746132
59318,0.180920794606
59320,0.0124333780259
59324,0.00214273831807
59327,0.00146614143159
59329,0.00955082476139
59330,0.00520058814436
59332,0.00139950634912
59333,0.0168691668659
59334,0.0452332980931
59336,0.00804073736072
59338,0.00196891184896
59341,0.019700711593
59342,0.0257841143757
59343,0.117678642273
59344,0.0143593242392
59345,0.0179069098085
59349,0.0433224774897
59353,0.0137336309999
59355,0.0128244012594
59356,0.00994114391506
59357,0.0325312167406
59364,0.0170468837023
59365,0.0235857889056
59367,0.0148458275944
59369,0.0541580095887
59370,0.0356926880777
59373,0.0315783582628
59374,0.0126154245809
59375,0.181015387177
59376,0.0105322962627
59380,0.00266372482292
59381,0.00635596830398
59382,0.0294564440846
59383,0.0283964332193
59385,0.0026767521631
59388,0.221497401595
59389,0.0670264139771
59390,0.135121449828
59391,0.0729110240936
59392,0.211628049612
59394,0.0147046567872
59395,0.0277706217021
59396,0.010215700604
59398,0.0470044501126
59399,0.0310689546168
59401,0.00259308493696
59402,0.0144650405273
59405,0.014503095299
59409,0.0112276347354
59412,0.09984523803
59415,0.00704298308119
59416,0.019780471921
59420,0.0145423766226
59421,0.0235247593373
59422,0.00601511448622
59423,0.00331552373245
59424,0.0441113859415
59425,0.0292178317904
59427,0.00661761127412
59430,0.0516141057014
59431,0.040874261409
59433,0.00257992371917
59435,0.00719937868416
59439,0.0194207504392
59440,0.00172350462526
59442,0.00376830529422
59443,0.00566405849531
59444,0.0101115703583
59446,0.0105197653174
59448,0.00248479656875
59449,0.0444152988493
59450,0.010770490393
59452,0.02723075822
59453,0.0127936927602
59454,0.063953615725
59455,0.180243894458
59456,0.00930520705879
59457,0.00145086564589
59459,0.0136556988582
59461,0.00874718278646
59462,0.00473581859842
59463,0.0196028240025
59464,0.00444736378267
59468,0.0141994468868
59469,0.101920545101
59472,0.0279738549143
59475,0.0186721011996
59477,0.0178660247475
59478,0.0108740925789
59479,0.00725135533139
59480,0.0493618175387
59481,0.00391737185419
59482,0.0364911593497
59484,0.0216574296355
59485,0.0219403076917
59487,0.00681673269719
59489,0.266043096781
59492,0.00952176190913
59493,0.0604716800153
59494,0.0401253215969
59495,0.00905540492386
59500,0.0396845974028
59501,0.0301223881543
59502,0.0170422419906
59504,0.0487642847002
59505,0.0116746295244
59508,0.0027877248358
59511,0.188684687018
59512,0.0668214708567
59514,0.00156822765712
59516,0.0100830923766
59519,0.0046767834574
59520,0.00462190434337
59523,0.0473029017448
59529,0.0141439810395
59531,0.00234531704336
59533,0.00387427210808
59536,0.0170059837401
59537,0.0139737660065
59538,0.0302626807243
59540,0.00141900160816
59541,0.0476964488626
59542,0.00352205429226
59544,0.0118402084336
59549,0.0540412291884
59551,0.00126075290609
59553,0.0196526665241
59554,0.00584390433505
59555,0.0138210011646
59556,0.0137546956539
59557,0.0196028240025
59558,0.0570964701474
59560,0.0304166339338
59563,0.00183486077003
59566,0.0424273870885
59568,0.182393267751
59570,0.0132023124024
59571,0.00248967553489
59576,0.00422033667564
59581,0.0143330423161
59582,0.0570041388273
59589,0.0185075514019
59591,0.0153634659946
59594,0.0196028240025
59596,0.00136814313009
59597,0.0565427318215
59599,0.0338283143938
59603,0.0137198287994
59605,0.064652569592
59606,0.0606861449778
59607,0.27794033289
59608,0.0825188606977
59609,0.0177790578455
59611,0.0508642233908
59613,0.0205358285457
59614,0.193703815341
59617,0.0154300779104
59618,0.0153326941654
59620,0.0145787689835
59621,0.00298424600624
59622,0.00957431364805
59623,0.00275135366246
59624,0.0331943817437
59628,0.142393872142
59629,0.010941542685
59632,0.0205945707858
59634,0.424682706594
59638,0.019872520119
59641,0.0961163416505
59642,0.0255321282893
59644,0.00255532027222
59646,0.00473719649017
59649,0.00789404567331
59650,0.0026078929659
59655,0.00557269342244
59658,0.030155999586
59660,0.0414790101349
59664,0.00253347563557
59667,0.0433656536043
59669,0.181588485837
59671,0.177686169744
59676,0.0406832024455
59677,0.025135487318
59680,0.190002664924
59681,0.0613811425865
59683,0.0135528445244
59684,0.0355190522969
59686,0.00367417559028
59689,0.00917796604335
59691,0.0130595695227
59692,0.0325312167406
59693,0.0275495294482
59694,0.0100300963968
59696,0.0101601583883
59697,0.0141994468868
59698,0.0431471243501
59699,0.0141994468868
59700,0.0235722027719
59703,0.0333616398275
59704,0.0196028240025
59707,0.00405319267884
59708,0.0197564065456
59713,0.136737957597
59715,0.00948811508715
59723,0.142930164933
59724,0.0118952048942
59729,0.0105684641749
59731,0.00904707424343
59736,0.0105973631144
59738,0.0196573883295
59740,0.0109894564375
59741,0.00537423230708
59745,0.187179386616
59746,0.153244554996
59748,0.0154721140862
59749,0.00654922565445
59750,0.129053518176
59751,0.0216391347349
59755,0.002297752304
59758,0.0613433085382
59763,0.0320363342762
59764,0.00233465596102
59767,0.00442675128579
59768,0.00674775661901
59769,0.0363760814071
59773,0.00259423837997
59775,0.0174791831523
59776,0.174159288406
59778,0.00351099763066
59780,0.00253281765617
59781,0.00288480520248
59782,0.127106115222
59785,0.0220621302724
59787,0.00672979420051
59788,0.00804216042161
59790,0.00947382114828
59793,0.00245290785097
59795,0.00388355227187
59797,0.0025916621089
59798,0.0145423766226
59800,0.0331684164703
59802,0.0196028240025
59805,0.0123147331178
59807,0.00471467105672
59809,0.00405402993783
59810,0.0170377939939
59811,0.0095576569438
59813,0.0179496426135
59814,0.0854502171278
59815,0.0633722171187
59817,0.0502458922565
59818,0.0085536185652
59821,0.073194861412
59823,0.011934062466
59826,0.210134550929
59827,0.0275959707797
59833,0.0734071061015
59841,0.0275254454464
59843,0.00581706641242
59844,0.00140239472967
59846,0.0427046790719
59849,0.0260488986969
59851,0.008271003142
59853,0.00630004052073
59854,0.0707355886698
59855,0.00277127791196
59858,0.0132075985894
59859,0.00301585835405
59860,0.00860957149416
59862,0.0495470725
59863,0.0264906659722
59864,0.0558840297163
59865,0.0159122664481
59866,0.00719304196537
59867,0.039709802717
59873,0.00227894238196
59874,0.0136556988582
59876,0.0284331273288
59877,0.00127997423988
59879,0.0383227653801
59882,0.0150401704013
59883,0.0317325331271
59884,0.00242729508318
59885,0.024889241904
59887,0.00137469451874
59889,0.0403160005808
59891,0.00672159157693
59893,0.00243156845681
59894,0.0108377132565
59895,0.0131037291139
59898,0.00261016236618
59900,0.00243100873195
59902,0.317465782166
59903,0.0719813778996
59904,0.0196028240025
59905,0.014779788442
59907,0.164304107428
59908,0.00940042827278
59909,0.0551002174616
59910,0.00403806194663
59911,0.0983807593584
59912,0.0112908100709
59914,0.0320077650249
59917,0.0870321914554
59918,0.00946157798171
59919,0.213168025017
59920,0.0141429230571
59921,0.00187129480764
59923,0.0629264190793
59924,0.0493300296366
59925,0.0133625445887
59927,0.00566862616688
59928,0.0524712949991
59936,0.182936728001
59939,0.0358377993107
59940,0.00672224722803
59943,0.0108922999352
59945,0.00769922370091
59946,0.107567474246
59948,0.00287801004015
59950,0.00955542735755
59951,0.206323668361
59952,0.0332687348127
59953,0.00243957061321
59955,0.190879195929
59956,0.0218416582793
59958,0.00598322460428
59959,0.126775592566
59960,0.00323190400377
59961,0.126261815429
59962,0.0492680259049
59968,0.00304873054847
59969,0.00425745267421
59974,0.0121195530519
59976,0.0125778643414
59979,0.00315702264197
59981,0.0279109347612
59982,0.00441949022934
59985,0.00315008219332
59986,0.00414310628548
59990,0.0751934275031
59991,0.00304954079911
59993,0.00377947767265
59995,0.0167273469269
59996,0.00403497600928
59997,0.0112582677975
59999,0.0102121960372
60000,0.043718483299
60002,0.105002902448
60003,0.0160872731358
60004,0.0882185921073
60007,0.0116453962401
60008,0.052079886198
60010,0.0296704974025
60011,0.00200804346241
60013,0.00294067291543
60017,0.0107585070655
60018,0.187866613269
60020,0.00249811634421
60021,0.00209050043486
60022,0.230401575565
60023,0.013739018701
60030,0.0105322608724
60032,0.0207931753248
60033,0.026708483696
60034,0.0157419703901
60035,0.113561347127
60037,0.00160621746909
60038,0.03973383829
60039,0.028973672539
60042,0.0227274186909
60043,0.133164480329
60048,0.0127695826814
60049,0.0124012744054
60052,0.0168823227286
60053,0.0135390115902
60054,0.0129581838846
60059,0.00474024331197
60062,0.0073340353556
60064,0.00263198185712
60066,0.0213665198535
60069,0.180243894458
60070,0.0210706032813
60073,0.0181642305106
60074,0.00243181153201
60075,0.0162804014981
60087,0.0121376411989
60089,0.0209972988814
60092,0.00266106589697
60093,0.00148128857836
60094,0.164333090186
60095,0.00150642043445
60097,0.00644028699026
60098,0.00127895234618
60099,0.0173026081175
60100,0.206844285131
60101,0.00261732749641
60104,0.0327541083097
60109,0.0141994468868
60110,0.00216472242028
60111,0.0260677840561
60113,0.00612011831254
60114,0.0399656444788
60115,0.0151865091175
60117,0.00255122291856
60120,0.00473430613056
60121,0.00194718979765
60125,0.0219491496682
60127,0.0201790388674
60130,0.00218227715231
60134,0.0186505764723
60136,0.009785534814
60138,0.0115369772539
60141,0.00967734772712
60144,0.0130272209644
60146,0.0181653406471
60147,0.00365017238073
60149,0.00414529489353
60150,0.00689723761752
60153,0.00925634335726
60154,0.00609200447798
60158,0.0111606623977
60159,0.00374297657982
60160,0.0169018507004
60162,0.0250590778887
60163,0.010770490393
60164,0.00576367462054
60170,0.0185478311032
60171,0.0477113090456
60172,0.0181713551283
60177,0.136097341776
60185,0.0123592093587
60186,0.00169666716829
60195,0.0294666346163
60198,0.201362207532
60203,0.00237087649293
60204,0.00271886796691
60205,0.0302378311753
60207,0.00517255999148
60209,0.00330402189866
60211,0.0530393309891
60212,0.0254715979099
60218,0.00221318309195
60219,0.00952800083905
60220,0.0117040965706
60222,0.00133588805329
60223,0.0246375221759
60224,0.0264814309776
60228,0.0020147303585
60231,0.0027958159335
60232,0.0168483257294
60234,0.0121507355943
60239,0.0470961146057
60242,0.00148844253272
60243,0.0112291071564
60244,0.025227189064
60245,0.0260627120733
60246,0.00316680967808
60247,0.11372090131
60251,0.0342634804547
60252,0.173522412777
60253,0.00260996515863
60258,0.00921933446079
60260,0.0306360274553
60261,0.0460018850863
60262,0.158637106419
60263,0.00166443048511
60264,0.0918474495411
60265,0.00172893377021
60267,0.00308024208061
60268,0.205778568983
60270,0.0155747178942
60275,0.0154300779104
60276,0.00195243256167
60277,0.0053758895956
60278,0.00336003210396
60281,0.0193040724844
60283,0.00188104761764
60286,0.00504513876513
60288,0.0213994625956
60292,0.263519465923
60296,0.0318670943379
60297,0.0471239238977
60300,0.0402346029878
60301,0.00368721876293
60303,0.0360141657293
60305,0.014603279531
60306,0.0520846284926
60307,0.0170582961291
60308,0.243071064353
60310,0.015674136579
60314,0.00546049699187
60319,0.00137469451874
60320,0.162858620286
60322,0.112279377878
60325,0.0310127008706
60326,0.0570924282074
60329,0.0152489356697
60332,0.011261289008
60333,0.0196028240025
60335,0.0205777417868
60337,0.00186632724945
60338,0.0319750495255
60339,0.00213795993477
60341,0.00837055686861
60342,0.0036942216102
60345,0.127869382501
60347,0.0664216279984
60351,0.00254814652726
60352,0.007204990834
60354,0.200738340616
60356,0.0285372827202
60357,0.0311077143997
60363,0.0278180073947
60364,0.220756232738
60365,0.0606492049992
60369,0.00229798723012
60370,0.10326679796
60371,0.00734951347113
60372,0.00374945998192
60374,0.0142585709691
60377,0.00137708382681
60379,0.00356603506953
60380,0.0586411617696
60383,0.012719922699
60385,0.00728696631268
60388,0.017712181434
60391,0.00359784788452
60394,0.0354939810932
60395,0.0150557188317
60396,0.00898409169167
60398,0.032863534987
60401,0.0100995209068
60402,0.0277300588787
60409,0.00286977319047
60414,0.00216575688682
60416,0.0196028240025
60418,0.00561767304316
60421,0.00612237816676
60423,0.00165819388349
60424,0.208114802837
60427,0.00248441821896
60428,0.0372371450067
60430,0.0746890157461
60432,0.0152281932533
60434,0.033294916153
60435,0.0140404189005
60441,0.00119261909276
60448,0.00441486854106
60449,0.034859392792
60450,0.0061645177193
60452,0.0360598452389
60453,0.00304246414453
60456,0.0182963181287
60460,0.00781684275717
60461,0.0141994468868
60463,0.00362805929035
60464,0.00609681662172
60466,0.00727099878713
60468,0.0124926809222
60469,0.00439043715596
60471,0.0967026874423
60474,0.162201359868
60475,0.00198528612964
60480,0.0155143141747
60481,0.0504125505686
60484,0.0031908841338
60486,0.21084100008
60487,0.00433076405898
60489,0.0157547798008
60492,0.00971564464271
60497,0.104340277612
60498,0.00233825063333
60502,0.0170844458044
60503,0.0392823182046
60507,0.199745744467
60510,0.256857693195
60511,0.00837055686861
60512,0.00422944035381
60515,0.183093830943
60516,0.00536296004429
60518,0.0411066636443
60520,0.0295672826469
60521,0.00287752156146
60523,0.00651185726747
60526,0.01101013273
60529,0.00336741399951
60533,0.00233353464864
60534,0.156160280108
60535,0.00144793943036
60537,0.0142067773268
60538,0.00847256742418
60539,0.0134181892499
60542,0.0145916119218
60547,0.0412891432643
60552,0.0324145033956
60554,0.0111362393945
60555,0.00345030007884
60558,0.0193081535399
60559,0.0160638093948
60562,0.0373009555042
60564,0.0327610783279
60566,0.152990862727
60567,0.0372235141695
60570,0.0082784416154
60574,0.0105624180287
60582,0.025208633393
60583,0.00251481635496
60584,0.00889925472438
60589,0.113610640168
60590,0.115118868649
60598,0.14018215239
60603,0.21714143455
60604,0.0396328940988
60605,0.0109133059159
60607,0.0216560196131
60608,0.116787642241
60610,0.0742344334722
60611,0.033762127161
60612,0.070268265903
60613,0.00209945836104
60614,0.00216501089744
60619,0.235184445977
60620,0.00286866538227
60622,0.108715385199
60624,0.0354244448245
60627,0.0127133447677
60629,0.0922387763858
60630,0.00243108300492
60631,0.00664619822055
60632,0.00227114604786
60633,0.00970628950745
60634,0.0170535799116
60635,0.00260118907318
60636,0.00358377979137
60640,0.00605923915282
60641,0.0229433476925
60642,0.0294427741319
60643,0.0921513512731
60644,0.00419582379982
60645,0.0125988638029
60649,0.0409752503037
60650,0.0180220138282
60654,0.00719401938841
60657,0.124631628394
60658,0.0296285450459
60659,0.124472811818
60660,0.0348113588989
60662,0.049945063889
60663,0.182694420218
60664,0.0124012744054
60668,0.0539671108127
60672,0.213389292359
60673,0.0249833166599
60675,0.00264346506447
60676,0.0376627594233
60678,0.0867488756776
60679,0.00860900525004
60683,0.007397077512
60688,0.0322990231216
60689,0.0288930963725
60691,0.0153960548341
60692,0.125706776977
60693,0.010819545947
60696,0.0101634245366
60697,0.0198759436607
60702,0.00762310763821
60705,0.00209001498297
60706,0.0175408292562
60708,0.00663150008768
60710,0.0155111085624
60711,0.00967612210661
60712,0.00296010565944
60716,0.00380596192554
60719,0.00954562611878
60720,0.0230972338468
60722,0.00322104338557
60727,0.00804596487433
60741,0.0196660552174
60743,0.0312958545983
60744,0.171392455697
60745,0.0105060106143
60746,0.0334626585245
60750,0.171162262559
60752,0.07286003232
60753,0.0644639730453
60754,0.0175545420498
60756,0.0183388125151
60757,0.0196028240025
60759,0.0432667508721
60766,0.00241497438401
60768,0.00228744954802
60770,0.00184240587987
60772,0.0110288141295
60779,0.0181864835322
60780,0.0104473978281
60782,0.0634356439114
60788,0.00358917959966
60789,0.00235196715221
60794,0.0113818980753
60795,0.0117225712165
60797,0.00173781171907
60798,0.0439137630165
60799,0.00478158518672
60800,0.0109531180933
60809,0.00171603856143
60810,0.135604903102
60812,0.0216473080218
60813,0.0149946277961
60814,0.0412167683244
60815,0.00540796946734
60817,0.00276345200837
60818,0.00539647368714
60819,0.00902552809566
60821,0.0236185137182
60825,0.00450889160857
60827,0.00348980934359
60829,0.00325965043157
60831,0.00897214002907
60832,0.0472811162472
60833,0.00443428102881
60834,0.0139470053837
60836,0.0101835196838
60837,0.0487634316087
60838,0.0145979486406
60839,0.0162063147873
60842,0.13211171329
60848,0.094011336565
60851,0.00130483903922
60852,0.116929717362
60854,0.00994960404932
60858,0.0480830743909
60859,0.00723062455654
60860,0.0253667496145
60862,0.0367873646319
60865,0.00142142677214
60866,0.0196028240025
60868,0.0351071506739
60869,0.0454390086234
60871,0.0118402084336
60872,0.0101940026507
60874,0.00269248732366
60875,0.0280262194574
60876,0.0703166276217
60878,0.00331000401638
60880,0.0109678497538
60882,0.00275112339295
60883,0.0421235784888
60884,0.187552213669
60886,0.00284864823334
60891,0.0160284098238
60894,0.00483137229457
60895,0.0196028240025
60898,0.0166328530759
60899,0.00761023303494
60900,0.0942622423172
60901,0.00894676987082
60902,0.0276000779122
60905,0.0150807844475
60909,0.0213514287025
60918,0.00139950634912
60922,0.0165060162544
60923,0.00754963466898
60924,0.0104030650109
60925,0.0352416262031
60927,0.00521928397939
60928,0.00857153907418
60929,0.00506757060066
60932,0.165943160653
60935,0.0139877619222
60940,0.00896235927939
60942,0.225965797901
60944,0.0020147303585
60949,0.102683693171
60951,0.00398114463314
60957,0.0133954901248
60959,0.0227790828794
60961,0.00261312490329
60962,0.216330945492
60963,0.00709892809391
60965,0.201469942927
60966,0.00485225953162
60967,0.00196891184896
60969,0.0132980486378
60970,0.0120281856507
60973,0.00943550094962
60974,0.028005393222
60975,0.0104396315292
60977,0.0357898846269
60978,0.00747775286436
60979,0.0104721393436
60980,0.053181797266
60981,0.0190063733608
60983,0.0113622490317
60984,0.199567005038
60985,0.011243452318
60986,0.0222328547388
60988,0.0057160044089
60992,0.0729156434536
60994,0.00251222215593
60995,0.00478895194829
60997,0.259637176991
61004,0.00860145129263
61005,0.00921835005283
61008,0.032006546855
61009,0.0237369723618
61012,0.00494514359161
61013,0.00501351850107
61015,0.00695449998602
61016,0.0104351695627
61018,0.0100952461362
61019,0.0104030650109
61022,0.0380244255066
61023,0.0032397643663
61024,0.180504560471
61026,0.0357107035816
61027,0.0344883352518
61028,0.00239554210566
61029,0.0508552566171
61034,0.0703570991755
61035,0.0848387852311
61036,0.00682660192251
61037,0.0344250388443
61038,0.00261800596491
61039,0.00353526300751
61042,0.00576382502913
61043,0.00424994342029
61045,0.0123540591449
61047,0.185573622584
61048,0.0293110776693
61049,0.180871874094
61051,0.00860858242959
61052,0.00860130507499
61053,0.0731614083052
61055,0.0109280049801
61056,0.215505614877
61059,0.0196028240025
61062,0.0030005518347
61063,0.0372371450067
61064,0.123591646552
61065,0.0023965141736
61068,0.012815259397
61069,0.0141593609005
61070,0.00858792569488
61071,0.0318670943379
61074,0.0169539544731
61078,0.0194918848574
61079,0.00247893971391
61080,0.0225274413824
61081,0.0847368836403
61082,0.00224959640764
61083,0.193744838238
61086,0.00844841077924
61092,0.0372080542147
61093,0.0706862285733
61094,0.00630300259218
61095,0.0191088467836
61101,0.0154888946563
61102,0.0934936925769
61103,0.0054222070612
61104,0.0277743432671
61105,0.026138626039
61107,0.188057258725
61109,0.264512002468
61110,0.196568876505
61111,0.0321298092604
61112,0.0264217704535
61114,0.00466950656846
61119,0.0167093873024
61124,0.0692818015814
61125,0.00719430949539
61127,0.0366836339235
61130,0.0306257400662
61133,0.00366737088189
61136,0.0162647068501
61138,0.0184807702899
61140,0.00204098364338
61141,0.008345823735
61145,0.00473207561299
61147,0.003043663688
61149,0.0216796565801
61150,0.0139137180522
61151,0.0341762155294
61153,0.0235835388303
61155,0.00339183118194
61156,0.00762599380687
61159,0.0196028240025
61163,0.00814222265035
61164,0.0844278037548
61165,0.0126537811011
61166,0.0145694557577
61167,0.193075701594
61171,0.012294803746
61175,0.153244554996
61177,0.00452287215739
61180,0.0237148664892
61181,0.00369266374037
61182,0.178307160735
61183,0.00885216519237
61185,0.0324615873396
61186,0.00118007848505
61187,0.0195928290486
61188,0.00528093846515
61190,0.0111362393945
61191,0.005564853549
61192,0.00423415796831
61194,0.00674577569589
61195,0.00645351177081
61196,0.00860957149416
61198,0.00203488953412
61199,0.013315083459
61200,0.00187366723549
61202,0.0174614135176
61204,0.00389651954174
61205,0.0882185921073
61207,0.0130650224164
61208,0.00444688694552
61210,0.0022753844969
61213,0.00796381849796
61216,0.0392207466066
61221,0.0943878293037
61222,0.00569395394996
61223,0.00802080985159
61224,0.0387696437538
61225,0.0147494291887
61228,0.0308870337903
61229,0.00144180830102
61230,0.0398129671812
61232,0.0192427262664
61234,0.0277073327452
61235,0.0428085625172
61236,0.00282227457501
61237,0.0024035172537
61239,0.00347038381733
61241,0.0212668068707
61242,0.00765526806936
61244,0.00609032763168
61245,0.0169667378068
61247,0.0240211803466
61248,0.0435956865549
61251,0.00390661740676
61252,0.00837204512209
61253,0.0161575488746
61257,0.00350236985832
61258,0.0711727440357
61259,0.0330891050398
61262,0.0149149922654
61263,0.00956962630153
61265,0.0944910645485
61266,0.04416847229
61268,0.00250642630272
61270,0.0303098354489
61271,0.0722351893783
61272,0.0192973576486
61274,0.0123400455341
61276,0.0254688151181
61277,0.00350045971572
61278,0.00819730199873
61282,0.0102260531858
61287,0.0219680331647
61289,0.00436961790547
61290,0.0399505235255
61291,0.00751485070214
61293,0.165943160653
61294,0.00657053012401
61296,0.271041840315
61297,0.0104851918295
61298,0.015527815558
61299,0.0240356046706
61300,0.00973762571812
61301,0.00948811508715
61304,0.0346789285541
61305,0.00839734729379
61306,0.00543016148731
61309,0.00610663974658
61310,0.0937688723207
61311,0.00625657103956
61313,0.00258558639325
61314,0.00229287333786
61315,0.151835769415
61316,0.00880753714591
61317,0.0140162669122
61326,0.0165611281991
61327,0.0274055283517
61332,0.00707382522523
61333,0.0552915818989
61334,0.00271646678448
61335,0.015845451504
61338,0.0173419825733
61339,0.0235271640122
61341,0.0474881902337
61344,0.0244367327541
61345,0.0402829833329
61347,0.00428709667176
61348,0.0359357483685
61352,0.0871960669756
61355,0.0257985629141
61358,0.0692555680871
61359,0.00537822023034
61361,0.010867391713
61363,0.00273801595904
61365,0.0048359320499
61368,0.0260672718287
61370,0.00885965302587
61371,0.00532163958997
61373,0.00778583902866
61378,0.00296780257486
61380,0.00342585402541
61389,0.0455356314778
61391,0.0178177114576
61394,0.150188803673
61395,0.00948811508715
61396,0.0109453871846
61398,0.0062010246329
61399,0.104779116809
61400,0.0159947611392
61401,0.0146053722128
61402,0.0597358308733
61403,0.00412206351757
61408,0.0178854968399
61409,0.0329238772392
61412,0.00517625641078
61415,0.122275613248
61416,0.0148681532592
61421,0.181595847011
61422,0.142057105899
61427,0.0529870018363
61431,0.00353833008558
61432,0.0203161071986
61434,0.22399070859
61435,0.00672646751627
61436,0.0206993352622
61437,0.00243251607753
61438,0.00602557789534
61439,0.022427553311
61440,0.0115200616419
61441,0.0408464074135
61442,0.0122464941815
61443,0.00715939514339
61444,0.00865286123008
61445,0.00360565795563
61446,0.0204463526607
61450,0.0108154583722
61451,0.0188676603138
61454,0.00800433475524
61455,0.0123640829697
61456,0.0157387796789
61461,0.0640942007303
61462,0.0315120816231
61464,0.0165611281991
61465,0.0154300779104
61466,0.106312982738
61468,0.0254339482635
61469,0.00319376238622
61470,0.0327446982265
61471,0.0231278054416
61474,0.00535551831126
61477,0.00926049426198
61479,0.0382213108242
61480,0.004329781048
61482,0.0235166288912
61484,0.00358481844887
61489,0.0352991037071
61491,0.238555639982
61495,0.010009245947
61497,0.0161709114909
61498,0.205173566937
61499,0.0257663633674
61500,0.0196028240025
61502,0.00751530332491
61504,0.183093830943
61506,0.00574576901272
61510,0.0403160005808
61511,0.0324544906616
61512,0.0508418530226
61513,0.0434459634125
61515,0.0152479633689
61516,0.0153852002695
61517,0.0146255632862
61521,0.0158777479082
61523,0.00421012286097
61524,0.193075224757
61526,0.00650165742263
61529,0.009695767425
61530,0.00177830015309
61531,0.00329275568947
61532,0.300703704357
61537,0.0163222495466
61539,0.0243516210467
61542,0.00148322375026
61543,0.129513368011
61544,0.0242947749794
61547,0.00264238426462
61549,0.0995282754302
61554,0.00819491408765
61556,0.0118372635916
61558,0.0418635383248
61563,0.0149899739772
61565,0.0308916307986
61567,0.00285577354953
61569,0.17764633894
61573,0.0105201723054
61576,0.00781496427953
61577,0.00309595069848
61580,0.169804468751
61581,0.0185478311032
61584,0.0211000777781
61586,0.0498978719115
61588,0.00367251946591
61590,0.0318670943379
61591,0.00350698782131
61594,0.274466305971
61596,0.0673475116491
61598,0.00339324679226
61600,0.0160858090967
61601,0.234441190958
61602,0.0349747687578
61606,0.23091866076
61607,0.0154842343181
61608,0.00331050087698
61610,0.0148458275944
61612,0.00876404717565
61614,0.154777720571
61616,0.307177096605
61620,0.00152267026715
61622,0.242018252611
61623,0.001303343568
61624,0.00912192557007
61625,0.223788514733
61627,0.00122700177599
61630,0.220751449466
61631,0.0124232759699
61632,0.00505349691957
61633,0.0145132746547
61634,0.00604717852548
61635,0.0236519332975
61636,0.0526417046785
61638,0.0201233569533
61639,0.0295906122774
61640,0.0196028240025
61643,0.0123385004699
61648,0.0216213595122
61649,0.00501497415826
61650,0.0085175903514
61651,0.0022380319424
61652,0.0123323183507
61653,0.0116019872949
61655,0.00635626958683
61656,0.0131454663351
61658,0.00772331980988
61660,0.0265690591186
61661,0.00458200601861
61662,0.00997181329876
61665,0.00625603739172
61666,0.0143666891381
61667,0.167552128434
61668,0.00142142677214
61670,0.00269802450202
61675,0.0145423766226
61677,0.021442078054
61680,0.183344006538
61683,0.0151922656223
61684,0.0381310246885
61687,0.259060591459
61688,0.00410530064255
61689,0.24290753901
61692,0.0279661342502
61693,0.11323274672
61694,0.00281227985397
61698,0.0196028240025
61699,0.0129715884104
61705,0.00985003355891
61706,0.0023269741796
61707,0.00663999281824
61708,0.0129837067798
61710,0.0119897034019
61714,0.0104000959545
61721,0.158019900322
61722,0.0150868566707
61723,0.00234154122882
61725,0.169697150588
61726,0.00157552561723
61727,0.0238638035953
61728,0.00371212908067
61729,0.00525630265474
61730,0.00199481798336
61731,0.0095388609916
61735,0.0307153761387
61736,0.131437763572
61738,0.00243441550992
61740,0.0124094123021
61742,0.0238664131612
61743,0.0255321282893
61746,0.0156179396436
61750,0.055622510612
61751,0.00929775461555
61753,0.00219864188693
61754,0.00268259388395
61758,0.00298213982023
61760,0.0118758389726
61761,0.0173602681607
61765,0.0341702587903
61770,0.0071849967353
61773,0.0208784583956
61774,0.0170524213463
61778,0.00559793040156
61779,0.0154300779104
61780,0.022495560348
61781,0.0019782288
61782,0.00316724949516
61784,0.00687680812553
61785,0.0232134126127
61786,0.042848687619
61789,0.0155868884176
61790,0.0157659184188
61793,0.00440210197121
61794,0.00948811508715
61797,0.0411028787494
61798,0.00233737984672
61799,0.0103892749175
61800,0.00410342728719
61804,0.00493275886402
61806,0.0196028240025
61808,0.214536979795
61809,0.00863651931286
61811,0.00910239201039
61812,0.196728885174
61813,0.0113594708964
61815,0.0378759428859
61816,0.00925788749009
61819,0.0321143828332
61824,0.0668578743935
61825,0.076994933188
61829,0.0156166283414
61830,0.0113437427208
61831,0.0103397155181
61833,0.00357997440733
61834,0.0307153761387
61839,0.0168002843857
61842,0.0820700526237
61845,0.0901046395302
61847,0.00948837492615
61849,0.00160161219537
61850,0.0251890253276
61852,0.00676996260881
61853,0.0106871658936
61854,0.0211938805878
61856,0.00677194446325
61857,0.0255321282893
61858,0.00139418721665
61860,0.0196028240025
61863,0.071210026741
61868,0.0470306873322
61870,0.00320444465615
61872,0.0158993918449
61876,0.0144243314862
61878,0.00189327623229
61879,0.0152427153662
61882,0.00217352295294
61883,0.00633982289582
61886,0.00331124686636
61889,0.00378971430473
61890,0.00200677313842
61891,0.0146150104702
61894,0.0975323393941
61897,0.10326679796
61898,0.0104030650109
61899,0.0131764570251
61900,0.0389019176364
61902,0.00445924513042
61903,0.0221472065896
61904,0.00511399609968
61905,0.0299562364817
61906,0.218183279037
61909,0.00558542087674
61912,0.0196028240025
61913,0.0107747903094
61916,0.0260575525463
61917,0.00866006780416
61920,0.0659606605768
61921,0.00525147328153
61924,0.057816144079
61925,0.159745484591
61927,0.0422942489386
61930,0.0020752036944
61931,0.0367920771241
61932,0.0132033498958
61935,0.00955488532782
61936,0.00643598940223
61937,0.00854885205626
61938,0.0373437441885
61939,0.0919131189585
61940,0.00437139207497
61942,0.0584960319102
61944,0.00388258765452
61945,0.08908919245
61947,0.00519771454856
61948,0.0397693403065
61949,0.00659701181576
61950,0.0094045503065
61957,0.0102067422122
61959,0.00537684280425
61966,0.00273679359816
61969,0.0197527538985
61970,0.0464825928211
61971,0.158574491739
61972,0.00408229231834
61975,0.00309557258151
61976,0.0258165150881
61977,0.00343956146389
61978,0.00291354116052
61979,0.007079702802
61980,0.0039661899209
61981,0.0288253612816
61982,0.165693312883
61985,0.0338978990912
61986,0.0138302454725
61990,0.00934981089085
61991,0.044944986701
61992,0.0344322137535
61994,0.0365674085915
61996,0.112354643643
61997,0.00239788950421
61998,0.0109532112256
61999,0.0154300779104
62002,0.0217648651451
62003,0.00294585316442
62004,0.0120289102197
62005,0.234441190958
62007,0.0050763967447
62008,0.0311066452414
62009,0.00348020484671
62010,0.0057249921374
62012,0.0406614430249
62013,0.167927995324
62016,0.00285234022886
62017,0.10376778245
62020,0.026304943487
62026,0.209515318274
62028,0.0073618972674
62035,0.0121475076303
62037,0.00221515516751
62039,0.00145110336598
62042,0.00226233433932
62043,0.00127706502099
62047,0.0125077096745
62048,0.010789686814
62051,0.0196028240025
62052,0.0262646842748
62053,0.0022974407766
62054,0.0146821169183
62056,0.0459597446024
62057,0.00992528814822
62059,0.0421529486775
62060,0.0124012744054
62061,0.108144201338
62062,0.011466499418
62063,0.00582942506298
62070,0.0102365408093
62071,0.0303740110248
62073,0.00238430174068
62074,0.180243894458
62075,0.00282457424328
62076,0.0120863094926
62085,0.0477068461478
62087,0.0242808517069
62088,0.0146576547995
62089,0.0731775909662
62090,0.0211060903966
62091,0.0233487077057
62092,0.167927995324
62094,0.186985477805
62095,0.0377574823797
62097,0.0111757591367
62099,0.00544831110165
62100,0.0306257400662
62101,0.0514053851366
62103,0.0045954794623
62106,0.0858520716429
62108,0.00259656994604
62113,0.0420268774033
62114,0.07428586483
62115,0.0127695826814
62116,0.086201928556
62118,0.003043663688
62119,0.0182607937604
62120,0.229039043188
62121,0.00280731497332
62123,0.067880384624
62127,0.00289984676056
62130,0.0165359303355
62133,0.0581814683974
62136,0.00948811508715
62138,0.0207916721702
62140,0.00283704372123
62141,0.0143397655338
62142,0.0199724864215
62143,0.00652182288468
62147,0.00197739852592
62148,0.00240980111994
62149,0.0272916760296
62150,0.00427323067561
62151,0.00627694185823
62153,0.0250670034438
62154,0.00296439416707
62157,0.180659130216
62158,0.0523500144482
62159,0.00336608127691
62160,0.0138404201716
62164,0.00351733132266
62165,0.00786594487727
62166,0.0024457660038
62167,0.0811680108309
62168,0.0801110565662
62170,0.0605101846159
62175,0.0024478607811
62177,0.00655716657639
62185,0.00286933360621
62186,0.00809699203819
62188,0.00259571429342
62189,0.00868782587349
62190,0.0105302585289
62191,0.0102210594341
62195,0.00182474311441
62196,0.024641206488
62197,0.024144416675
62199,0.00122199929319
62202,0.00461948290467
62203,0.00307664764114
62204,0.0228060949594
62207,0.00620984658599
62210,0.0745504945517
62211,0.0212089251727
62212,0.157445728779
62213,0.0184016339481
62216,0.0554319433868
62217,0.0029396507889
62218,0.0590916164219
62220,0.00839467905462
62221,0.00266079371795
62222,0.188584566116
62223,0.0059915939346
62225,0.0138968955725
62226,0.298518955708
62228,0.0185478311032
62229,0.0151510210708
62232,0.00876655336469
62234,0.0230775922537
62244,0.0237306635827
62246,0.0401963368058
62248,0.00296353036538
62249,0.00239913980477
62253,0.26053956151
62254,0.00372517923824
62255,0.0266618169844
62259,0.00390827842057
62263,0.00755061767995
62264,0.027012096718
62265,0.0369704067707
62266,0.034097481519
62267,0.00292026717216
62268,0.0196028240025
62269,0.0190103519708
62273,0.0169472955167
62274,0.0181093011051
62277,0.0196028240025
62278,0.159745484591
62282,0.0226808339357
62284,0.00740020070225
62285,0.00949232373387
62286,0.00550808571279
62289,0.11843445152
62290,0.055767647922
62293,0.00172626099084
62294,0.0175087377429
62295,0.00310115306638
62297,0.023748356849
62300,0.0308544524014
62302,0.024086041376
62303,0.0149907758459
62304,0.0477952994406
62305,0.0121382474899
62307,0.0302371811122
62308,0.00339693180285
62309,0.215453147888
62310,0.152421936393
62311,0.0110358586535
62313,0.00721944356337
62315,0.0540195740759
62316,0.0506340563297
62319,0.00867755617946
62323,0.00293831783347
62324,0.0190589427948
62329,0.168733268976
62332,0.0301921777427
62333,0.030633173883
62334,0.0217395350337
62335,0.0827570483088
62337,0.00306680751964
62339,0.0772722288966
62340,0.00185837829486
62341,0.00145074899774
62342,0.0108625488356
62343,0.00242102798074
62344,0.0586233474314
62345,0.0256991256028
62347,0.0586884319782
62349,0.078680343926
62350,0.157422751188
62354,0.0883678942919
62357,0.00152035069186
62360,0.0386774428189
62364,0.125815197825
62365,0.0326426140964
62366,0.00368273328058
62369,0.152026459575
62370,0.0137148872018
62375,0.00458037341014
62376,0.00780877377838
62377,0.0248239506036
62378,0.00271910591982
62379,0.0137942545116
62381,0.0387318991125
62382,0.218609824777
62383,0.0446375496686
62384,0.0051418277435
62386,0.0255321282893
62387,0.0245689786971
62390,0.0240160264075
62395,0.0231017395854
62396,0.00716527132317
62398,0.00391540350392
62401,0.127678215504
62402,0.0427516661584
62404,0.00502318702638
62405,0.00310282083228
62415,0.00859512668103
62417,0.00591872027144
62418,0.0144029799849
62419,0.00503256218508
62420,0.0966516360641
62422,0.0256203878671
62423,0.0070539759472
62424,0.181669875979
62426,0.121359676123
62427,0.00678049074486
62429,0.0305150225759
62430,0.206774368882
62431,0.0489035435021
62433,0.00340619101189
62435,0.0154851358384
62438,0.0572719313204
62442,0.134397685528
62446,0.0367023348808
62448,0.00276934006251
62449,0.0155526762828
62450,0.00476180762053
62451,0.00351495738141
62453,0.0280397702008
62456,0.206952065229
62457,0.00794404558837
62458,0.0267615560442
62459,0.0354977250099
62461,0.00856898631901
62463,0.015676189214
62464,0.0225229226053
62465,0.00265746167861
62469,0.247651845217
62470,0.0650836378336
62472,0.0013007913949
62479,0.0163693856448
62481,0.113419234753
62483,0.00830074679106
62484,0.0150261763483
62485,0.0146931791678
62488,0.0616196244955
62490,0.0258086621761
62491,0.0725975632668
62494,0.00252067600377
62495,0.00781994313002
62498,0.0120056308806
62500,0.00255590025336
62501,0.0330486558378
62504,0.0143397655338
62505,0.0249825511128
62506,0.018983066082
62507,0.0124939410016
62509,0.00451048417017
62511,0.00555395288393
62512,0.00854517053813
62515,0.00931372493505
62518,0.0103862704709
62519,0.00227615656331
62523,0.032158151269
62526,0.010610319674
62529,0.154896631837
62531,0.0095208035782
62532,0.00639921147376
62533,0.261450499296
62535,0.00570232095197
62537,0.0237787496299
62538,0.0285652764142
62540,0.00137708382681
62541,0.0966873168945
62542,0.0189149528742
62544,0.0227602254599
62547,0.00308717414737
62553,0.108803920448
62555,0.0245007239282
62556,0.0129440464079
62557,0.0450681112707
62561,0.0133059713989
62563,0.045040987432
62565,0.0108444066718
62568,0.0146674020216
62569,0.0128958551213
62570,0.00945848505944
62578,0.0112780630589
62581,0.00382211897522
62582,0.0392189696431
62583,0.00288523477502
62584,0.0023652811069
62585,0.0161674898118
62586,0.0414997264743
62587,0.0165611281991
62588,0.00238406239077
62589,0.236227318645
62590,0.00239227479324
62591,0.0166513472795
62593,0.180405974388
62594,0.00259351660497
62596,0.0149675291032
62597,0.0105635495856
62598,0.0029332106933
62600,0.0196526665241
62601,0.00367216719314
62604,0.00971800275147
62605,0.00806728191674
62606,0.137735202909
62607,0.0162623655051
62609,0.0375594720244
62610,0.0141994468868
62611,0.0471856072545
62612,0.0423130728304
62617,0.0431222692132
62618,0.00450332136825
62621,0.00851730071008
62622,0.0028412961401
62626,0.00729422736913
62627,0.22829914093
62631,0.0172946080565
62633,0.00172167771962
62635,0.00259403605014
62636,0.00310877664015
62637,0.0192717462778
62638,0.0217564366758
62642,0.00249793473631
62643,0.00281132780947
62644,0.200908645988
62645,0.0058793569915
62647,0.00125270546414
62648,0.015096815303
62651,0.00911447685212
62653,0.00592645769939
62654,0.00217928783968
62655,0.00754674477503
62656,0.0239181406796
62658,0.00292081269436
62662,0.0493602640927
62666,0.0141994468868
62669,0.00896316021681
62672,0.0128800524399
62674,0.0158265531063
62675,0.106498733163
62678,0.00315743987449
62680,0.00709683494642
62683,0.360883176327
62686,0.00826174207032
62687,0.0507664531469
62688,0.087931625545
62689,0.00602587778121
62690,0.161320358515
62691,0.0140713779256
62693,0.00819401908666
62694,0.0299610160291
62696,0.00456706760451
62698,0.255606085062
62699,0.249476522207
62700,0.00158328399993
62701,0.0143088987097
62702,0.0279293302447
62704,0.13211171329
62705,0.0018072752282
62706,0.0137676317245
62707,0.0680593848228
62708,0.00660243211314
62709,0.00297242961824
62711,0.00684750871733
62715,0.0171360559762
62720,0.00417302176356
62721,0.00197405135259
62723,0.00402125576511
62725,0.00528371427208
62726,0.00844289641827
62727,0.0775476023555
62729,0.209515318274
62733,0.0316988378763
62734,0.00535994721577
62741,0.00268578762189
62742,0.0506197661161
62745,0.0355879068375
62746,0.01036078576
62749,0.00646530929953
62753,0.00236109900288
62754,0.00610852427781
62755,0.0325312167406
62757,0.0391482748091
62760,0.00721944356337
62761,0.0430465117097
62764,0.096314586699
62769,0.00244214828126
62776,0.00446317763999
62777,0.0117260683328
62779,0.0196636561304
62781,0.0226806756109
62782,0.0195596478879
62783,0.0570986904204
62784,0.0406196378171
62785,0.225942090154
62787,0.0299563463777
62789,0.0195209812373
62794,0.00132810964715
62796,0.0131696434692
62797,0.00274893036112
62801,0.0849682465196
62803,0.00343920360319
62804,0.00136408780236
62807,0.0196028240025
62808,0.0104030650109
62810,0.0216414369643
62811,0.0252947751433
62815,0.167847529054
62816,0.0108766835183
62820,0.0274525880814
62821,0.0231764912605
62822,0.0131755135953
62823,0.00683243665844
62824,0.00513406982645
62826,0.00593138672411
62827,0.00223460583948
62832,0.00361791392788
62833,0.00981292501092
62834,0.0212774705142
62838,0.00478245690465
62839,0.0210346505046
62840,0.0302386637777
62841,0.00443065771833
62844,0.118461452425
62845,0.0196526665241
62848,0.014060321264
62849,0.0791897326708
62851,0.17493160069
62852,0.234116196632
62854,0.0194478351623
62856,0.00821729935706
62859,0.00165016786195
62862,0.0146598378196
62864,0.0165611281991
62865,0.00227894238196
62871,0.0217505972832
62872,0.228212311864
62873,0.247115716338
62876,0.0159752592444
62877,0.0136151798069
62880,0.0162834562361
62882,0.0196526665241
62883,0.136848598719
62885,0.010371748358
62888,0.159745484591
62890,0.015803290531
62893,0.00468980195001
62895,0.0168502684683
62902,0.181669875979
62906,0.0213450826705
62907,0.00311511382461
62908,0.00213785306551
62909,0.0235586799681
62910,0.0997689142823
62912,0.0399364456534
62913,0.0321605727077
62915,0.180243894458
62918,0.00201150868088
62920,0.0277882777154
62921,0.180243894458
62926,0.0191493667662
62928,0.00136614392977
62932,0.0196526665241
62934,0.121576301754
62938,0.00197421666235
62940,0.00234291842207
62943,0.0172679163516
62944,0.0119607597589
62946,0.0181533098221
62947,0.0813702195883
62948,0.0168529637158
62949,0.00322833261453
62953,0.00283848075196
62954,0.0702682510018
62956,0.00217855372466
62958,0.00324988923967
62961,0.0141459684819
62962,0.0109779201448
62964,0.0174360796809
62966,0.00978443957865
62968,0.00853858422488
62969,0.00424596387893
62970,0.00652671838179
62972,0.0172964148223
62973,0.0277254041284
62974,0.0345430001616
62975,0.0412894785404
62979,0.0117357876152
62981,0.121573634446
62985,0.0059011192061
62988,0.00962419435382
62990,0.0573332197964
62992,0.0154300779104
62993,0.0464444793761
62995,0.0016018494498
62997,0.00654750363901
62998,0.0533234663308
63001,0.0168803762645
63002,0.00925331376493
63003,0.0116489091888
63004,0.00412817904726
63005,0.00934167485684
63007,0.0179276838899
63008,0.0025832077954
63012,0.157189056277
63020,0.279329717159
63021,0.00152384291869
63023,0.27689859271
63025,0.0115241724998
63028,0.0107644926757
63030,0.0311984755099
63034,0.00452472548932
63039,0.00286772591062
63040,0.00243837200105
63041,0.00317125488073
63042,0.00480963196605
63043,0.00251794047654
63045,0.0366822853684
63047,0.00565928826109
63049,0.0186791457236
63051,0.0350986793637
63055,0.157189056277
63056,0.00240925559774
63057,0.267533749342
63060,0.0166366826743
63063,0.00328779080883
63064,0.00279964203946
63065,0.0181723628193
63067,0.188684687018
63068,0.0111362393945
63069,0.00376767362468
63070,0.0350590236485
63071,0.0057862889953
63072,0.00551075022668
63076,0.12158960849
63077,0.0376384519041
63080,0.0034882905893
63082,0.0416052863002
63084,0.0564551763237
63085,0.0261995010078
63086,0.0196526665241
63088,0.0462976880372
63091,0.00211895746179
63092,0.00254952604882
63093,0.235254228115
63094,0.064504340291
63096,0.00314192776568
63097,0.0129881687462
63100,0.0137325199321
63103,0.0362769775093
63105,0.0307454895228
63106,0.00237864512019
63110,0.0307790059596
63111,0.0564916096628
63113,0.232698395848
63115,0.0118532599881
63118,0.0196028240025
63119,0.00262373453006
63121,0.0196526665241
63127,0.0322446748614
63130,0.0202536266297
63131,0.0245050657541
63132,0.0605307854712
63133,0.00871120765805
63134,0.207903727889
63138,0.00907489005476
63142,0.0791623592377
63145,0.00280905771069
63147,0.00980040989816
63151,0.017306452617
63153,0.0139137832448
63158,0.00183064292651
63160,0.0184230674058
63162,0.0102285873145
63163,0.0147640779614
63165,0.112330824137
63166,0.00248808064498
63167,0.0144118769094
63170,0.00250535481609
63172,0.0327976793051
63173,0.00248282472603
63176,0.00811840873212
63177,0.203772425652
63182,0.0106081878766
63187,0.0325774885714
63190,0.015921998769
63193,0.0372371450067
63195,0.0320855826139
63197,0.152385652065
63200,0.00355263892561
63202,0.0700749829412
63203,0.00718580652028
63206,0.024857217446
63209,0.10542640835
63212,0.0122128725052
63213,0.185201913118
63214,0.00151024316438
63215,0.00632054544985
63217,0.0252636354417
63220,0.0782597288489
63221,0.0398889370263
63226,0.0262512303889
63227,0.0186379179358
63232,0.00230719218962
63233,0.0183584969491
63234,0.00227746600285
63237,0.175810948014
63241,0.0541627854109
63243,0.115993179381
63244,0.00387711962685
63251,0.00346546317451
63254,0.0093568759039
63256,0.0124676935375
63257,0.00304002524354
63258,0.00624138349667
63265,0.0245854519308
63271,0.250002533197
63272,0.0381613895297
63273,0.033907558769
63275,0.00257465755567
63277,0.0108625488356
63279,0.00199964432977
63280,0.00875510741025
63283,0.00247382652014
63285,0.180642962456
63286,0.247661232948
63287,0.00802125781775
63288,0.0137657606974
63290,0.0334799103439
63292,0.00247285491787
63293,0.0144155211747
63294,0.00519334804267
63295,0.0193027090281
63296,0.110908783972
63300,0.0114710945636
63302,0.0141874309629
63303,0.0136885186657
63309,0.00264850119129
63310,0.0234613846987
63312,0.0186167992651
63313,0.00219244812615
63314,0.00248635467142
63315,0.0271004214883
63316,0.00618629390374
63321,0.00948811508715
63326,0.00853198673576
63327,0.0145423766226
63328,0.00505703967065
63330,0.00340389809571
63333,0.0174194220454
63334,0.0196028240025
63335,0.00710193067789
63338,0.134390816092
63339,0.00847322866321
63341,0.0221464708447
63344,0.00393543345854
63346,0.00261162640527
63348,0.0203852001578
63352,0.0190384462476
63354,0.217981904745
63355,0.0223014745861
63357,0.0199880246073
63362,0.0198759436607
63366,0.00677315657958
63367,0.0146843586117
63368,0.0337990969419
63369,0.0622203759849
63371,0.0289535690099
63374,0.00275359698571
63375,0.0475477874279
63376,0.116590902209
63378,0.00245278631337
63379,0.205377459526
63384,0.0299881715328
63386,0.180243894458
63387,0.047307189554
63390,0.00254814652726
63392,0.00255666743033
63393,0.0051189865917
63396,0.0083452956751
63398,0.0628807172179
63400,0.00240568025038
63403,0.00535147078335
63404,0.214856684208
63408,0.00205541145988
63411,0.00572885293514
63412,0.00252988841385
63413,0.0135528445244
63415,0.00201295176521
63416,0.00263860286213
63418,0.0148813808337
63420,0.00193801498972
63422,0.0386246182024
63423,0.0122975949198
63424,0.00513826543465
63426,0.00240209093317
63427,0.0158171374351
63429,0.00248399656266
63432,0.0130810616538
63434,0.0044005997479
63435,0.235649988055
63436,0.0400140993297
63439,0.0087145678699
63442,0.0775430500507
63444,0.00262060458772
63445,0.0295915231109
63448,0.0196028240025
63451,0.00229754135944
63453,0.0825465023518
63454,0.0602487996221
63455,0.0169802308083
63456,0.00765009410679
63458,0.0115450769663
63459,0.00828310567886
63460,0.0107601219788
63461,0.00831363908947
63462,0.00232217134908
63464,0.0255321282893
63468,0.234958857298
63470,0.00931372493505
63474,0.0277182869613
63477,0.0305756535381
63482,0.00931372493505
63483,0.109243236482
63484,0.00328182079829
63486,0.0173213724047
63488,0.0099127991125
63489,0.00896045379341
63493,0.00296327401884
63496,0.009695767425
63498,0.0187344122678
63505,0.0432127304375
63506,0.08908919245
63510,0.00304294028319
63513,0.0220424681902
63515,0.0589752532542
63519,0.0526012964547
63521,0.00910788960755
63522,0.0134323099628
63523,0.0540446639061
63524,0.00251794047654
63527,0.0145160574466
63529,0.00328769837506
63530,0.00968279596418
63535,0.0102919572964
63537,0.00309595069848
63538,0.00954772718251
63541,0.00241429661401
63543,0.054419644177
63546,0.00518879247829
63547,0.0266728494316
63548,0.0186608694494
63549,0.163735419512
63550,0.0252564959228
63551,0.0130389602855
63552,0.00775251770392
63559,0.0045245103538
63562,0.0789238214493
63564,0.0105828139931
63566,0.0377675816417
63568,0.0789598301053
63569,0.00252980063669
63571,0.0327610783279
63572,0.0141731724143
63577,0.00884925294667
63578,0.012322912924
63580,0.0224129613489
63582,0.175810948014
63584,0.154896631837
63587,0.0216816347092
63588,0.00612339098006
63594,0.0075324405916
63596,0.0196028240025
63597,0.181412518024
63600,0.0113170668483
63601,0.202331364155
63602,0.0129691101611
63603,0.00269156554714
63604,0.0266730543226
63606,0.0172126721591
63607,0.0780669748783
63610,0.0744391158223
63613,0.00925780367106
63614,0.00244503677823
63619,0.106530413032
63621,0.0251713059843
63622,0.00563030550256
63623,0.0912131294608
63624,0.00229856022634
63625,0.00436345487833
63626,0.149692520499
63630,0.00757649168372
63631,0.0261306818575
63634,0.032158151269
63638,0.00968353729695
63639,0.0184589773417
63641,0.243798583746
63644,0.00661363778636
63647,0.009695767425
63649,0.0153632434085
63650,0.101686410606
63652,0.160212978721
63654,0.0648886412382
63655,0.0461696311831
63657,0.0367920771241
63658,0.0318670943379
63662,0.0486735329032
63663,0.0498033054173
63665,0.0672964677215
63667,0.00596368871629
63668,0.00597243476659
63669,0.0503044053912
63670,0.0166336093098
63672,0.0116507094353
63673,0.00407187407836
63674,0.170284166932
63675,0.033087503165
63676,0.0312419775873
63678,0.00399558618665
63679,0.00929952878505
63680,0.037138029933
63682,0.0272182580084
63688,0.0163693856448
63689,0.0164162088186
63690,0.0668508037925
63691,0.0347787216306
63692,0.00461027678102
63693,0.00200804346241
63694,0.0525946319103
63696,0.00492286775261
63697,0.0722787380219
63700,0.00201521767303
63702,0.00436960998923
63703,0.00184883957263
63706,0.0149309393018
63711,0.0177067741752
63712,0.00187994854059
63719,0.0751657634974
63721,0.00661594420671
63722,0.0948252677917
63724,0.00398976076394
63726,0.00906069949269
63727,0.0087823541835
63728,0.227763950825
63731,0.0413245260715
63732,0.236603781581
63733,0.00249688816257
63734,0.0221349466592
63736,0.00281383818947
63737,0.005557437893
63738,0.00663658743724
63742,0.0496026314795
63743,0.0111426785588
63744,0.00215952843428
63745,0.00203559082001
63747,0.00207240786403
63748,0.00336100766435
63753,0.0577005967498
63755,0.180907145143
63757,0.0332801006734
63759,0.0433835089207
63760,0.0405866615474
63761,0.00908188242465
63763,0.175386533141
63764,0.0266936980188
63765,0.0029332106933
63766,0.0409752503037
63768,0.0334138162434
63770,0.00871141348034
63773,0.0318670943379
63774,0.0654314383864
63776,0.0233323648572
63781,0.0332504287362
63783,0.183093830943
63787,0.00521929608658
63789,0.015354257077
63791,0.00761542376131
63795,0.0196028240025
63796,0.00546184089035
63797,0.00423835590482
63798,0.00984736438841
63799,0.229039043188
63800,0.0192930810153
63803,0.00429746555164
63805,0.29754281044
63806,0.00304555660114
63807,0.0341330058873
63808,0.0553822889924
63809,0.0388419441879
63812,0.0056102569215
63813,0.00565761700273
63815,0.0193615704775
63817,0.0208517778665
63822,0.00472612120211
63828,0.00807288940996
63831,0.0366836339235
63833,0.0348607376218
63836,0.00858189444989
63837,0.00253111007623
63838,0.041399192065
63840,0.057274453342
63841,0.0217395350337
63842,0.0193157214671
63843,0.0141994468868
63844,0.00987784098834
63846,0.0196028240025
63847,0.0112192053348
63848,0.0212089251727
63851,0.0198759436607
63856,0.0146494554356
63858,0.0661327913404
63862,0.0144243314862
63863,0.0182576328516
63864,0.250034272671
63867,0.0321725942194
63868,0.00257544149645
63872,0.00621975632384
63873,0.00234154122882
63874,0.00203506578691
63876,0.223952025175
63878,0.110341794789
63880,0.285221785307
63881,0.203772425652
63882,0.089243479073
63884,0.0153918834403
63885,0.026196854189
63887,0.00973656866699
63890,0.0153415603563
63892,0.0234952028841
63893,0.216872110963
63894,0.0165782906115
63895,0.00817459262908
63897,0.00860869977623
63899,0.0152427153662
63900,0.0040521165356
63901,0.008271003142
63902,0.016624065116
63905,0.0101812947541
63907,0.0103139691055
63910,0.00608943030238
63911,0.0876059830189
63912,0.00460562901571
63914,0.022797787562
63915,0.203852400184
63916,0.00251625594683
63917,0.0110601317137
63922,0.00236732652411
63924,0.0141994468868
63927,0.00437651295215
63928,0.00442419666797
63929,0.0621437430382
63932,0.00239704665728
63933,0.0105046881363
63935,0.00266106589697
63936,0.0104285189882
63937,0.0623761042953
63938,0.00312602822669
63941,0.155559211969
63944,0.0323742777109
63945,0.00544087216258
63947,0.00777518935502
63948,0.0506702028215
63950,0.0912177711725
63951,0.0707434117794
63956,0.0393605902791
63957,0.00232589407824
63959,0.00247110053897
63960,0.0224129613489
63961,0.00755061767995
63963,0.119505919516
63964,0.0117260636762
63969,0.00418725749478
63971,0.022015703842
63972,0.115316733718
63973,0.00755061767995
63974,0.116753965616
63976,0.0435360521078
63977,0.00358652905561
63979,0.00891556683928
63980,0.195103436708
63986,0.0383948348463
63991,0.0533006973565
63998,0.00695225037634
63999,0.0532844029367
64000,0.0460271388292
64005,0.218346208334
64011,0.0063398918137
64014,0.0382399298251
64018,0.00221993681043
64020,0.0287060886621
64022,0.00523687666282
64025,0.0302901826799
64027,0.00472362339497
64029,0.260215103626
64030,0.00239938753657
64033,0.00703557999805
64034,0.0234637595713
64037,0.00948811508715
64038,0.00577431358397
64043,0.0691860690713
64045,0.0470619611442
64046,0.15699416399
64047,0.00251494930126
64048,0.0372590608895
64049,0.00721944356337
64051,0.0106596499681
64057,0.0139843616635
64058,0.00317858485505
64059,0.0470961146057
64061,0.00733566004783
64062,0.00447440845892
64067,0.138374209404
64070,0.00288477377035
64073,0.0272955615073
64075,0.0439475215971
64079,0.0509138777852
64080,0.0338413082063
64081,0.0460126511753
64082,0.0394092462957
64084,0.0140626877546
64085,0.00646660802886
64086,0.0311066452414
64087,0.240236803889
64088,0.0196028240025
64093,0.250145852566
64098,0.0232520196587
64099,0.203144133091
64100,0.0226869173348
64101,0.00272414437495
64103,0.00255912379362
64104,0.00249968888238
64107,0.0014034936903
64108,0.00597120122984
64110,0.184825494885
64115,0.00594505527988
64117,0.00767595041543
64119,0.047065179795
64121,0.00164919882081
64123,0.00216639786959
64124,0.0039264340885
64126,0.00536858197302
64128,0.00204215245321
64129,0.0332863293588
64130,0.111774042249
64133,0.00456201285124
64135,0.0141994468868
64137,0.00948811508715
64139,0.0300542023033
64140,0.00614411942661
64141,0.0315666571259
64145,0.00270451698452
64147,0.00189622782636
64148,0.0107682347298
64156,0.00250419927761
64157,0.0203235410154
64163,0.00188168429304
64164,0.0296902097762
64165,0.00383577612229
64167,0.0447930209339
64170,0.0288379751146
64173,0.118315011263
64176,0.0571296140552
64180,0.00136814313009
64182,0.00270473817363
64184,0.0548540279269
64185,0.185527220368
64186,0.00422101607546
64189,0.0118430992588
64190,0.00165907340124
64193,0.0615337379277
64194,0.00382499024272
64196,0.0169885735959
64197,0.00461970223114
64198,0.0327610783279
64200,0.00254390947521
64201,0.0154513474554
64203,0.0307153761387
64208,0.0732070803642
64210,0.0139141567051
64212,0.0343269445002
64213,0.109299063683
64216,0.0200024899095
64218,0.0775040984154
64219,0.0947261601686
64220,0.00228422950022
64223,0.0296651907265
64224,0.055716753006
64225,0.00149287853856
64226,0.00349298468791
64227,0.00352281052619
64229,0.0188216082752
64230,0.193417623639
64231,0.00852759089321
64235,0.00301044504158
64236,0.0514187440276
64237,0.00230449042283
64239,0.0325312167406
64242,0.0232533160597
64243,0.0165584329516
64245,0.00276609207503
64246,0.0277156457305
64247,0.0189389530569
64250,0.0825122594833
64255,0.00926128216088
64256,0.049651414156
64259,0.0205225963145
64260,0.00225507863797
64262,0.00432752259076
64264,0.159538075328
64265,0.216872110963
64266,0.00355574465357
64267,0.00272862892598
64270,0.182991564274
64271,0.00175300985575
64272,0.00535283377394
64273,0.006616063416
64285,0.00311153521761
64287,0.00460962019861
64289,0.00264277867973
64292,0.0817709937692
64295,0.0194470342249
64296,0.180642962456
64297,0.00981180462986
64298,0.157189056277
64300,0.00884964223951
64302,0.00373080023564
64303,0.0237365812063
64308,0.0152545515448
64309,0.0133298132569
64312,0.377354949713
64314,0.0119412662461
64317,0.0184641703963
64319,0.0225869379938
64321,0.011212034151
64322,0.00154544727411
64323,0.0166290085763
64324,0.00895577203482
64325,0.00793474260718
64326,0.0145423766226
64327,0.00938631873578
64330,0.00994114391506
64331,0.00520428735763
64333,0.022478736937
64334,0.0196028240025
64339,0.0198759436607
64341,0.0196028240025
64342,0.0231038741767
64343,0.00376205984503
64346,0.00952316448092
64349,0.00283704372123
64350,0.152090385556
64351,0.0207443200052
64353,0.0423039756715
64359,0.00479684909806
64361,0.224648863077
64362,0.0108939856291
64365,0.0118402084336
64366,0.0576617345214
64368,0.0119071649387
64369,0.00668403413147
64371,0.0488786138594
64374,0.00299660325982
64375,0.0221341736615
64377,0.0588056445122
64378,0.205377459526
64379,0.00284456345253
64380,0.00285691022873
64381,0.00503440061584
64382,0.0359491556883
64383,0.0287504866719
64385,0.0101904477924
64387,0.00550033058971
64388,0.116289615631
64391,0.00251434510574
64395,0.00513062207028
64396,0.00567358406261
64399,0.0157547798008
64403,0.00383040308952
64404,0.238130152225
64411,0.00216931593604
64413,0.0297185759991
64415,0.179096341133
64418,0.0575296804309
64419,0.00322097912431
64421,0.0507970899343
64422,0.0182672273368
64423,0.0080739017576
64425,0.0196028240025
64426,0.0269456543028
64434,0.0149085475132
64439,0.143218532205
64442,0.0115552898496
64443,0.166941851377
64444,0.014090734534
64445,0.0143397655338
64452,0.0209800675511
64455,0.152385652065
64456,0.049460105598
64458,0.0509772077203
64459,0.00245738052763
64460,0.0175110269338
64464,0.0318670943379
64465,0.152385652065
64468,0.00150419364218
64471,0.00690522138029
64472,0.0312738344073
64473,0.0601165108383
64474,0.0344077832997
64475,0.00242967135273
64478,0.0124200470746
64481,0.00258856778964
64482,0.0136962784454
64484,0.0119817974046
64485,0.0245580803603
64486,0.0192310307175
64487,0.0929410457611
64488,0.0364260971546
64489,0.0165611281991
64490,0.00605299929157
64491,0.0106985159218
64493,0.0076439534314
64496,0.290111958981
64497,0.0358479321003
64500,0.00927339587361
64501,0.0215526483953
64502,0.021403381601
64503,0.00847241934389
64505,0.0529266260564
64506,0.00461336504668
64509,0.031025711447
64510,0.0193773470819
64512,0.00870241597295
64513,0.0367920771241
64518,0.0438615046442
64519,0.00627514533699
64522,0.00470077898353
64523,0.129513368011
64525,0.0196028240025
64526,0.0890368148685
64527,0.0141994468868
64531,0.00686807977036
64532,0.018139058724
64534,0.0941908583045
64535,0.0264217704535
64537,0.0867488756776
64539,0.0153734460473
64541,0.00196255976334
64544,0.0179964713752
64546,0.00401775492355
64548,0.023221405223
64551,0.00811655819416
64554,0.00241056713276
64557,0.0852774754167
64559,0.013346824795
64560,0.0776890739799
64561,0.0168657191098
64562,0.0394082926214
64563,0.02188654989
64566,0.179096341133
64569,0.0229585636407
64570,0.0165611281991
64571,0.0192043185234
64575,0.006122934632
64578,0.0139089571312
64579,0.0575200915337
64582,0.00362206902355
64584,0.0675153583288
64585,0.0467716008425
64587,0.00948811508715
64588,0.200180828571
64589,0.0176695976406
64592,0.00275811296888
64593,0.183611229062
64598,0.0397221408784
64600,0.0357437543571
64602,0.0099340826273
64603,0.00541279604658
64605,0.0202419254929
64606,0.00387090211734
64609,0.041181743145
64612,0.00279429042712
64613,0.0275014080107
64616,0.0806592926383
64618,0.00796425156295
64619,0.00243837200105
64621,0.0191829949617
64622,0.0147928632796
64625,0.0016749734059
64628,0.11092184484
64629,0.0214276462793
64630,0.0126556036994
64632,0.0109350578859
64634,0.0578370429575
64637,0.00135943386704
64638,0.294480651617
64640,0.011448353529
64642,0.0787182152271
64643,0.0181318707764
64645,0.00704855052754
64647,0.0187583193183
64649,0.299960702658
64651,0.00686087599024
64652,0.0153894638643
64653,0.00727051077411
64655,0.00559006026015
64656,0.042253986001
64657,0.0511735826731
64660,0.131330281496
64662,0.00893407035619
64664,0.00141591776628
64665,0.0143366670236
64666,0.00695238541812
64671,0.0507587119937
64673,0.0104967011139
64674,0.0508204810321
64677,0.0230807643384
64678,0.00268246629275
64681,0.0148084228858
64683,0.174630403519
64684,0.0522852838039
64687,0.0143089378253
64688,0.00207132147625
64689,0.0103286793455
64691,0.0494892820716
64692,0.0781037956476
64693,0.118738755584
64695,0.00696926796809
64697,0.00251136324368
64699,0.00327320513315
64701,0.131141006947
64702,0.00940038915724
64706,0.0523875281215
64707,0.00178805575706
64708,0.0809779763222
64710,0.026366783306
64711,0.00446495367214
64712,0.10326679796
64713,0.0275588352233
64715,0.0719564706087
64716,0.0858563184738
64719,0.0731890574098
64720,0.0141994468868
64722,0.187450990081
64726,0.00908967480063
64727,0.149104356766
64728,0.16718237102
64729,0.00368505972438
64731,0.0193416029215
64732,0.165063470602
64733,0.00405955733731
64734,0.0328408181667
64736,0.00702859461308
64737,0.00496455980465
64738,0.00289710867219
64739,0.00780763244256
64740,0.00644134543836
64742,0.0214639250189
64743,0.0108763296157
64745,0.0756298825145
64747,0.0721613392234
64749,0.0541867651045
64750,0.00525507843122
64752,0.0939293652773
64753,0.00592523859814
64754,0.0558217689395
64755,0.0863795876503
64758,0.0210681650788
64759,0.0212560147047
64760,0.0709012821317
64761,0.0124012744054
64765,0.0586986020207
64766,0.0156861916184
64767,0.0483858063817
64769,0.218774527311
64770,0.0489031709731
64775,0.00231324578635
64776,0.00225043017417
64777,0.187497764826
64778,0.136850371957
64780,0.00230788928457
64781,0.00279133953154
64783,0.0101080341265
64784,0.00831493642181
64788,0.0355035699904
64789,0.0170909073204
64790,0.00253501371481
64791,0.00627719145268
64793,0.00281994976103
64794,0.0282097756863
64798,0.0083249649033
64804,0.0184237360954
64805,0.146041467786
64807,0.00715055409819
64808,0.0124846892431
64813,0.0154300779104
64815,0.00791209563613
64819,0.00249991961755
64827,0.00883331242949
64828,0.00572135858238
64829,0.0148776136339
64830,0.0356039777398
64831,0.0385871492326
64832,0.0296434499323
64833,0.0367444641888
64836,0.0313737653196
64838,0.0127600822598
64841,0.0838275402784
64842,0.258560955524
64844,0.00921754073352
64847,0.0193098336458
64849,0.00953234918416
64850,0.00254814652726
64851,0.00174632295966
64855,0.00906003639102
64857,0.168633535504
64859,0.00146154058166
64862,0.0123724285513
64865,0.00796420220286
64866,0.00909423734993
64867,0.0160373095423
64868,0.053923998028
64870,0.0325588323176
64871,0.00424655666575
64872,0.0216816347092
64873,0.0436080880463
64875,0.170822292566
64879,0.00498243281618
64882,0.147204652429
64883,0.0263591706753
64885,0.00154561654199
64887,0.0349171049893
64888,0.192412480712
64892,0.0312861092389
64893,0.00172955356538
64894,0.286554396152
64895,0.00885673519224
64896,0.00264286785387
64898,0.113520912826
64899,0.00401011062786
64903,0.00862884800881
64906,0.0118402084336
64907,0.00973656866699
64910,0.0566062927246
64911,0.00239918683656
64912,0.0767991095781
64914,0.00572811951861
64915,0.0115315569565
64916,0.242018252611
64922,0.015731247142
64924,0.00781660992652
64925,0.00735954195261
64926,0.0722127780318
64927,0.0350958444178
64928,0.187180072069
64929,0.0334714725614
64930,0.0402706898749
64932,0.0211528670043
64935,0.0663125514984
64936,0.0259348992258
64938,0.0250362381339
64939,0.00455066282302
64940,0.00192364980467
64941,0.0260243695229
64942,0.00692970724776
64943,0.0593470856547
64947,0.0196526665241
64948,0.00656744698063
64949,0.00817460380495
64950,0.00512508768588
64952,0.183093830943
64956,0.00572859542444
64957,0.0432382971048
64959,0.204878792167
64961,0.121252849698
64964,0.00175474048592
64967,0.0152742266655
64968,0.0383001975715
64970,0.0165865272284
64971,0.00931372493505
64973,0.205943897367
64974,0.00252988841385
64977,0.00945533998311
64978,0.0167106892914
64981,0.00549479341134
64984,0.0503761097789
64986,0.00500950729474
64989,0.0109678553417
64990,0.0141994468868
64993,0.00834731943905
64998,0.00382211897522
65000,0.00476653268561
65001,0.00249213259667
65004,0.00852297991514
65005,0.0084874946624
65007,0.00211268756539
65008,0.00652547273785
65012,0.0409134812653
65013,0.0316216014326
65014,0.00662589259446
65015,0.00283077126369
65017,0.00152696936857
65018,0.121839091182
65020,0.183093830943
65022,0.030797759071
65025,0.00237686140463
65026,0.0150379100814
65034,0.00527319125831
65036,0.00874504540116
65037,0.00998024828732
65039,0.007060832344
65040,0.00973762571812
65042,0.00214133085683
65043,0.0244994536042
65044,0.00978902820498
65045,0.149897843599
65046,0.0287399962544
65047,0.00907114800066
65048,0.00765543151647
65056,0.0592625401914
65057,0.0199174806476
65058,0.00719945365563
65060,0.0106256529689
65061,0.00364446663298
65062,0.0235864929855
65064,0.0302179288119
65065,0.0244431681931
65066,0.0196028240025
65067,0.0206916239113
65072,0.0210437998176
65073,0.00492157181725
65074,0.235738784075
65075,0.00249467766844
65076,0.205836981535
65078,0.00382983731106
65079,0.015611234121
65080,0.00471594929695
65083,0.229911342263
65084,0.0196336079389
65085,0.170635983348
65087,0.0308151505888
65088,0.112538002431
65090,0.0026773493737
65091,0.0112426895648
65095,0.00140366016421
65096,0.00499477609992
65097,0.0367920771241
65099,0.00221130647697
65106,0.00318529992364
65108,0.015826670453
65109,0.100706748664
65110,0.00624228548259
65112,0.207907512784
65113,0.00270485901274
65114,0.0873274430633
65115,0.0306360274553
65116,0.00134807208087
65117,0.0110771842301
65118,0.00250440882519
65120,0.00340797682293
65122,0.104029759765
65124,0.030766421929
65125,0.00225807284005
65126,0.0128961391747
65129,0.0257465615869
65130,0.014363611117
65132,0.0440981090069
65135,0.0696209892631
65138,0.00418640626594
65140,0.0130694434047
65144,0.184074506164
65145,0.0435773693025
65147,0.0125520993024
65148,0.0240387525409
65150,0.00973762571812
65151,0.00860692188144
65153,0.00263951299712
65154,0.00827741250396
65156,0.009695767425
65157,0.0139168323949
65158,0.0492448247969
65163,0.0284568350762
65165,0.00333939120173
65169,0.00801153946668
65170,0.0318670943379
65172,0.0307153761387
65173,0.109934933484
65174,0.0139771038666
65178,0.0255321282893
65179,0.0179292131215
65180,0.0993629917502
65182,0.0148091819137
65184,0.0333179347217
65187,0.0230463556945
65188,0.00276364921592
65189,0.0355578958988
65190,0.00472434516996
65194,0.00152384291869
65195,0.0713443830609
65196,0.00419231830165
65197,0.202627763152
65199,0.00285577354953
65202,0.0255321282893
65203,0.167219012976
65206,0.0118864877149
65207,0.0116725061089
65211,0.026228800416
65214,0.022006848827
65216,0.0220985990018
65217,0.160952270031
65219,0.00361595326103
65220,0.00215219822712
65223,0.00149988976773
65228,0.132756128907
65230,0.0384015291929
65232,0.159745484591
65235,0.0255444459617
65236,0.00418396433815
65238,0.0180863067508
65242,0.0278728213161
65244,0.00291248434223
65253,0.00354287563823
65254,0.00127578305546
65256,0.09984523803
65257,0.0477401539683
65261,0.00235196715221
65266,0.0289641171694
65268,0.0102351792157
65273,0.006821279414
65274,0.106341347098
65275,0.00546021992341
65276,0.00948811508715
65277,0.0200463552028
65278,0.0128993932158
65282,0.146800041199
65283,0.0271447785199
65290,0.0254557430744
65293,0.00252060173079
65294,0.00125270546414
65296,0.0196028240025
65297,0.0122995525599
65298,0.0276567582041
65299,0.00522546190768
65300,0.0127085689455
65305,0.297655403614
65307,0.00206203595735
65308,0.00859980843961
65310,0.00418851012364
65314,0.00153288780712
65316,0.0147676644847
65317,0.0136850737035
65320,0.0352970026433
65321,0.0515706427395
65327,0.00708999717608
65328,0.13211171329
65329,0.00499023776501
65330,0.0123554384336
65334,0.0360146872699
65335,0.00284767872654
65337,0.0601281486452
65339,0.00140647147782
65340,0.101905398071
65343,0.0313454382122
65344,0.0201571546495
65345,0.0102160861716
65347,0.0033664254006
65348,0.0123323006555
65350,0.00711516337469
65352,0.0106266364455
65353,0.00275811296888
65354,0.0134527180344
65355,0.135788708925
65356,0.0113516058773
65357,0.00819901935756
65358,0.0350331999362
65360,0.0139389159158
65361,0.0277181956917
65363,0.0525993779302
65368,0.0140365576372
65369,0.00326862186193
65370,0.0138230789453
65371,0.00254814652726
65375,0.0194188896567
65377,0.133117690682
65380,0.032158151269
65383,0.0205533541739
65384,0.0141534656286
65385,0.00403328426182
65386,0.0861244872212
65393,0.217361614108
65396,0.293424397707
65397,0.019108004868
65398,0.0243957340717
65399,0.134544953704
65400,0.0277617536485
65401,0.127608075738
65403,0.161717802286
65412,0.00193229212891
65414,0.0125167584047
65415,0.210978999734
65419,0.00183199660387
65420,0.176368325949
65421,0.00263794674538
65422,0.00384026113898
65423,0.0387318991125
65424,0.00595265440643
65425,0.00489117903635
65426,0.0384407490492
65428,0.00757825933397
65429,0.0168112497777
65430,0.0171846970916
65432,0.0019956601318
65433,0.0522868782282
65434,0.00144180830102
65437,0.0307153761387
65438,0.0325312167406
65439,0.00280218967237
65440,0.00739897508174
65441,0.0207015331835
65443,0.128949820995
65444,0.0194656923413
65446,0.0154820466414
65447,0.00286587607116
65448,0.128401488066
65449,0.0237054396421
65450,0.203829362988
65451,0.00921933446079
65452,0.100595712662
65453,0.0752922520041
65455,0.0197366122156
65456,0.216356471181
65457,0.0317259915173
65458,0.00702656200156
65460,0.00334569136612
65463,0.0152947232127
65464,0.00285607902333
65465,0.00373032898642
65467,0.0141994468868
65468,0.0014142151922
65469,0.167927995324
65472,0.0324380919337
65473,0.21115359664
65474,0.00142931181472
65481,0.0172589048743
65482,0.0391977801919
65483,0.0376801528037
65486,0.00176241237205
65490,0.0123783797026
65491,0.0647582560778
65492,0.00297597469762
65493,0.00280841789208
65495,0.0148241538554
65498,0.0103457914665
65500,0.0253211818635
65501,0.024162966758
65502,0.00439939647913
65505,0.0124791413546
65506,0.0122827710584
65508,0.00723964953795
65509,0.00213663792238
65510,0.0322818830609
65511,0.0877286940813
65512,0.0122975250706
65513,0.0408082120121
65514,0.268042743206
65515,0.00172838731669
65519,0.00430798204616
65522,0.00804994348437
65524,0.0569568164647
65525,0.0480782166123
65527,0.0101814959198
65532,0.00796110648662
65533,0.217299133539
65536,0.00379049940966
65538,0.0135163962841
65539,0.0147309880704
65541,0.0073199365288
65545,0.0834383070469
65546,0.0176980346441
65548,0.203772425652
65549,0.00306321284734
65551,0.0454560741782
65553,0.0044543389231
65554,0.0165611281991
65555,0.00510782049969
65560,0.0241778641939
65562,0.081087000668
65563,0.177686169744
65564,0.205041199923
65565,0.00140001752879
65566,0.00574991619214
65567,0.00207120622508
65568,0.0915728807449
65571,0.00488310214132
65572,0.0339403152466
65573,0.103733345866
65574,0.1902089715
65581,0.00896218139678
65585,0.0435588620603
65586,0.0074546393007
65590,0.00642853789032
65592,0.0172786097974
65594,0.0047760810703
65595,0.00965695921332
65597,0.00251860520802
65600,0.0417078882456
65601,0.0216816347092
65605,0.00307401199825
65606,0.0168709214777
65608,0.0343954525888
65609,0.00137902621645
65613,0.00284904637374
65615,0.0634395554662
65617,0.0307153761387
65618,0.00274269422516
65620,0.0764960646629
65625,0.0025927212555
65627,0.018101606518
65628,0.0207945145667
65630,0.0318670943379
65631,0.0311053786427
65632,0.0196028240025
65633,0.0144632533193
65636,0.00320732453838
65644,0.0044305101037
65645,0.0391937308013
65648,0.00273049273528
65650,0.0173343941569
65653,0.00984867941588
65654,0.0459707342088
65655,0.0218905694783
65656,0.0161998011172
65660,0.0410564728081
65661,0.0105874687433
65662,0.0086079062894
65663,0.00838683918118
65665,0.0104730930179
65667,0.192571178079
65668,0.00673355907202
65670,0.0703488960862
65671,0.00856357160956
65672,0.00266188336536
65674,0.00656125554815
65675,0.00798813812435
65676,0.0643362998962
65677,0.0274120550603
65678,0.0101741412655
65682,0.00528322067112
65683,0.0167756788433
65684,0.0469715967774
65685,0.113132491708
65689,0.00845997035503
65690,0.00200510350987
65692,0.0141994468868
65693,0.00796850584447
65694,0.0357717238367
65695,0.00752096017823
65696,0.0169682241976
65697,0.0409052371979
65698,0.00489044329152
65699,0.014328090474
65701,0.0117811784148
65703,0.0167878028005
65706,0.0370120219886
65707,0.0124172400683
65709,0.184171840549
65716,0.151835769415
65717,0.00133694638498
65719,0.0189208146185
65721,0.00238652457483
65722,0.00229628453963
65724,0.0443313159049
65726,0.00465671857819
65727,0.00520458398387
65729,0.0101355388761
65730,0.00189869583119
65732,0.0269113909453
65733,0.040152952075
65736,0.0091739911586
65737,0.00654132524505
65738,0.00196891184896
65739,0.0035030238796
65740,0.00538211129606
65741,0.00449704984203
65744,0.0283331684768
65745,0.00707762455568
65749,0.0341755263507
65750,0.00213202834129
65753,0.012272275053
65754,0.00729233864695
65756,0.00786287151277
65757,0.104323886335
65758,0.0233747754246
65759,0.0068336147815
65761,0.0201528258622
65763,0.00376662518829
65764,0.288059711456
65768,0.00238720932975
65772,0.00221153791063
65776,0.00756250368431
65780,0.00365842296742
65781,0.00310310558416
65786,0.0100459363312
65787,0.00427754409611
65789,0.0164666529745
65792,0.00269171805121
65795,0.108967550099
65796,0.311059892178
65799,0.00441488530487
65801,0.0171489436179
65802,0.0196526665241
65803,0.00152907264419
65805,0.0227997899055
65806,0.0562616586685
65808,0.200772047043
65811,0.00948811508715
65812,0.0204699505121
65813,0.00541327055544
65814,0.015921998769
65815,0.356535851955
65816,0.011220453307
65818,0.00948811508715
65819,0.00484595447779
65820,0.0264217704535
65824,0.0552713386714
65825,0.00921933446079
65829,0.00192517461255
65830,0.179915040731
65835,0.00383943319321
65836,0.0131187029183
65837,0.0153328394517
65841,0.046435739845
65844,0.183093830943
65845,0.00435366528109
65846,0.00223519280553
65848,0.0200718771666
65853,0.022153865546
65854,0.00193884246983
65858,0.00372469611466
65861,0.0302784424275
65863,0.0200390908867
65865,0.0110296783969
65870,0.060363329947
65872,0.0214552693069
65875,0.0562184043229
65876,0.0387845002115
65879,0.0373794212937
65880,0.0115490499884
65881,0.005844976753
65882,0.0121376411989
65885,0.00168697792105
65886,0.0318807698786
65888,0.0082468893379
65889,0.015674136579
65890,0.00336803682148
65892,0.146041467786
65894,0.0298070590943
65898,0.00324971461669
65901,0.00167574058287
65903,0.0036899051629
65904,0.0154820466414
65906,0.00149023090489
65907,0.00439839810133
65911,0.00974090024829
65912,0.0311066452414
65916,0.0835565924644
65917,0.00969784613699
65918,0.0154300779104
65921,0.0164007712156
65924,0.00518474727869
65925,0.159745484591
65931,0.00276442337781
65932,0.0246768444777
65934,0.00386923667975
65935,0.035054281354
65940,0.0399845018983
65941,0.00379542191513
65942,0.00143002998084
65943,0.0655435398221
65944,0.0385782793164
65946,0.0071015637368
65948,0.145352482796
65949,0.0255321282893
65953,0.00264805275947
65955,0.0340359546244
65957,0.170284166932
65958,0.00276333768852
65960,0.00143747532275
65961,0.0191472843289
65962,0.0178310517222
65964,0.0346216037869
65965,0.0341473072767
65966,0.0356654524803
65967,0.0742856711149
65971,0.00250783096999
65973,0.0195140335709
65974,0.0107617452741
65975,0.0135163962841
65976,0.216578155756
65981,0.00234782532789
65982,0.0296206139028
65983,0.0307153761387
65985,0.00754224229604
65986,0.00559712341055
65989,0.0106429718435
65997,0.0214388482273
66006,0.241804152727
66010,0.0154300779104
66011,0.0262512303889
66016,0.00426535960287
66017,0.00843981094658
66019,0.0434994734824
66020,0.00583260366693
66026,0.00364764314145
66028,0.00823501497507
66030,0.0214393232018
66032,0.0163857005537
66033,0.00878005474806
66036,0.0282948948443
66038,0.0127695826814
66039,0.0100028086454
66043,0.00471412763
66044,0.00285691022873
66045,0.0035451957956
66048,0.00977126788348
66049,0.0059590456076
66050,0.0211488008499
66051,0.0208656899631
66053,0.171088069677
66056,0.00272575230338
66059,0.00901912059635
66060,0.0352927781641
66061,0.00310508557595
66062,0.00262060458772
66064,0.0147726107389
66065,0.0518613941967
66066,0.0502115450799
66070,0.00396268628538
66071,0.176368325949
66074,0.00333274807781
66075,0.0108335940167
66076,0.0149605432525
66077,0.0040599484928
66078,0.00539492536336
66079,0.0196526665241
66080,0.0161884967238
66083,0.002145860577
66084,0.0109143145382
66086,0.0143238166347
66087,0.0235543586314
66091,0.0216816347092
66093,0.00434372667223
66094,0.0141439810395
66096,0.00332170771435
66099,0.00343802222051
66102,0.162784606218
66104,0.0393093563616
66107,0.00863200519234
66110,0.179801091552
66113,0.0171841718256
66114,0.00396711518988
66115,0.0163794457912
66119,0.0035920611117
66122,0.00279645947739
66126,0.0545476265252
66128,0.00547133153304
66130,0.13211171329
66131,0.0183009896427
66132,0.00402750726789
66134,0.00530492328107
66135,0.00579923996702
66136,0.00298158405349
66137,0.177619531751
66138,0.0357243418694
66139,0.0661038458347
66143,0.0256494935602
66145,0.172150194645
66148,0.0247530266643
66150,0.00700628012419
66151,0.00322833261453
66152,0.0014460751554
66157,0.0261751133949
66159,0.283199191093
66160,0.0196028240025
66161,0.0186369046569
66162,0.0137735446915
66165,0.0264919325709
66166,0.00671644881368
66167,0.0216805879027
66168,0.0158021803945
66172,0.0114839654416
66173,0.0627674087882
66174,0.0537018552423
66176,0.133606955409
66177,0.00413030665368
66178,0.00173652020749
66182,0.0302052889019
66183,0.0141994468868
66188,0.0505899451673
66191,0.00649930490181
66194,0.0222676098347
66196,0.00803394336253
66200,0.00623428914696
66201,0.0385782793164
66202,0.229911342263
66203,0.00840680208057
66205,0.00683801714331
66207,0.00315510225482
66208,0.0122652957216
66213,0.00454294495285
66215,0.0325142629445
66216,0.00489044329152
66220,0.00122728699353
66223,0.047511998564
66224,0.0154300779104
66225,0.0382272973657
66226,0.0125980451703
66227,0.00999254826456
66229,0.0243747998029
66230,0.0144871026278
66232,0.00238709128462
66234,0.0196028240025
66235,0.0223014745861
66236,0.129451751709
66237,0.0124012744054
66239,0.00319160148501
66240,0.0115840658545
66243,0.00489424122497
66245,0.00129866099451
66246,0.114886373281
66248,0.0027821471449
66250,0.0101072518155
66255,0.00253938091919
66257,0.0140721453354
66260,0.00796850584447
66261,0.00644806586206
66264,0.0137796672061
66267,0.0227069780231
66269,0.0350285321474
66270,0.0141994468868
66271,0.0149907758459
66272,0.0212152581662
66273,0.0141994468868
66276,0.0173213724047
66277,0.0614175833762
66281,0.00325360475108
66283,0.063953615725
66290,0.00129175651819
66292,0.0439137630165
66294,0.0024650557898
66296,0.00778550328687
66297,0.031025711447
66298,0.0407008565962
66304,0.00160657078959
66305,0.00288465712219
66309,0.020894665271
66310,0.0909513607621
66311,0.10342874378
66312,0.0170892104506
66313,0.00363711151294
66314,0.00297530554235
66318,0.00145120348316
66320,0.00552987074479
66324,0.0250954627991
66325,0.0465750619769
66331,0.135967940092
66333,0.00156822765712
66334,0.0428775399923
66337,0.0124012744054
66339,0.0203413031995
66341,0.0046740276739
66342,0.0100934691727
66345,0.00201521767303
66347,0.0147086214274
66350,0.00282758311369
66351,0.0370933711529
66352,0.0779646784067
66355,0.00748239737004
66356,0.141798302531
66358,0.0261043105274
66360,0.00272049498744
66363,0.00612227059901
66364,0.009695767425
66365,0.00297216116451
66366,0.016482129693
66368,0.0403994470835
66370,0.00225234427489
66372,0.219778299332
66374,0.0252464320511
66375,0.00261800596491
66377,0.022635506466
66378,0.00133647979237
66380,0.0181608125567
66381,0.00478024221957
66382,0.00531735271215
66383,0.0233658831567
66384,0.00921902991831
66385,0.0147707313299
66388,0.0141742853448
66391,0.00257801031694
66392,0.0421984754503
66393,0.0145600931719
66394,0.00962531287223
66395,0.0187459085137
66396,0.00164888077416
66397,0.0350740589201
66398,0.0902358293533
66401,0.205319777131
66403,0.171248868108
66408,0.102541163564
66409,0.00248406268656
66410,0.0055022011511
66413,0.0282026994973
66415,0.00649340823293
66416,0.0446520894766
66417,0.0163130499423
66421,0.014049815014
66422,0.00856759306043
66423,0.00414012512192
66427,0.00187722791452
66431,0.0176444388926
66433,0.00354652176611
66438,0.00413833232597
66439,0.0551819764078
66441,0.013795228675
66444,0.00388628360815
66445,0.0309392437339
66447,0.00972731783986
66448,0.00612560799345
66449,0.0105678513646
66450,0.0100760553032
66451,0.0681747943163
66452,0.00251434510574
66453,0.0163393691182
66454,0.0188931133598
66455,0.0145423766226
66458,0.0220291353762
66459,0.0330264680088
66460,0.00220511830412
66463,0.00186806730926
66467,0.00389829510823
66469,0.0116423945874
66470,0.00464460067451
66474,0.0111549273133
66477,0.0200916770846
66479,0.0220188554376
66480,0.00239468179643
66481,0.120394453406
66482,0.0173419825733
66483,0.00568376947194
66484,0.0249825511128
66487,0.0515042133629
66489,0.00734947854653
66490,0.0155391311273
66493,0.00280463462695
66494,0.0211849398911
66496,0.021038711071
66501,0.0171919390559
66502,0.00189869583119
66504,0.0722787380219
66506,0.207933828235
66508,0.00973656866699
66509,0.055134665221
66511,0.00139950634912
66513,0.0421158336103
66514,0.00508732302114
66515,0.00614130450413
66516,0.0270946063101
66517,0.0727543234825
66518,0.00173928076401
66519,0.0154286427423
66521,0.0126091241837
66523,0.0348279066384
66524,0.0477577261627
66530,0.0565940961242
66532,0.0178278945386
66536,0.00471138115972
66537,0.00775267183781
66540,0.0100396499038
66542,0.0343687832355
66544,0.0224387105554
66545,0.0465651080012
66548,0.199514046311
66549,0.121195450425
66551,0.0103163737804
66552,0.00434096576646
66554,0.0371768996119
66556,0.00723833031952
66562,0.00250214780681
66563,0.0323024466634
66565,0.00965551380068
66567,0.0367920771241
66569,0.00443784194067
66570,0.0115143125877
66574,0.0434301942587
66575,0.00612835818902
66576,0.00828606355935
66580,0.00989148113877
66581,0.00957246497273
66582,0.0159031376243
66583,0.00432744063437
66584,0.00377149670385
66585,0.0337297543883
66586,0.00203371047974
66587,0.00320427701809
66591,0.0250705797225
66593,0.0324010252953
66596,0.00346966157667
66598,0.0259831529111
66601,0.00589895714074
66603,0.0216716881841
66604,0.035054281354
66605,0.102072559297
66606,0.00973762571812
66607,0.0142078585923
66608,0.0350214503706
66610,0.177686169744
66611,0.0196526665241
66612,0.0150670232251
66615,0.00334444502369
66616,0.00178897776641
66619,0.00992721877992
66621,0.0133506627753
66622,0.00950191821903
66623,0.237387374043
66624,0.0159206837416
66625,0.00583260366693
66626,0.0143924038857
66631,0.0329382419586
66633,0.04077180475
66634,0.00726604415104
66640,0.00453774025664
66644,0.00221697497182
66645,0.0114597398788
66647,0.229911342263
66648,0.00264648906887
66652,0.00994960404932
66653,0.0267873760313
66654,0.0155969075859
66655,0.00267213536426
66657,0.0311952084303
66658,0.0167089644819
66659,0.00322723132558
66662,0.00716345338151
66663,0.0154300779104
66664,0.00994114391506
66665,0.00837055686861
66666,0.0190741624683
66667,0.0023965141736
66671,0.112818650901
66673,0.0196295324713
66676,0.00948811508715
66678,0.0630697458982
66680,0.0187993589789
66682,0.0013265509624
66683,0.0255321282893
66685,0.0124012744054
66686,0.00318980612792
66689,0.00930405128747
66692,0.114019051194
66693,0.0111399730667
66694,0.0125980451703
66695,0.0162485018373
66696,0.00464555528015
66698,0.0313454382122
66699,0.0492418669164
66700,0.00898651126772
66702,0.0106143150479
66705,0.193703815341
66706,0.0087850196287
66712,0.0153891816735
66713,0.0424173250794
66714,0.0340817645192
66716,0.214788943529
66717,0.00808172207326
66718,0.00260292412713
66719,0.00965780764818
66720,0.0397422164679
66728,0.0110048335046
66730,0.0679725706577
66732,0.00694704148918
66737,0.0137657606974
66739,0.0845183953643
66740,0.00149950489867
66741,0.0328774899244
66742,0.0045388713479
66744,0.00307531864382
66746,0.0327610783279
66748,0.0367066077888
66749,0.223975926638
66755,0.00283838086762
66756,0.232654720545
66757,0.071708701551
66762,0.106341347098
66763,0.0417678691447
66764,0.00804661586881
66767,0.0149907758459
66768,0.00937393866479
66769,0.0349747687578
66770,0.0059445197694
66775,0.091785736382
66778,0.00646743830293
66780,0.011199792847
66781,0.242260158062
66786,0.0966465771198
66787,0.0018066422781
66788,0.0121566038579
66789,0.0516209937632
66793,0.00183911435306
66795,0.152439087629
66797,0.0278648585081
66799,0.00232797511853
66801,0.0037755749654
66803,0.00860903784633
66804,0.00936860498041
66805,0.0048566502519
66806,0.0901561081409
66808,0.00849987473339
66810,0.00361086125486
66811,0.0116746295244
66815,0.00973656866699
66816,0.0124128730968
66818,0.0731095075607
66819,0.209128797054
66820,0.063953615725
66824,0.00250391103327
66825,0.0509728603065
66828,0.0208700224757
66835,0.101654484868
66836,0.0227274186909
66837,0.0859953612089
66838,0.0129865854979
66839,0.0305389035493
66842,0.0190226454288
66843,0.114589355886
66845,0.0152063127607
66846,0.00998226925731
66848,0.0622639358044
66849,0.0040329778567
66851,0.0285396222025
66854,0.00136643799488
66855,0.0185532867908
66856,0.00240371050313
66861,0.0135426167399
66862,0.0203392058611
66863,0.0230778921396
66868,0.00726477894932
66872,0.0177710074931
66874,0.0106831490993
66876,0.00995237659663
66878,0.0032877845224
66879,0.0391575470567
66883,0.00243370467797
66884,0.00490768719465
66885,0.0281431395561
66890,0.159745484591
66895,0.0246874988079
66896,0.073137499392
66897,0.149763017893
66898,0.00159215275198
66899,0.0016762597952
66900,0.0136659462005
66901,0.0116234198213
66905,0.0145694557577
66906,0.162858620286
66907,0.00331978546456
66908,0.00404273858294
66911,0.0343787930906
66912,0.019696097821
66913,0.229039043188
66914,0.0997265279293
66917,0.00584557512775
66919,0.0126110659912
66923,0.0113219125196
66925,0.019816800952
66926,0.0322233140469
66927,0.0120922718197
66928,0.0220985990018
66929,0.00282079074532
66931,0.0051129530184
66933,0.0374455973506
66934,0.0398129671812
66940,0.00328047177754
66941,0.00575467571616
66943,0.0274051483721
66944,0.0173419825733
66945,0.0136514864862
66946,0.00118708319496
66949,0.0355452075601
66950,0.00298640178517
66952,0.00689320126548
66954,0.00253875041381
66955,0.0268787890673
66958,0.0124012744054
66959,0.0654362440109
66960,0.114249400795
66965,0.00259515526704
66966,0.009695767425
66969,0.0154300779104
66972,0.00851679313928
66974,0.00159510178491
66979,0.0095583293587
66980,0.191437527537
66981,0.00161447958089
66983,0.0311185158789
66984,0.00547006586567
66986,0.00205053668469
66988,0.0338596999645
66991,0.00994114391506
66993,0.00821556616575
66995,0.00994960404932
66996,0.0764966830611
66998,0.00247756997123
67001,0.00287239532918
67002,0.00243156845681
67008,0.0390288680792
67009,0.00525240460411
67011,0.198911696672
67013,0.0131644215435
67018,0.013885079883
67021,0.0420290082693
67022,0.0220371354371
67024,0.00442900042981
67025,0.00243599899113
67027,0.0204221233726
67028,0.030868884176
67029,0.0255321282893
67030,0.0246962476522
67032,0.00301075982861
67036,0.0257241558284
67037,0.00345700583421
67038,0.0124939410016
67039,0.0330094248056
67040,0.00973656866699
67043,0.00850752089173
67045,0.00215825764462
67046,0.0301464628428
67050,0.00449084164575
67051,0.00927383825183
67052,0.00213038967922
67053,0.0221863128245
67055,0.00351215596311
67056,0.00238769548014
67057,0.0252635702491
67058,0.0189108997583
67059,0.0168863907456
67062,0.0451688952744
67064,0.0383199453354
67065,0.0262646842748
67068,0.0137996021658
67070,0.0688737183809
67071,0.00923080183566
67072,0.0104888929054
67074,0.0378738455474
67075,0.00342349102721
67079,0.0696206688881
67080,0.00278203980997
67086,0.0627674087882
67087,0.203772425652
67090,0.00335568981245
67091,0.010420368053
67094,0.0154570704326
67096,0.00183911435306
67101,0.0166947133839
67102,0.00187197362538
67103,0.00951385404915
67105,0.0197507590055
67106,0.00335444626398
67109,0.0145987300202
67111,0.0126030053943
67113,0.0347212776542
67116,0.0150713827461
67117,0.0475867278874
67118,0.0553840845823
67119,0.179096341133
67122,0.0268132444471
67123,0.00161407224368
67125,0.0565940961242
67127,0.047770306468
67129,0.0187344122678
67130,0.0106896767393
67131,0.00307196541689
67132,0.113412261009
67133,0.0220985990018
67136,0.00643534585834
67137,0.0206021368504
67139,0.00859529245645
67140,0.0349109508097
67141,0.223821654916
67142,0.0243855174631
67144,0.00326062832028
67145,0.00948811508715
67147,0.0526491366327
67148,0.117307305336
67149,0.0352830067277
67151,0.186611026525
67154,0.0117655443028
67156,0.00822846312076
67158,0.0190575569868
67159,0.0624363385141
67160,0.0153308883309
67161,0.0113801592961
67162,0.0336400866508
67163,0.00932539161295
67166,0.031132766977
67167,0.0264217704535
67169,0.00350607302971
67170,0.0284175965935
67171,0.0110206417739
67172,0.127212136984
67173,0.118135392666
67176,0.00558009231463
67177,0.00459902733564
67179,0.167009264231
67180,0.00349017092958
67182,0.0396766141057
67183,0.0391488410532
67185,0.109854012728
67186,0.09984523803
67187,0.0385740958154
67197,0.0400521531701
67198,0.00294555886649
67200,0.0310557857156
67203,0.00207132147625
67205,0.009695767425
67206,0.0375519655645
67207,0.0145694557577
67210,0.00228369701654
67211,0.155027464032
67215,0.0456534363329
67217,0.182646602392
67218,0.0297649204731
67219,0.00306521588936
67221,0.255353331566
67222,0.00350001594052
67226,0.0808354690671
67228,0.205337911844
67229,0.0022204965353
67230,0.188869059086
67233,0.0177042782307
67234,0.0037702859845
67235,0.00120299379341
67236,0.0034197838977
67237,0.130534008145
67241,0.0125973271206
67243,0.00760638108477
67245,0.00522978929803
67249,0.0508147738874
67259,0.0031256985385
67260,0.00296419137157
67262,0.00869661848992
67263,0.0101123386994
67265,0.0125639429316
67266,0.0129393199459
67267,0.0115264216438
67274,0.00408830447122
67276,0.0652862340212
67277,0.0102526554838
67278,0.00775251770392
67280,0.00235821306705
67281,0.00666489824653
67283,0.0157436840236
67285,0.00287752156146
67286,0.00306796375662
67288,0.00201295176521
67290,0.00800769310445
67293,0.00791627448052
67295,0.00300845643505
67296,0.187119662762
67297,0.00282144825906
67300,0.0623943656683
67301,0.00230019795708
67304,0.0020194107201
67309,0.0346645079553
67310,0.022022370249
67311,0.00289547536522
67315,0.0111925974488
67316,0.0322990231216
67320,0.0159795265645
67321,0.0739189386368
67322,0.0155801149085
67327,0.0370120219886
67330,0.00290952785872
67334,0.00218073581345
67336,0.00999254826456
67341,0.00150226335973
67344,0.0284961275756
67345,0.00198116642423
67348,0.0255321282893
67350,0.0632057413459
67351,0.00270386994816
67352,0.0137676317245
67354,0.00514794653282
67359,0.012668277137
67360,0.0518299974501
67362,0.0269211921841
67363,0.00233173044398
67365,0.0230715498328
67368,0.00206058821641
67373,0.210556969047
67374,0.0172306057066
67375,0.201619639993
67376,0.0207943953574
67378,0.00625604018569
67381,0.0105148032308
67382,0.216083303094
67383,0.00316068343818
67384,0.00808805134147
67385,0.0333082862198
67386,0.00416767271236
67390,0.0269922520965
67391,0.00973695423454
67392,0.00686175329611
67393,0.00225142203271
67395,0.0292178317904
67396,0.0297532789409
67400,0.0111362393945
67403,0.0262646842748
67407,0.00616096938029
67409,0.04828132689
67410,0.0388367474079
67412,0.0149907758459
67415,0.00318284519017
67416,0.00850554648787
67419,0.002903588349
67420,0.00279420381412
67421,0.0016400370514
67422,0.0688460916281
67424,0.00226209219545
67425,0.00439939647913
67430,0.0282317195088
67433,0.00235802237876
67435,0.0253890994936
67436,0.0122221419588
67440,0.0409752503037
67442,0.18514919281
67443,0.0081803239882
67445,0.00888402201235
67447,0.0043030474335
67450,0.022563058883
67451,0.0107021909207
67453,0.00497962720692
67456,0.00788010191172
67462,0.00948811508715
67465,0.0126390922815
67467,0.00282918056473
67468,0.0176450498402
67469,0.158467903733
67472,0.174728617072
67474,0.00183858303353
67475,0.00639485893771
67476,0.00597570836544
67479,0.299023836851
67480,0.157189056277
67483,0.059201925993
67485,0.00252671982162
67486,0.00377714261413
67487,0.015444827266
67489,0.0135740963742
67491,0.00739831011742
67496,0.0409752503037
67497,0.200515314937
67506,0.0477541610599
67507,0.00441756239161
67509,0.0116750858724
67510,0.00165134121198
67511,0.00142323214095
67514,0.0302467830479
67519,0.0281089358032
67520,0.00826312974095
67525,0.0185850579292
67527,0.00784923881292
67528,0.200677081943
67530,0.00876626744866
67533,0.00713371532038
67540,0.0036994817201
67542,0.0154300779104
67546,0.00165381853003
67547,0.00297014112584
67548,0.0196028240025
67551,0.0365355946124
67553,0.0191424880177
67554,0.158467903733
67555,0.0202725920826
67556,0.00233315047808
67557,0.0175378639251
67558,0.0382836647332
67560,0.0286090206355
67562,0.0317075923085
67565,0.0131822740659
67566,0.00193988461979
67567,0.0240666754544
67568,0.0326774269342
67572,0.0124735888094
67573,0.0115928044543
67574,0.0173113513738
67577,0.0202719066292
67578,0.0366664417088
67581,0.0579028278589
67582,0.00814034789801
67584,0.0825401246548
67585,0.00948811508715
67586,0.0333179347217
67588,0.0073164831847
67589,0.00194413785357
67591,0.0196028240025
67593,0.0586769841611
67594,0.001647739904
67595,0.00962863117456
67596,0.2323756814
67597,0.00394536741078
67598,0.182694420218
67599,0.261413216591
67600,0.0255321282893
67602,0.0385782793164
67603,0.0189492367208
67605,0.0200195908546
67606,0.0205501038581
67609,0.0144099881873
67610,0.0111362393945
67613,0.0031865418423
67614,0.0421278104186
67616,0.00220105214976
67620,0.15321969986
67622,0.00365869747475
67627,0.0146214878187
67629,0.0152236092836
67630,0.133646085858
67631,0.0447278395295
67632,0.0225608926266
67635,0.0501188002527
67637,0.00213171588257
67638,0.00894530303776
67641,0.0371730178595
67642,0.0168860200793
67643,0.043513558805
67646,0.00598379783332
67647,0.00423565227538
67648,0.0172521527857
67649,0.0427238531411
67651,0.00379753368907
67652,0.00656599737704
67653,0.0325802825391
67655,0.0379076488316
67656,0.00948811508715
67657,0.0188041888177
67658,0.0154300779104
67660,0.0586018338799
67661,0.0116184623912
67664,0.0781261622906
67667,0.0120799737051
67670,0.00229702331126
67671,0.00433690752834
67673,0.0280851274729
67674,0.00193765445147
67675,0.00426460849121
67677,0.0116917043924
67678,0.0184182170779
67679,0.0496634505689
67682,0.00253105955198
67683,0.00994960404932
67685,0.0185478311032
67689,0.0029174874071
67693,0.0675418302417
67697,0.00640335446224
67698,0.0154065163806
67703,0.207117885351
67705,0.0655056238174
67708,0.0196028240025
67709,0.0018803110579
67726,0.182393193245
67728,0.0207457188517
67730,0.0186249259859
67735,0.0145423766226
67736,0.0661555752158
67737,0.0385775193572
67738,0.00295579829253
67739,0.0327610783279
67740,0.00475721107796
67743,0.0238349735737
67744,0.0302429627627
67746,0.00666609220207
67747,0.0211672391742
67748,0.0216826517135
67749,0.0203986652195
67751,0.00207132147625
67752,0.250990182161
67753,0.075841397047
67754,0.0115234116092
67755,0.0136556988582
67756,0.0367920771241
67758,0.0195586886257
67761,0.0325166918337
67765,0.00902869738638
67766,0.0290092602372
67772,0.0322308316827
67773,0.146896287799
67775,0.00147785781883
67776,0.0179540142417
67779,0.0379844419658
67780,0.0463388934731
67781,0.0147027364001
67787,0.065790347755
67788,0.0196028240025
67791,0.00233825063333
67795,0.0185690615326
67797,0.0111030600965
67800,0.0377014838159
67802,0.0165882073343
67803,0.157189056277
67806,0.0134123386815
67808,0.112486608326
67809,0.0510194078088
67812,0.0982079058886
67814,0.00154014106374
67815,0.0156858023256
67819,0.0196028240025
67823,0.0250466242433
67826,0.005324320402
67828,0.159745484591
67831,0.0304808039218
67832,0.0567046776414
67834,0.0250868201256
67835,0.0200004186481
67837,0.00269802450202
67840,0.203772425652
67841,0.0152731658891
67843,0.0815754905343
67850,0.0104250600561
67851,0.00633493438363
67854,0.0584447383881
67855,0.0106642767787
67856,0.200868368149
67857,0.00165201572236
67858,0.0813167840242
67859,0.00647361529991
67860,0.0022683062125
67861,0.0137443179265
67866,0.0161611884832
67867,0.0689788162708
67868,0.0217776112258
67869,0.00780506199226
67870,0.170284166932
67871,0.0292776860297
67872,0.00237847887911
67875,0.00795842893422
67878,0.00233200541697
67879,0.00616359477863
67880,0.10580740124
67883,0.142393872142
67884,0.00172337004915
67885,0.121000044048
67886,0.0300861410797
67888,0.0668308958411
67891,0.00376240443438
67893,0.0215850416571
67895,0.0125565622002
67896,0.0045827566646
67899,0.00932539161295
67901,0.00381275126711
67902,0.0265184342861
67906,0.0581569112837
67907,0.0135895935819
67908,0.00117112114094
67910,0.0196028240025
67911,0.0287295412272
67914,0.0119049325585
67921,0.00394625030458
67922,0.0357157923281
67928,0.00808526668698
67930,0.00697483774275
67931,0.00274723418988
67932,0.00617355993018
67933,0.0212656706572
67934,0.00184255838394
67935,0.0889881551266
67936,0.0138094043359
67940,0.0336020849645
67944,0.0827786624432
67945,0.228212311864
67947,0.00859529245645
67949,0.0247728545219
67951,0.00842513423413
67954,0.00245486292988
67960,0.00841182377189
67963,0.016079524532
67966,0.00292144599371
67968,0.00161678856239
67969,0.106574214995
67970,0.0195288732648
67973,0.0322990231216
67974,0.00130527035799
67975,0.0441272445023
67976,0.00938143394887
67979,0.00641189375892
67986,0.0022646356374
67990,0.00464806286618
67991,0.00776714505628
67993,0.126458227634
67994,0.00226490921341
67995,0.00137295294553
67999,0.00376860261895
68000,0.120050415397
68002,0.0149874743074
68003,0.101047769189
68006,0.0141994468868
68007,0.0117245493457
68009,0.0509009771049
68010,0.0170826911926
68011,0.00241497438401
68015,0.00610320596024
68020,0.00228376779705
68021,0.0437840372324
68022,0.0167950540781
68023,0.00361310923472
68024,0.00824893731624
68025,0.0152725055814
68028,0.152990862727
68030,0.0104999402538
68032,0.0020705263596
68033,0.00192517461255
68034,0.00265969429165
68035,0.0732145011425
68036,0.00242775119841
68037,0.0137595748529
68039,0.0439936444163
68040,0.0054105524905
68042,0.0088051604107
68044,0.00270483316854
68046,0.0228104200214
68047,0.0111894318834
68049,0.00610356451944
68052,0.00737885152921
68055,0.00210865400732
68056,0.00524395564571
68058,0.0196028240025
68059,0.0255321282893
68064,0.031461879611
68069,0.00396842276677
68070,0.0181892327964
68074,0.0028125459794
68076,0.203772425652
68078,0.00223759002984
68079,0.00465940451249
68080,0.00734649365768
68082,0.0224129613489
68088,0.00315063190646
68091,0.017725719139
68092,0.00351536809467
68093,0.333252251148
68095,0.0785317867994
68096,0.00867704395205
68098,0.0220985990018
68100,0.00129175651819
68101,0.146135479212
68102,0.00443065771833
68105,0.00672100903466
68108,0.0289761479944
68112,0.0403521619737
68114,0.0121301589534
68115,0.022022370249
68116,0.00948811508715
68118,0.0105719557032
68119,0.00190021633171
68122,0.00145151035395
68123,0.00484182639048
68127,0.057979080826
68130,0.0320855826139
68132,0.00398755026981
68135,0.00187722791452
68141,0.0382617078722
68144,0.0105641018599
68151,0.0169146209955
68153,0.0323285982013
68154,0.0299177672714
68157,0.00758356228471
68161,0.0113662937656
68162,0.179096341133
68170,0.00384571915492
68171,0.0240798890591
68177,0.0565427318215
68178,0.28852212429
68179,0.0106218997389
68180,0.004621445667
68181,0.0057696509175
68183,0.100025489926
68184,0.00630004052073
68187,0.00721943611279
68190,0.00754863442853
68192,0.0262512303889
68193,0.00769369583577
68199,0.00343310972676
68200,0.0331546403468
68201,0.024833522737
68202,0.0331144407392
68203,0.0106277540326
68205,0.0366836339235
68208,0.00355793139897
68209,0.00225303997286
68210,0.0877385213971
68211,0.0238556116819
68213,0.00240568025038
68214,0.0925684720278
68216,0.00264437915757
68217,0.00514107942581
68218,0.0039686546661
68219,0.0294475164264
68222,0.0121609168127
68223,0.00681039458141
68225,0.082267858088
68228,0.0157547798008
68229,0.00207683863118
68230,0.191742062569
68232,0.0937063023448
68233,0.0218325834721
68235,0.0198759436607
68240,0.00313523691148
68241,0.0012475050753
68242,0.00761595042422
68243,0.047191940248
68244,0.011374249123
68247,0.00452845729887
68253,0.0135583793744
68254,0.0014185855398
68255,0.0303488057107
68256,0.00268126372248
68261,0.0168475750834
68262,0.0364389196038
68266,0.0274818725884
68269,0.00460530770943
68271,0.0149907758459
68272,0.00931674428284
68273,0.0578815303743
68274,0.00234761764295
68275,0.00417003640905
68277,0.00179633055814
68279,0.0023965141736
68280,0.0349514186382
68282,0.141438856721
68283,0.0526028051972
68284,0.0839011445642
68290,0.0949516743422
68291,0.0156041216105
68294,0.0253957547247
68297,0.0708983913064
68298,0.0318670943379
68300,0.0324177406728
68301,0.148804470897
68302,0.0163311641663
68304,0.0154300779104
68305,0.00652600731701
68308,0.0966745391488
68310,0.0156705901027
68311,0.0497308336198
68312,0.0108069228008
68313,0.00274038803764
68321,0.0274954922497
68323,0.00807673949748
68327,0.0135137531906
68332,0.00354741839692
68334,0.018616238609
68336,0.00274130539037
68337,0.00864607840776
68338,0.0881368964911
68341,0.0183452423662
68343,0.00393496407196
68345,0.0920476838946
68346,0.00230102078058
68347,0.0403679683805
68348,0.0841181874275
68350,0.0176298562437
68352,0.268042743206
68354,0.00321383588016
68356,0.00657535996288
68357,0.182694420218
68359,0.0135783171281
68362,0.0110521502793
68364,0.00289923907258
68368,0.063953615725
68369,0.0163260698318
68370,0.180243894458
68373,0.0111362449825
68374,0.0120147010311
68376,0.0107472259551
68377,0.0246375221759
68378,0.00254078698345
68379,0.0238448772579
68382,0.00368424016051
68384,0.0207394715399
68386,0.00956962630153
68387,0.0198855642229
68389,0.00253096572123
68391,0.00365166785195
68393,0.00235780701041
68394,0.00202888995409
68397,0.0205662213266
68399,0.00329575384967
68400,0.00760442577302
68401,0.0305389035493
68402,0.0109360227361
68404,0.029728539288
68406,0.00257503963076
68408,0.0255321282893
68409,0.00350643950514
68411,0.0184257142246
68412,0.157189056277
68413,0.0313667207956
68414,0.00178621325176
68416,0.187179386616
68418,0.0490671508014
68419,0.0489165782928
68423,0.00209557288326
68424,0.0185136888176
68427,0.00917796604335
68430,0.00289570679888
68433,0.143954277039
68438,0.0986771285534
68441,0.0212089251727
68443,0.00577653152868
68445,0.0551451519132
68447,0.00495233107358
68453,0.00404548691586
68464,0.0220291353762
68467,0.0201185066253
68468,0.0239666029811
68469,0.29181137681
68470,0.00581580586731
68472,0.00142931181472
68473,0.0143272094429
68476,0.00943999458104
68477,0.0216604396701
68480,0.00218050857075
68481,0.00223460583948
68483,0.0203362237662
68484,0.0430958420038
68487,0.00133353890851
68490,0.109479121864
68491,0.00704788276926
68492,0.00840303860605
68494,0.00652172369882
68495,0.00749638443813
68496,0.0196526665241
68497,0.0161813292652
68498,0.00476316362619
68502,0.00468585034832
68504,0.00403587101027
68507,0.0869123861194
68508,0.010165117681
68510,0.0279520601034
68513,0.0147027364001
68515,0.0196028240025
68517,0.0199669897556
68520,0.0305766686797
68523,0.0308046136051
68527,0.010095808655
68528,0.260215103626
68530,0.018030276522
68531,0.0368991270661
68533,0.131990283728
68534,0.00200804346241
68536,0.00615681288764
68541,0.0100167617202
68542,0.0750408098102
68548,0.00266106589697
68550,0.00450399704278
68551,0.0259663145989
68552,0.0455778762698
68555,0.00427490100265
68560,0.00237864512019
68562,0.0280937906355
68564,0.0116758234799
68569,0.00289074750617
68570,0.0194357894361
68571,0.181412518024
68577,0.00589472521096
68579,0.0141994468868
68580,0.0476162433624
68581,0.0387593023479
68587,0.0896987766027
68588,0.0183418765664
68589,0.194963604212
68590,0.231518939137
68591,0.00994407758117
68592,0.0173105560243
68595,0.212465435266
68597,0.0124116800725
68599,0.0795249119401
68603,0.00501643773168
68604,0.08564196527
68605,0.0121892066672
68606,0.00625604018569
68607,0.00665439432487
68613,0.0398411378264
68616,0.0154300779104
68619,0.0301166567951
68620,0.0276646502316
68621,0.00366084650159
68622,0.00367300654761
68623,0.0128961391747
68624,0.0167748294771
68625,0.229754701257
68627,0.0278032850474
68629,0.0528933554888
68630,0.123512014747
68631,0.00373616022989
68634,0.149352759123
68635,0.00139950634912
68638,0.0111362393945
68639,0.0231837723404
68640,0.0294170659035
68641,0.0157914739102
68644,0.0135553888977
68646,0.0345248766243
68653,0.00963975954801
68654,0.0222762860358
68655,0.0558356232941
68657,0.00397593155503
68659,0.0112931150943
68660,0.00722044799477
68664,0.00226057623513
68668,0.0577985458076
68669,0.0403160005808
68670,0.0393511168659
68672,0.0715451464057
68673,0.0130241177976
68674,0.0135864755139
68675,0.0331267528236
68676,0.00892464630306
68680,0.0180273391306
68684,0.00680373795331
68687,0.222402796149
68689,0.0328362360597
68692,0.0257478412241
68693,0.00350784463808
68695,0.00272741727531
68696,0.00914364401251
68698,0.0041516283527
68699,0.00464082183316
68701,0.0105156023055
68705,0.0698714181781
68707,0.00505184801295
68708,0.0438522137702
68709,0.109369017184
68710,0.0934916362166
68713,0.0440410673618
68715,0.256827414036
68717,0.0961947739124
68719,0.14241668582
68720,0.0328477397561
68724,0.0108109042048
68727,0.0189965553582
68730,0.0311113670468
68732,0.00452906172723
68735,0.0323698706925
68737,0.014420744963
68740,0.0187493246049
68741,0.0079404534772
68743,0.00280586839654
68746,0.262032032013
68748,0.0228114891797
68749,0.00931372493505
68750,0.00292215193622
68752,0.0198769457638
68754,0.009695767425
68756,0.0212757457048
68757,0.00986800063401
68758,0.0504484139383
68759,0.0151421874762
68760,0.0201185066253
68764,0.00725833000615
68765,0.0110772466287
68766,0.0214364398271
68769,0.0200453530997
68772,0.0045688780956
68773,0.00904602278024
68774,0.0014070897596
68776,0.0226367115974
68779,0.00249580992386
68782,0.0263387952
68784,0.0111217452213
68785,0.034344792366
68786,0.0160364750773
68787,0.0158890914172
68790,0.018700260669
68791,0.0023965141736
68792,0.0018066422781
68794,0.0986437723041
68797,0.0196526665241
68799,0.0168823227286
68804,0.00832297001034
68805,0.00391433620825
68813,0.00292522390373
68817,0.166202649474
68818,0.0251029785722
68819,0.00994114391506
68821,0.0117213390768
68822,0.085982747376
68824,0.00553356623277
68826,0.0548712611198
68827,0.00426134373993
68829,0.00315008219332
68834,0.00896235927939
68838,0.00206544273533
68839,0.0214816331863
68841,0.274788916111
68842,0.136356383562
68845,0.0164432320744
68847,0.0283410474658
68852,0.0250154640526
68853,0.00544300395995
68855,0.00184341985732
68856,0.183093830943
68857,0.0288714952767
68858,0.0318670943379
68859,0.0372911430895
68862,0.00144202320371
68868,0.0454144515097
68869,0.196542531252
68871,0.00787546951324
68873,0.0158860124648
68874,0.00508871302009
68876,0.0012568741804
68878,0.0352991037071
68881,0.0300861410797
68883,0.0316400080919
68884,0.234045386314
68887,0.00817459262908
68892,0.271972954273
68894,0.0236229989678
68897,0.0272134803236
68898,0.0195591133088
68899,0.00820559449494
68903,0.0302303023636
68904,0.0150722386315
68905,0.00775474123657
68907,0.101065337658
68909,0.0102051086724
68910,0.0255185309798
68912,0.0149293411523
68915,0.0358990244567
68916,0.00844602659345
68918,0.0175545420498
68919,0.0557779408991
68920,0.0157547798008
68924,0.0280454810709
68926,0.105633944273
68930,0.180168032646
68931,0.00249696779065
68932,0.00948811508715
68934,0.0844576507807
68936,0.00251693092287
68939,0.00218050857075
68940,0.054914072156
68942,0.00314049888402
68947,0.0254680234939
68948,0.00257500051521
68949,0.00161376327742
68950,0.00378738576546
68951,0.048073746264
68952,0.00977416522801
68960,0.00470421789214
68962,0.0336678847671
68964,0.0361631140113
68965,0.07876932621
68966,0.00721944356337
68967,0.181669875979
68968,0.158326655626
68969,0.0138255301863
68972,0.0075211878866
68973,0.0483078360558
68975,0.00702064856887
68976,0.0203648284078
68979,0.112330824137
68980,0.0249207038432
68984,0.0325312167406
68988,0.00283704372123
68990,0.0029809421394
68994,0.00195706821978
68996,0.00184255489148
68999,0.00847673416138
69000,0.00799533259124
69001,0.00829988345504
69003,0.0319888070226
69007,0.00291508040391
69010,0.0198759436607
69011,0.0108764069155
69012,0.00757825933397
69013,0.0932820886374
69017,0.0233336389065
69018,0.00690278876573
69020,0.159745484591
69022,0.0111951893196
69023,0.00254289456643
69029,0.00367442378774
69030,0.0073199365288
69033,0.00825621187687
69038,0.0069706114009
69040,0.00715431245044
69041,0.0696178376675
69042,0.0413793921471
69044,0.00450022751465
69045,0.0153870359063
69049,0.0012996167643
69050,0.154868483543
69052,0.0876705870032
69054,0.009695767425
69055,0.0108900861815
69056,0.0699225068092
69060,0.00414651725441
69061,0.253528177738
69062,0.00986229535192
69065,0.0185868367553
69067,0.265681236982
69069,0.0266618169844
69073,0.0322922132909
69077,0.00319784111343
69078,0.00604664767161
69080,0.045286718756
69082,0.188684687018
69083,0.0206040944904
69085,0.0185653399676
69086,0.00139915314503
69088,0.0195830017328
69091,0.207034111023
69092,0.00685068452731
69094,0.0170095227659
69095,0.007314263843
69096,0.00349008617923
69098,0.0417542532086
69099,0.0234654173255
69102,0.0108082015067
69104,0.00715352362022
69105,0.0102430507541
69106,0.00293171056546
69108,0.0372460447252
69109,0.0105567583814
69111,0.00390988448635
69112,0.0385871492326
69113,0.0089065330103
69116,0.0220985990018
69117,0.00221000239253
69119,0.0186398364604
69122,0.0207631196827
69123,0.0028472696431
69124,0.0124012744054
69125,0.00358463963494
69128,0.00327117694542
69129,0.0578035712242
69130,0.00192517461255
69131,0.00671232072636
69132,0.0134766539559
69136,0.0252578891814
69142,0.0467160828412
69143,0.0879046693444
69145,0.0127963246778
69146,0.00629928521812
69147,0.0414578020573
69149,0.0143139632419
69150,0.0297217648476
69151,0.00604404369369
69152,0.077383197844
69154,0.0278973933309
69156,0.120618477464
69160,0.00261312490329
69161,0.00820375140756
69162,0.00241429661401
69163,0.00678183929995
69164,0.00452221324667
69165,0.0116242738441
69166,0.00221965066157
69167,0.0299712512642
69168,0.0489029362798
69172,0.0115932198241
69173,0.0140839731321
69175,0.0168266035616
69176,0.0199515484273
69177,0.00184069492389
69178,0.0321645997465
69180,0.00316369114444
69181,0.00600939802825
69184,0.0202300492674
69185,0.031013995409
69188,0.00223749852739
69190,0.00675003882498
69192,0.0224453415722
69193,0.00950720719993
69199,0.032158151269
69202,0.00288897519931
69204,0.0449997074902
69205,0.00648078881204
69206,0.00143881200347
69207,0.0196028240025
69210,0.0059556546621
69211,0.0203545056283
69212,0.0190266929567
69213,0.00721944356337
69214,0.0280156619847
69215,0.00359465600923
69217,0.011860226281
69219,0.174630403519
69222,0.0241715312004
69223,0.111517928541
69225,0.00541862659156
69226,0.00592865189537
69232,0.0117655443028
69233,0.00624533882365
69234,0.0114361690357
69235,0.00401849485934
69236,0.010770490393
69238,0.00360556552187
69241,0.0145703386515
69245,0.00973762571812
69247,0.0495520234108
69248,0.00162195216399
69249,0.0241249036044
69252,0.0560714788735
69253,0.0318670943379
69257,0.00730664702132
69259,0.0258886888623
69260,0.0287960879505
69263,0.00926108565181
69264,0.0026112687774
69265,0.0607906505466
69268,0.0171331409365
69270,0.0631156340241
69273,0.161254450679
69275,0.00303095718846
69278,0.0459449030459
69281,0.00224493071437
69282,0.0356896519661
69283,0.00324492692016
69285,0.298660516739
69286,0.00437442120165
69288,0.00333557045087
69289,0.00351999467239
69292,0.0392375253141
69295,0.154822036624
69297,0.00257099047303
69298,0.0220291353762
69299,0.0218967851251
69300,0.0187434479594
69301,0.00269392179325
69303,0.0200721397996
69305,0.0196028240025
69307,0.0212394353002
69309,0.0196028240025
69312,0.00713353650644
69314,0.00324461702257
69316,0.0314943380654
69320,0.0641252100468
69323,0.00324048078619
69325,0.00223293411545
69334,0.0170781761408
69337,0.00237686140463
69338,0.010770490393
69340,0.0150130633265
69342,0.00739506445825
69344,0.00379464845173
69346,0.0213487483561
69347,0.00250391103327
69349,0.00497347442433
69350,0.00973656866699
69351,0.076092556119
69353,0.0664236322045
69354,0.0149612948298
69357,0.0151928290725
69359,0.0694158449769
69360,0.14251101017
69361,0.00632000062615
69362,0.00292903301306
69363,0.00230019795708
69364,0.00149196758866
69365,0.00434986595064
69366,0.0117655443028
69367,0.00280860345811
69368,0.12689678371
69369,0.0252696536481
69371,0.0506340563297
69374,0.0350879840553
69375,0.00492194760591
69379,0.0286221504211
69380,0.0858475267887
69381,0.00300656631589
69382,0.0386705100536
69383,0.00501739699394
69386,0.0394629389048
69387,0.00263586128131
69389,0.0081722997129
69390,0.0308151505888
69392,0.00766971381381
69393,0.0154880946502
69394,0.0116245644167
69398,0.00813955161721
69400,0.0232801567763
69401,0.0196028240025
69402,0.00124886981212
69404,0.0164897292852
69406,0.00138781731948
69407,0.0161108151078
69414,0.0029409637209
69416,0.00880482327193
69419,0.189731881022
69422,0.00973656866699
69427,0.0141994468868
69429,0.0148288821802
69435,0.0242375377566
69440,0.0537468604743
69441,0.0708735510707
69443,0.00763100013137
69444,0.00505802547559
69446,0.00285291532055
69448,0.0767436772585
69450,0.0175863541663
69452,0.0939353331923
69453,0.0434339009225
69456,0.246205165982
69457,0.0164912603796
69458,0.00357981771231
69462,0.592071115971
69463,0.00297631998546
69464,0.0698246881366
69467,0.0850250050426
69469,0.013112783432
69471,0.0176923498511
69472,0.100706748664
69475,0.00286727980711
69478,0.00360835040919
69482,0.00136494473554
69484,0.00686715915799
69486,0.13536682725
69487,0.0101086730137
69492,0.0100992741063
69494,0.205456390977
69497,0.00658780522645
69499,0.0306566022336
69501,0.00975048169494
69502,0.044339235872
69505,0.0484226085246
69506,0.0806266069412
69507,0.0203479398042
69509,0.00510566681623
69511,0.0177620369941
69513,0.00512219034135
69520,0.0213956274092
69522,0.0196028240025
69523,0.00297355768271
69524,0.0611487813294
69526,0.0671999752522
69528,0.0145694557577
69529,0.00410990603268
69532,0.00145378243178
69533,0.00705424603075
69535,0.0145434504375
69537,0.00498038623482
69539,0.0218410734087
69540,0.00300813163631
69542,0.0121721997857
69545,0.0119537012652
69549,0.00256989616901
69550,0.0767255425453
69553,0.0130195459351
69554,0.00286590866745
69555,0.104414455593
69556,0.0173079203814
69559,0.0130162499845
69560,0.00508756190538
69562,0.0027001039125
69563,0.0225425157696
69566,0.0107720354572
69569,0.0196028240025
69570,0.129806265235
69571,0.0196028240025
69572,0.00852385535836
69573,0.00987011101097
69574,0.0133608542383
69576,0.00330719701014
69577,0.00451765395701
69579,0.00639182375744
69580,0.100706748664
69582,0.00233771023341
69585,0.00980136729777
69587,0.0643512159586
69588,0.00678797392175
69591,0.0461127534509
69592,0.0023018727079
69595,0.0119025101885
69598,0.240236803889
69604,0.115745566785
69607,0.00766660738736
69608,0.009695767425
69609,0.00218266248703
69612,0.00279146549292
69613,0.00257151504047
69615,0.0551756545901
69620,0.0250029824674
69622,0.0306360274553
69624,0.00302470172755
69626,0.0120166484267
69628,0.0113763026893
69636,0.0144659988582
69638,0.0301187410951
69639,0.0173308700323
69640,0.0136313457042
69641,0.00200804346241
69643,0.0348385423422
69644,0.00337066291831
69645,0.00302470172755
69646,0.00466480385512
69648,0.00962223112583
69649,0.0386932604015
69651,0.103571623564
69652,0.019937498495
69653,0.0036986945197
69654,0.00118708319496
69656,0.0031441480387
69657,0.00276543828659
69661,0.00222888705321
69662,0.0284980088472
69663,0.156470313668
69665,0.0027760034427
69666,0.0196526665241
69667,0.0128309521824
69668,0.0456205196679
69669,0.0216490905732
69670,0.0344106517732
69671,0.0318157449365
69672,0.0307955816388
69673,0.0148458275944
69674,0.0152215510607
69677,0.0301390662789
69679,0.00559875834733
69682,0.0046098632738
69686,0.130013242364
69687,0.025797797367
69688,0.0130834197626
69690,0.0132314283401
69691,0.0220542717725
69692,0.0301419682801
69694,0.154163986444
69695,0.0166311748326
69696,0.00728485919535
69697,0.0115264216438
69698,0.0525321625173
69699,0.00172116642352
69700,0.0171438008547
69702,0.00529295252636
69703,0.0117900650948
69704,0.0196028240025
69706,0.17385391891
69708,0.00349597679451
69709,0.00666343048215
69711,0.0100333057344
69712,0.00230788928457
69713,0.0143451793119
69716,0.00306717632338
69718,0.0159947611392
69720,0.00794585701078
69722,0.0110783753917
69723,0.0262512303889
69724,0.032260235399
69727,0.00508151017129
69728,0.0205567665398
69732,0.0438828021288
69734,0.073675878346
69740,0.0221068207175
69741,0.00465537980199
69742,0.00197656312957
69743,0.0342825017869
69744,0.00133696803823
69745,0.0044383960776
69746,0.0328630506992
69747,0.168545246124
69748,0.00655625900254
69749,0.184308931231
69751,0.0383164137602
69755,0.00252263341099
69756,0.0135524757206
69758,0.0466129109263
69760,0.0960249900818
69763,0.0127478707582
69764,0.0802955105901
69767,0.00489494018257
69768,0.0093592852354
69769,0.00325729954056
69770,0.0242706146091
69771,0.00417935522273
69777,0.00839456357062
69778,0.00789530854672
69779,0.00570670235902
69780,0.0224674697965
69782,0.00702330516651
69784,0.022500468418
69789,0.00757419364527
69791,0.0446087643504
69792,0.0118402084336
69793,0.00691585289314
69795,0.159358024597
69800,0.0221080202609
69801,0.00616896292195
69802,0.00425719795749
69805,0.159745484591
69807,0.236939176917
69808,0.00242398004048
69809,0.22164568305
69811,0.00337489927188
69813,0.0176755338907
69814,0.00512213259935
69815,0.0097204213962
69819,0.111367709935
69821,0.183093830943
69822,0.0047051156871
69825,0.0857045277953
69826,0.0296434499323
69827,0.0135528445244
69828,0.0495470725
69830,0.00127815105952
69833,0.109261631966
69838,0.0480732433498
69839,0.0264689009637
69843,0.052534725517
69844,0.253528177738
69845,0.00405770912766
69848,0.00821971241385
69851,0.028588142246
69854,0.0477132387459
69856,0.0244192890823
69859,0.0551126264036
69860,0.0104234032333
69861,0.0442288741469
69862,0.0378000251949
69863,0.0102383485064
69865,0.162858620286
69866,0.0136502664536
69867,0.00805632676929
69868,0.00262060458772
69870,0.044699113816
69871,0.0594736970961
69872,0.047733630985
69874,0.0273463614285
69876,0.356535851955
69878,0.0320855826139
69879,0.205337911844
69880,0.00222430424765
69881,0.0174880046397
69882,0.00950976181775
69883,0.00262944330461
69884,0.00866816472262
69886,0.0328307040036
69887,0.00396563624963
69888,0.0173098742962
69889,0.0322990231216
69891,0.0274879187346
69892,0.03750699386
69894,0.0302774906158
69895,0.0829555243254
69897,0.175448358059
69900,0.0066595938988
69902,0.0119014941156
69904,0.104809112847
69906,0.0108723649755
69908,0.013459415175
69909,0.0520052239299
69911,0.0165782906115
69916,0.185796439648
69917,0.0390664488077
69922,0.0147027364001
69924,0.00272946478799
69926,0.0289105009288
69928,0.135654598475
69929,0.0166262164712
69930,0.00332564883865
69931,0.08828368783
69933,0.0109779201448
69934,0.00256333476864
69935,0.0045688347891
69940,0.104042559862
69946,0.112604737282
69949,0.00520179467276
69951,0.00233570253477
69954,0.00247198692523
69956,0.205377459526
69957,0.00820312276483
69958,0.0489031709731
69960,0.0300026480108
69961,0.0169810187072
69965,0.00393745070323
69966,0.0141188688576
69967,0.063953615725
69968,0.0026510830503
69969,0.0121610881761
69972,0.00300586014055
69973,0.00425507174805
69975,0.0165987256914
69978,0.00144397933036
69979,0.0203519333154
69980,0.00378606910817
69987,0.0281727015972
69988,0.00279998010956
69993,0.0331428572536
69995,0.00414193002507
69998,0.133340835571
70000,0.0130419861525
70001,0.040846452117
70004,0.0173419825733
70005,0.0558840297163
70007,0.0271324347705
70011,0.00174632295966
70012,0.0145101035014
70016,0.0188879128546
70023,0.0268152896315
70024,0.00632228050381
70025,0.048057872802
70028,0.00393592892215
70029,0.0240096002817
70031,0.0267379693687
70033,0.0147361652926
70037,0.00386902154423
70041,0.162858620286
70042,0.011020604521
70043,0.0388750396669
70044,0.0204236358404
70046,0.0609561093152
70048,0.0107352687046
70050,0.0134159475565
70051,0.00303547480144
70053,0.0337990969419
70055,0.0345926508307
70056,0.00201295176521
70057,0.00296202301979
70060,0.0467678047717
70063,0.276769638062
70064,0.0103011904284
70066,0.00623656436801
70067,0.00505565991625
70070,0.0344106517732
70076,0.113153956831
70077,0.00332826562226
70079,0.00116825266741
70080,0.0260536000133
70084,0.0884787812829
70086,0.00334620801732
70088,0.01590869762
70090,0.00644613848999
70091,0.00359250302427
70092,0.0743570029736
70093,0.112279377878
70096,0.00814136397094
70097,0.00209666090086
70099,0.00202721357346
70101,0.0614005662501
70105,0.0213498547673
70106,0.00415610941127
70107,0.0166913550347
70108,0.0167089644819
70109,0.00783789157867
70111,0.0149119021371
70113,0.161978676915
70114,0.0724784061313
70118,0.0313989780843
70119,0.00317138014361
70121,0.011492212303
70124,0.0229910444468
70125,0.0138402767479
70126,0.0244254991412
70131,0.151948332787
70132,0.0111846737564
70133,0.0114126028493
70137,0.0106866471469
70138,0.0211846400052
70145,0.00245308759622
70147,0.0111362393945
70148,0.204315125942
70149,0.00251108594239
70151,0.0349171049893
70152,0.0159422811121
70153,0.0181103143841
70163,0.00529695814475
70166,0.00986385531723
70167,0.0824280381203
70169,0.022903105244
70170,0.0238926373422
70171,0.00644412031397
70173,0.187353506684
70174,0.234074652195
70175,0.00241578649729
70176,0.0344687327743
70177,0.0200167279691
70179,0.00402075517923
70181,0.00755794951692
70182,0.142393872142
70183,0.00619947677478
70184,0.00722085451707
70186,0.013239257969
70187,0.0045692641288
70188,0.0479275807738
70190,0.0439319759607
70191,0.00404559029266
70192,0.00669583166018
70195,0.232698395848
70197,0.0335798561573
70198,0.0257220994681
70200,0.0161186717451
70203,0.00547307031229
70204,0.00854517053813
70206,0.0328362360597
70210,0.0181642305106
70211,0.0161607693881
70212,0.00350971333683
70214,0.0900320485234
70215,0.0202684737742
70217,0.00619636895135
70222,0.177686169744
70223,0.0039802826941
70228,0.00135800463613
70230,0.262341916561
70231,0.00694038625807
70232,0.0106636527926
70234,0.0256594028324
70235,0.0346789285541
70236,0.0201630741358
70237,0.0818665847182
70238,0.0343711897731
70239,0.0153496591374
70240,0.137892365456
70242,0.0823465138674
70250,0.010584956035
70251,0.223234593868
70257,0.011064988561
70258,0.00200514844619
70260,0.00200313027017
70262,0.00628251209855
70263,0.0394753329456
70268,0.0366621129215
70273,0.0253724083304
70274,0.00268160412088
70275,0.0231547057629
70276,0.0408519841731
70277,0.00812858715653
70279,0.00207120622508
70282,0.225221693516
70283,0.00265320856124
70284,0.0581569112837
70286,0.00193791277707
70287,0.0132810343057
70288,0.0191175434738
70289,0.0223390813917
70290,0.00449893064797
70292,0.0041241585277
70297,0.0201828908175
70299,0.00465566664934
70301,0.00728896725923
70306,0.0120170721784
70307,0.0586173646152
70314,0.00490978360176
70317,0.00235780701041
70319,0.143077045679
70321,0.257337063551
70322,0.0167257301509
70326,0.0030089484062
70327,0.0173095501959
70328,0.00668169837445
70329,0.0531199425459
70330,0.00973656866699
70334,0.0196028240025
70337,0.0160256661475
70345,0.00816661585122
70349,0.0660234391689
70351,0.0405868068337
70353,0.00181056861766
70356,0.00139084656257
70357,0.0330152176321
70358,0.00994114391506
70360,0.00810219440609
70364,0.0107183884829
70365,0.00398925505579
70366,0.219102889299
70369,0.0038887001574
70370,0.0296434499323
70371,0.0107150878757
70373,0.00238982704468
70376,0.00509961508214
70382,0.00141772790812
70384,0.0156593415886
70386,0.0025832077954
70387,0.017427470535
70388,0.0014683889458
70390,0.00908967480063
70391,0.00833264552057
70393,0.0397784300148
70394,0.00417848816141
70395,0.024072078988
70398,0.00161506596487
70399,0.00820490717888
70403,0.0859807059169
70404,0.0764094665647
70405,0.0363562516868
70407,0.075408346951
70408,0.0131554910913
70409,0.0345368236303
70410,0.00271629891358
70413,0.036019962281
70415,0.00554445851594
70417,0.046504419297
70418,0.0166546422988
70419,0.00213785306551
70420,0.0023965141736
70422,0.125532627106
70424,0.00762501964346
70426,0.00620139762759
70429,0.00357864284888
70430,0.0013955734903
70432,0.0489029362798
70434,0.019236093387
70435,0.00794194173068
70439,0.0508150942624
70444,0.0106104295701
70446,0.00858792569488
70447,0.0360980927944
70450,0.00850013177842
70452,0.208339288831
70453,0.00270629231818
70454,0.00451636966318
70459,0.300737679005
70460,0.0150035824627
70461,0.00796151999384
70465,0.00519010145217
70467,0.00274249073118
70468,0.0175920389593
70470,0.0885877907276
70471,0.014566835016
70472,0.0198759436607
70476,0.011521239765
70477,0.00391168799251
70485,0.00802800990641
70487,0.00242292881012
70488,0.0333352722228
70489,0.177037358284
70490,0.0252175405622
70491,0.116362810135
70495,0.0191863328218
70496,0.0100165959448
70497,0.00273402826861
70502,0.0606492049992
70503,0.109392248094
70505,0.041312135756
70506,0.00351025373675
70508,0.0935650467873
70509,0.0101050101221
70511,0.0758450776339
70512,0.250402957201
70513,0.016544515267
70515,0.0324989743531
70516,0.137574896216
70520,0.0109487539157
70521,0.200311034918
70522,0.00545947952196
70530,0.140133395791
70531,0.0357107035816
70532,0.0377859286964
70536,0.00246374984272
70539,0.00373989297077
70541,0.00256952340715
70542,0.0238512102515
70545,0.0111362393945
70546,0.092472024262
70552,0.00606288481504
70556,0.0222033299506
70557,0.00505579635501
70558,0.00743632949889
70559,0.0182935334742
70560,0.00258181034587
70561,0.0066897161305
70562,0.00235885242
70563,0.0196526665241
70566,0.00882360246032
70572,0.0137876654044
70573,0.0072874808684
70575,0.0190748013556
70576,0.00709150498733
70577,0.0216816347092
70582,0.0148891275749
70583,0.018199628219
70586,0.0863029286265
70589,0.00254496815614
70590,0.109392248094
70591,0.00359589117579
70592,0.0218719914556
70593,0.0816687420011
70596,0.0220985990018
70599,0.00542061822489
70602,0.0316219441593
70603,0.0209401976317
70606,0.00482858950272
70607,0.10179014504
70609,0.00971564464271
70610,0.012581252493
70611,0.0039007992018
70613,0.0749886333942
70614,0.0422503501177
70615,0.0425982438028
70616,0.158467903733
70619,0.0694514587522
70621,0.0197591483593
70622,0.00254078698345
70625,0.0758759975433
70626,0.226785778999
70628,0.0490052364767
70629,0.181047782302
70632,0.00581117300317
70634,0.00212630140595
70637,0.0157547798008
70638,0.00224932353012
70639,0.0264236778021
70643,0.00541549222544
70647,0.0260260943323
70648,0.0395734794438
70651,0.00245315162465
70653,0.00989148113877
70654,0.00312661682256
70655,0.0031904168427
70657,0.00309903081506
70658,0.0377745255828
70660,0.0246114563197
70665,0.00254814652726
70667,0.00136814313009
70670,0.0154300779104
70674,0.0248146858066
70675,0.00409877486527
70676,0.274938941002
70678,0.00810663402081
70679,0.0154300779104
70682,0.0775403156877
70686,0.0163103397936
70687,0.00917796604335
70688,0.0540299154818
70690,0.184308931231
70692,0.00510013755411
70693,0.0107497824356
70695,0.0202168468386
70700,0.00731925060973
70704,0.00492899864912
70707,0.0124711170793
70708,0.039202272892
70711,0.00317767844535
70713,0.0196526665241
70715,0.00948811508715
70717,0.00177174375858
70719,0.0141994468868
70721,0.0174831710756
70723,0.0228910651058
70725,0.0209743734449
70729,0.0318356640637
70730,0.042068593204
70732,0.183093830943
70733,0.032485190779
70734,0.00692038377747
70735,0.0130484439433
70739,0.159745484591
70740,0.00139950634912
70741,0.00374351348728
70743,0.0713236629963
70745,0.0500306896865
70749,0.011786959134
70753,0.00230278843082
70755,0.0166021827608
70757,0.00374610023573
70759,0.00256989616901
70760,0.0220985990018
70762,0.014902478084
70763,0.0152560994029
70765,0.00199344567955
70766,0.13211171329
70767,0.0158348884434
70769,0.0034088708926
70770,0.0702405571938
70771,0.0741088762879
70772,0.0162937790155
70773,0.00140582665335
70774,0.00490128528327
70775,0.00156577164307
70776,0.00702234124765
70782,0.0201275181025
70783,0.0347982719541
70784,0.00338807282969
70787,0.00951972045004
70788,0.0105942832306
70791,0.00948811508715
70792,0.277340680361
70795,0.020034532994
70796,0.0531549453735
70797,0.043367639184
70798,0.0146375941113
70799,0.00839867722243
70800,0.165868967772
70801,0.0222153887153
70806,0.00180562445894
70807,0.00670736981556
70808,0.0334789603949
70810,0.0119836209342
70812,0.00669734086841
70814,0.0216718614101
70816,0.183093830943
70817,0.0666319280863
70819,0.00276255072095
70820,0.00268491799943
70821,0.0413110144436
70822,0.1165035218
70823,0.0138385007158
70825,0.00973762571812
70829,0.045866087079
70830,0.00318669038825
70832,0.0766592919827
70833,0.00291186803952
70836,0.291838973761
70837,0.0187365338206
70838,0.0861520022154
70839,0.023641590029
70841,0.0336275584996
70842,0.0116865420714
70843,0.0141994468868
70850,0.0731683373451
70852,0.0439293012023
70854,0.0014915271895
70855,0.155714467168
70856,0.0150735285133
70857,0.0151311187074
70858,0.0385871492326
70859,0.0211373288184
70860,0.00686422316357
70862,0.00962126720697
70863,0.00631404435262
70864,0.0549533329904
70865,0.154896631837
70869,0.0119730625302
70870,0.00901468470693
70871,0.0124116688967
70873,0.00331703992561
70875,0.0358424969018
70876,0.0196724683046
70877,0.0291737411171
70878,0.0371839590371
70879,0.00744423177093
70880,0.00235477276146
70883,0.0365519821644
70884,0.00195085920859
70885,0.00567099964246
70887,0.157189056277
70889,0.00574390310794
70891,0.0359627082944
70892,0.00203248951584
70895,0.0990925803781
70897,0.0302030611783
70902,0.0156161962077
70904,0.0483402945101
70906,0.00263173924759
70909,0.00141164241359
70910,0.0189873930067
70912,0.0982364565134
70915,0.0242162849754
70916,0.0633493214846
70918,0.022976577282
70920,0.00315303332172
70923,0.0157547798008
70924,0.0109483050182
70925,0.022194718942
70926,0.03978889063
70927,0.001697882195
70930,0.0245475433767
70934,0.0355349108577
70938,0.0781284421682
70940,0.0177067741752
70942,0.206952065229
70944,0.00280905771069
70945,0.0301110632718
70948,0.00269968155771
70949,0.0154300779104
70950,0.048706933856
70954,0.00716173741966
70955,0.00226620282046
70957,0.00294253556058
70960,0.0285664349794
70962,0.143716320395
70963,0.00263236742467
70964,0.153244554996
70965,0.0639252886176
70967,0.0173419825733
70968,0.00471885548905
70971,0.0143008977175
70972,0.177546203136
70975,0.00272393715568
70976,0.0559484623373
70977,0.00235821306705
70978,0.061233188957
70980,0.183093830943
70981,0.210389390588
70983,0.0215884651989
70984,0.00304579408839
70985,0.159217968583
70988,0.00280678388663
70992,0.00942683685571
70993,0.0220985990018
70995,0.0385167449713
70997,0.00258160405792
70999,0.185893043876
71003,0.00266325729899
71004,0.0830661952496
71005,0.017438782379
71006,0.00145151035395
71009,0.0663177222013
71010,0.00258516450413
71012,0.0666351318359
71013,0.0742723420262
71016,0.00858593266457
71018,0.032431922853
71020,0.0354010984302
71025,0.04360216856
71027,0.0424908585846
71028,0.0185478311032
71029,0.011483900249
71030,0.056399371475
71035,0.0271686073393
71039,0.0263793952763
71043,0.00860957149416
71044,0.0476772934198
71046,0.0152820385993
71048,0.0497828088701
71049,0.186998277903
71050,0.0212615728378
71052,0.00969294738024
71057,0.0357579253614
71058,0.00222971965559
71060,0.0223114732653
71062,0.00309932394885
71064,0.0137308984995
71065,0.077047072351
71068,0.0115560516715
71070,0.33039945364
71071,0.208114802837
71073,0.015674136579
71075,0.035530872643
71076,0.0238182544708
71077,0.0444722734392
71078,0.00308696436696
71079,0.00896608736366
71080,0.0141994468868
71081,0.0175101477653
71083,0.00201854039915
71084,0.0036837537773
71085,0.0580117441714
71086,0.00294968904927
71090,0.0024866303429
71091,0.119061090052
71095,0.103082120419
71097,0.00838432181627
71098,0.136773750186
71103,0.00671363063157
71104,0.00270143058151
71106,0.20031157136
71107,0.0109073724598
71108,0.00817068852484
71109,0.00435872608796
71112,0.00754639832303
71113,0.0196028240025
71114,0.00131933682133
71116,0.0232549887151
71117,0.0732660144567
71118,0.0352935269475
71119,0.00514793209732
71120,0.0130657656118
71121,0.00248049199581
71124,0.0275874380022
71125,0.094087459147
71126,0.0306212939322
71127,0.0195810347795
71129,0.184171840549
71131,0.0322328135371
71132,0.00338362716138
71134,0.00175770232454
71135,0.00155026838183
71136,0.208220794797
71137,0.0337142460048
71138,0.0234259981662
71139,0.0215727686882
71140,0.00907116569579
71141,0.0209069997072
71143,0.00116688304115
71144,0.00243156845681
71145,0.00291001214646
71148,0.002837813925
71149,0.108494147658
71150,0.002485929057
71152,0.00256818067282
71155,0.0290799308568
71156,0.0371848605573
71158,0.0194069612771
71159,0.0109304850921
71160,0.00183502491564
71161,0.00743703404441
71164,0.019158154726
71166,0.00396394170821
71167,0.00229559000582
71170,0.0133394747972
71172,0.0192250013351
71173,0.0212089251727
71175,0.00128342641983
71177,0.0273114182055
71178,0.00825994554907
71180,0.0581569112837
71183,0.00837415549904
71185,0.0357180535793
71187,0.0273056030273
71194,0.0128498841077
71195,0.00206921622157
71196,0.026121545583
71197,0.0327610783279
71199,0.0282155945897
71200,0.231515794992
71201,0.0110545577481
71207,0.0076466226019
71209,0.00397242838517
71210,0.00294308131561
71213,0.00876364856958
71214,0.126452669501
71215,0.0110499504954
71216,0.0114846369252
71218,0.0917041823268
71222,0.010770490393
71226,0.0577225573361
71229,0.0228753667325
71230,0.00673285778612
71233,0.00588619755581
71234,0.0959931686521
71235,0.00221633189358
71238,0.0260132160038
71239,0.00316706276499
71243,0.00942443683743
71246,0.00719430949539
71248,0.0295335017145
71250,0.0241968110204
71251,0.0145423766226
71254,0.00294794072397
71256,0.0117655443028
71257,0.00349865900353
71260,0.00856428500265
71262,0.0277594868094
71263,0.00506251724437
71267,0.268042743206
71268,0.237997487187
71269,0.00403394317254
71270,0.158467903733
71272,0.0196696128696
71273,0.00914642121643
71275,0.00443095620722
71278,0.009695767425
71279,0.0945522412658
71281,0.0272654909641
71282,0.038079790771
71285,0.153664037585
71287,0.0114273531362
71288,0.00322641385719
71292,0.103561118245
71293,0.0312781259418
71297,0.157733619213
71300,0.00194413785357
71304,0.0333282835782
71305,0.00159864069428
71307,0.158768460155
71308,0.0305560342968
71309,0.0676106438041
71312,0.0302303023636
71313,0.0227274186909
71314,0.00455403560773
71315,0.00873728189617
71319,0.00954169034958
71320,0.00241925963201
71322,0.197773009539
71330,0.00508871302009
71331,0.0328038930893
71332,0.0254494678229
71335,0.0024052716326
71337,0.00948811508715
71340,0.00235024350695
71341,0.0549880415201
71346,0.00631756382063
71347,0.00373391574249
71349,0.00242053135298
71350,0.0345430001616
71352,0.187552213669
71355,0.203161180019
71357,0.00206544273533
71359,0.0678404346108
71360,0.00210735807195
71363,0.0113289440051
71365,0.00557800708339
71374,0.00576788140461
71376,0.00683227181435
71377,0.0302386637777
71379,0.167439967394
71380,0.0173646844923
71381,0.0378800593317
71382,0.0247270651162
71384,0.0145109416917
71385,0.00259600952268
71386,0.00676166312769
71387,0.00457413354889
71388,0.0166212357581
71391,0.00973762571812
71392,0.0135742817074
71393,0.00352976401336
71394,0.00295550888404
71398,0.00925149116665
71399,0.00241578649729
71400,0.205967575312
71403,0.015823982656
71406,0.0141565594822
71408,0.00717757130042
71409,0.00982578191906
71410,0.0687903761864
71411,0.00971564464271
71412,0.157189056277
71414,0.0171089321375
71416,0.114484883845
71417,0.00768037186936
71418,0.0299094934016
71419,0.00974704232067
71424,0.0132567854598
71425,0.00216127373278
71432,0.0165726486593
71435,0.00881938356906
71436,0.0321606956422
71437,0.00558363087475
71438,0.0141994468868
71442,0.171088933945
71443,0.0200483966619
71444,0.0388367474079
71445,0.0243601314723
71447,0.00722715398297
71448,0.0746754035354
71449,0.0114931715652
71450,0.0025973841548
71451,0.00716811791062
71452,0.0279029235244
71454,0.0316278785467
71456,0.0168606359512
71457,0.0383314192295
71458,0.006175681483
71459,0.00336371944286
71460,0.0225678011775
71462,0.0721123665571
71463,0.0149064688012
71467,0.0155059630051
71468,0.0038932391908
71469,0.0571659654379
71470,0.00727697322145
71471,0.0446267724037
71473,0.00263857911341
71474,0.181907817721
71478,0.00356028554961
71479,0.0318935103714
71481,0.181669875979
71482,0.00213513383642
71483,0.0179482568055
71484,0.0220291353762
71485,0.00268246629275
71486,0.0196028240025
71490,0.0324942134321
71494,0.0415633432567
71497,0.00739580625668
71498,0.00463287672028
71499,0.0205920785666
71500,0.0101042417809
71502,0.199474066496
71507,0.025552328676
71510,0.0147406663746
71511,0.00592123996466
71512,0.0198759436607
71515,0.0077934935689
71517,0.0102723930031
71518,0.00245245057158
71522,0.0327610783279
71526,0.242018252611
71527,0.01408444345
71528,0.0270286314189
71531,0.0362236835063
71534,0.211808145046
71539,0.00777960894629
71540,0.0105867739767
71542,0.0642684698105
71543,0.0196028240025
71544,0.0299898963422
71546,0.00321159441955
71547,0.0318670943379
71550,0.0220291353762
71554,0.00282148015685
71555,0.116051822901
71557,0.0196028240025
71558,0.00893729180098
71559,0.00780605478212
71561,0.12201359123
71566,0.011990968138
71570,0.0245650652796
71571,0.0128475241363
71572,0.0540203861892
71573,0.00299755507149
71578,0.0290335528553
71579,0.00147877493873
71583,0.00931372493505
71584,0.00200593564659
71585,0.0211363472044
71588,0.00946860574186
71591,0.00574488891289
71596,0.098621815443
71597,0.00862001255155
71598,0.0033468157053
71599,0.00278954673558
71602,0.0365245863795
71603,0.00365774822421
71606,0.0310897622257
71609,0.0208734553307
71611,0.0167839545757
71612,0.0199334695935
71615,0.0151853905991
71619,0.0102960243821
71620,0.205943897367
71621,0.0157385654747
71624,0.00646824110299
71625,0.0378935113549
71626,0.00780158350244
71627,0.073232203722
71631,0.177686169744
71636,0.0140338661149
71637,0.178097859025
71638,0.01332544256
71640,0.00543120969087
71642,0.110960185528
71643,0.00364791881293
71646,0.00190917879809
71647,0.00261162640527
71652,0.235649988055
71653,0.091436676681
71654,0.0391530096531
71655,0.00548368087038
71656,0.00662267580628
71657,0.014735202305
71660,0.149263605475
71662,0.0244367327541
71665,0.0347787216306
71667,0.016586471349
71668,0.00437102280557
71670,0.0189252197742
71671,0.184308931231
71675,0.0487067215145
71680,0.0141994468868
71682,0.0638766288757
71686,0.0292178317904
71688,0.0791344344616
71690,0.00733548263088
71697,0.00863200519234
71698,0.0155025776476
71699,0.0196028240025
71702,0.00803535338491
71706,0.0101748099551
71708,0.0139771038666
71709,0.0104009397328
71710,0.00870695896447
71711,0.00275811296888
71712,0.0162193588912
71713,0.0271694529802
71715,0.228212311864
71718,0.0152138760313
71719,0.0051129530184
71720,0.0606492049992
71730,0.039337772876
71734,0.0164060406387
71737,0.0481007881463
71739,0.00396255450323
71743,0.047733630985
71744,0.0030023297295
71748,0.028159333393
71749,0.00623043859378
71750,0.0040506911464
71754,0.0497372411191
71756,0.00334919756278
71758,0.0126877054572
71759,0.0307153761387
71760,0.00150746502914
71761,0.0638111680746
71763,0.0385239571333
71765,0.23087516427
71766,0.0456002615392
71767,0.0132858846337
71768,0.0127212647349
71769,0.00663881376386
71770,0.209267362952
71772,0.161717802286
71774,0.00278539676219
71775,0.0222254227847
71777,0.00465957727283
71783,0.172999843955
71786,0.0244745295495
71789,0.00819686707109
71791,0.00820780266076
71794,0.0123613458127
71799,0.0634719878435
71800,0.017687542364
71801,0.0487741194665
71802,0.00579687068239
71803,0.155601561069
71804,0.00420098891482
71808,0.0100258449093
71812,0.143153518438
71813,0.191253095865
71820,0.00447866693139
71821,0.00985003355891
71823,0.0239147562534
71828,0.040951654315
71829,0.00464830780402
71830,0.0348279066384
71832,0.00771390832961
71834,0.00844727270305
71836,0.0322181023657
71837,0.00233025872149
71841,0.026124112308
71843,0.00347816455178
71845,0.0277497395873
71848,0.0105361677706
71849,0.00816932786256
71852,0.00243680458516
71853,0.0177142731845
71854,0.0528895780444
71856,0.0122722061351
71857,0.00250440882519
71860,0.0197256784886
71862,0.180243894458
71865,0.0252276286483
71867,0.019096493721
71869,0.0598698295653
71870,0.00300587737001
71872,0.0457456335425
71881,0.0106697119772
71883,0.0014222364407
71885,0.00423343246803
71887,0.0328625887632
71888,0.0120972059667
71889,0.00467668799683
71890,0.00964963342994
71892,0.0299409292638
71894,0.00256989616901
71899,0.0548487789929
71904,0.0350884571671
71905,0.0414130538702
71907,0.0284328963608
71909,0.0625752136111
71910,0.0018608875107
71912,0.00858792569488
71913,0.0298323947936
71918,0.0163164846599
71919,0.00241237017326
71920,0.00237237242982
71921,0.00292234774679
71922,0.00615198910236
71927,0.00790825299919
71929,0.00814252346754
71932,0.0036763898097
71938,0.0167606640607
71944,0.00378026603721
71945,0.0801306888461
71948,0.0175751373172
71951,0.046166844666
71953,0.0183258000761
71954,0.0985836088657
71956,0.0272835865617
71959,0.0564916096628
71960,0.010083835572
71968,0.0269513670355
71971,0.0493602640927
71972,0.0835343077779
71973,0.0785317867994
71975,0.015280732885
71977,0.0182654056698
71978,0.0100063122809
71981,0.176769807935
71982,0.0501130223274
71984,0.149849519134
71985,0.0134504530579
71986,0.016842931509
71987,0.00816082116216
71989,0.00236463756301
71990,0.023478128016
71991,0.00973656866699
71992,0.0312797389925
71993,0.00178778951522
71995,0.00788418855518
71996,0.00434921355918
71998,0.0234287753701
71999,0.0190895870328
72000,0.00285028363578
72006,0.0335101522505
72007,0.0149677544832
72008,0.0141994468868
72017,0.00588939897716
72019,0.128419592977
72020,0.174025997519
72022,0.00137558171991
72024,0.184308931231
72028,0.00350381457247
72030,0.0190148297697
72031,0.171474605799
72035,0.00853858422488
72036,0.0102068865672
72038,0.046600677073
72039,0.00241349288262
72040,0.0371711328626
72041,0.0183953084052
72042,0.0301577933133
72045,0.00789700355381
72046,0.00632036942989
72047,0.0705109983683
72048,0.0441738180816
72050,0.205337911844
72052,0.00985443405807
72053,0.197329893708
72058,0.0443885810673
72059,0.00139950634912
72061,0.0105596715584
72063,0.00243599899113
72066,0.00209107645787
72069,0.0253589469939
72073,0.0197417605668
72075,0.017488963902
72077,0.00172141706571
72078,0.00165963103063
72080,0.0198759436607
72081,0.0149269644171
72083,0.0141994468868
72084,0.00226549245417
72087,0.00534456409514
72088,0.0497593469918
72089,0.0153166931123
72090,0.109343938529
72091,0.027800841257
72093,0.0350145027041
72094,0.0106709655374
72095,0.00569371134043
72103,0.00252856034786
72105,0.0390727743506
72106,0.11151637882
72114,0.00131933682133
72115,0.0223204251379
72118,0.0128168873489
72124,0.0158418361098
72125,0.136651396751
72127,0.00243270816281
72129,0.01874858886
72131,0.0998570695519
72132,0.0220804195851
72133,0.00809230655432
72137,0.164333090186
72139,0.0776892527938
72140,0.00448025530204
72142,0.180243894458
72144,0.00532802380621
72145,0.00134697800968
72146,0.175977990031
72148,0.012776022777
72149,0.02232548967
72150,0.00252320826985
72151,0.0248916782439
72153,0.0131420027465
72160,0.041616436094
72161,0.00506007298827
72162,0.163497835398
72163,0.0307153761387
72164,0.0014034936903
72166,0.0143137937412
72167,0.0028412961401
72169,0.0185949057341
72170,0.0167907159775
72172,0.013209849596
72174,0.00810663402081
72175,0.0196028240025
72177,0.0375000052154
72180,0.00875634141266
72182,0.0304102618247
72183,0.00482154684141
72184,0.20067641139
72187,0.256093233824
72188,0.0330254100263
72189,0.0194920357317
72190,0.0262512303889
72192,0.174676731229
72193,0.177686169744
72194,0.0255444459617
72195,0.00188241887372
72196,0.183093830943
72198,0.045739069581
72199,0.0318670943379
72203,0.0186358205974
72204,0.00983623042703
72206,0.0646426305175
72211,0.0341473072767
72213,0.00183673668653
72215,0.288856863976
72216,0.00263586384244
72218,0.0701884031296
72219,0.0355948917568
72222,0.0679630115628
72223,0.0175364334136
72226,0.00957566592842
72227,0.00351866683923
72231,0.0107996203005
72232,0.04608720541
72233,0.0168207511306
72234,0.00407915329561
72240,0.0385871492326
72241,0.0169540401548
72246,0.0820397362113
72247,0.00978766009212
72251,0.0124325053766
72253,0.0469325296581
72254,0.0106727769598
72255,0.0141994468868
72259,0.159745484591
72266,0.00176934606861
72268,0.0317861102521
72269,0.00172626099084
72270,0.0850553959608
72274,0.00353333842941
72275,0.0141439810395
72277,0.00418687378988
72280,0.0214823205024
72283,0.152990862727
72284,0.0379327088594
72285,0.108896136284
72286,0.0145313041285
72287,0.00254220399074
72290,0.0113995745778
72292,0.00385462027043
72295,0.00256895041093
72297,0.0250351689756
72300,0.0215850491077
72301,0.00971564464271
72305,0.0597221814096
72309,0.00122177356388
72312,0.00254259817302
72313,0.00275775743648
72315,0.00970692746341
72316,0.0235219355673
72318,0.00921933446079
72319,0.00233292183839
72322,0.0220985990018
72323,0.0112693132833
72324,0.00397099088877
72326,0.00327256112359
72327,0.0286481231451
72330,0.0364399589598
72331,0.0168863907456
72332,0.00113203993533
72334,0.121914386749
72335,0.00796850584447
72337,0.155054047704
72338,0.0430256985128
72341,0.296508073807
72342,0.102037467062
72343,0.0196526665241
72349,0.0184449143708
72350,0.020032890141
72352,0.0699225068092
72354,0.0140754869208
72355,0.145678013563
72357,0.0108726778999
72359,0.0406195484102
72362,0.00579126458615
72364,0.00842806696892
72366,0.0305389035493
72370,0.0419979356229
72371,0.0182967670262
72372,0.0267464648932
72373,0.00319231161848
72374,0.00673108780757
72375,0.0265771895647
72376,0.0206584241241
72377,0.0424006022513
72380,0.147679835558
72383,0.0129121374339
72384,0.00179478956852
72386,0.00164743803907
72388,0.00313639780506
72391,0.0120300333947
72392,0.21246881783
72393,0.0459454804659
72395,0.0156593415886
72396,0.0365355946124
72398,0.0327403619885
72400,0.00387581437826
72402,0.0330254100263
72406,0.205337911844
72410,0.0383942201734
72411,0.21714143455
72412,0.0856432169676
72413,0.0028412961401
72414,0.00255666743033
72415,0.0460135750473
72418,0.0914713591337
72419,0.00948811508715
72421,0.00690282788128
72422,0.0191677529365
72424,0.0778321474791
72425,0.0391575470567
72426,0.0226152464747
72427,0.00225547351874
72429,0.0115437982604
72431,0.00351388845593
72432,0.021014880389
72433,0.0621744804084
72436,0.074209548533
72438,0.0270083043724
72442,0.00994960404932
72444,0.0154992230237
72446,0.00254503358155
72457,0.0173419825733
72459,0.00345931947231
72460,0.00269435113296
72462,0.0239411629736
72467,0.00298776221462
72468,0.0119115421548
72473,0.00729888305068
72476,0.22142007947
72477,0.00240925559774
72479,0.00210865400732
72480,0.0016372326063
72483,0.0703812167048
72484,0.0294303745031
72486,0.00529431086034
72487,0.00251988111995
72489,0.00448913872242
72491,0.0511838160455
72494,0.00963910855353
72495,0.0385699756444
72501,0.0246698968112
72502,0.0166640076786
72504,0.0225229226053
72505,0.00834246631712
72510,0.0354522690177
72511,0.0196406897157
72512,0.0317325331271
72513,0.00921005383134
72516,0.0538824014366
72517,0.00271916529164
72518,0.00322104338557
72522,0.0285533294082
72523,0.0301682259887
72524,0.017325008288
72527,0.00485627213493
72528,0.0446519851685
72530,0.0566473677754
72531,0.0141994468868
72532,0.0412543974817
72533,0.00504749920219
72535,0.0215223617852
72538,0.0379616208375
72540,0.00740751437843
72544,0.0523110516369
72545,0.0126108638942
72546,0.0173433478922
72549,0.00230667856522
72551,0.0394541099668
72552,0.205943897367
72553,0.00481882691383
72556,0.00268526910804
72557,0.0831417515874
72560,0.00618663057685
72562,0.00665365718305
72565,0.00849577318877
72572,0.00522307073697
72574,0.00938501954079
72575,0.0207796599716
72576,0.219100803137
72577,0.00240568025038
72580,0.00377766694874
72584,0.107792600989
72588,0.0320194326341
72589,0.249476522207
72591,0.0459574572742
72593,0.00691672461107
72596,0.0478441938758
72600,0.0124012744054
72604,0.0176641121507
72608,0.0065024793148
72609,0.00867661740631
72610,0.00235361931846
72612,0.0253405440599
72613,0.00761535577476
72616,0.00219234381802
72617,0.0727034807205
72620,0.0921099707484
72621,0.00262114801444
72622,0.0351743362844
72624,0.0214545372874
72625,0.0113841407001
72634,0.0147708076984
72635,0.0112931150943
72637,0.00269686756656
72641,0.00144535582513
72644,0.00883700326085
72646,0.0469624325633
72647,0.026727065444
72651,0.180504560471
72652,0.156872406602
72654,0.0409495122731
72655,0.00819357763976
72656,0.00268316292204
72657,0.00874306168407
72660,0.00719364127144
72662,0.00807999074459
72663,0.00563339982182
72666,0.00421731779352
72668,0.00258204597048
72673,0.0409945100546
72674,0.0198818799108
72677,0.115536272526
72679,0.0185003150254
72681,0.0370120219886
72687,0.0091149546206
72689,0.00357877532952
72690,0.010186442174
72692,0.0160607509315
72693,0.0019614319317
72696,0.00127456907649
72697,0.0405410267413
72698,0.0342029295862
72701,0.127608075738
72703,0.00622735079378
72705,0.0784438923001
72712,0.00707577820867
72713,0.361659556627
72715,0.0315538682044
72716,0.0220985990018
72717,0.210061132908
72718,0.0106208119541
72720,0.0507091060281
72721,0.00474256789312
72724,0.106341347098
72730,0.0337938964367
72732,0.0381428040564
72733,0.0245566852391
72737,0.0151121728122
72738,0.0204331483692
72741,0.098261743784
72742,0.008574238047
72744,0.016916776076
72746,0.185413733125
72747,0.0095154363662
72750,0.162858620286
72752,0.00408813962713
72755,0.00792207289487
72760,0.197537183762
72761,0.0166561249644
72763,0.00503767142072
72769,0.0385699756444
72770,0.0154195064679
72771,0.154896631837
72772,0.0892875045538
72774,0.0173840280622
72775,0.00505833746865
72776,0.0768530070782
72778,0.0184412822127
72779,0.0580719672143
72781,0.00963352061808
72782,0.120310164988
72784,0.00912700872868
72785,0.00243671052158
72789,0.0149858128279
72791,0.00206772121601
72793,0.0018151892582
72794,0.024391354993
72797,0.0254055634141
72800,0.0690038427711
72804,0.0111603038386
72805,0.0197356715798
72806,0.00933735072613
72808,0.073070064187
72811,0.00832421332598
72813,0.229039043188
72814,0.203772425652
72817,0.0273297522217
72819,0.0260847564787
72820,0.0447127446532
72822,0.270722985268
72825,0.0196526665241
72826,0.0262646842748
72827,0.00345700257458
72830,0.00201665936038
72832,0.00409376388416
72838,0.00434796605259
72839,0.00332577363588
72841,0.0261473730206
72842,0.00480313133448
72843,0.0141994468868
72844,0.00381113076583
72847,0.00973656866699
72851,0.0120729077607
72853,0.11134326458
72854,0.011706081219
72857,0.0122966617346
72859,0.0532040782273
72860,0.00305531895719
72861,0.00197656312957
72866,0.0095936274156
72867,0.0112157464027
72868,0.00413782941177
72869,0.00293193361722
72870,0.0176902450621
72873,0.00827839132398
72874,0.0381970256567
72875,0.00872521381825
72880,0.00557642569765
72881,0.0120799737051
72882,0.0403192304075
72883,0.014629391022
72885,0.0083452956751
72886,0.0101202791557
72888,0.0305859167129
72889,0.0315120816231
72890,0.0307790059596
72893,0.0540767274797
72894,0.016327502206
72899,0.180243894458
72902,0.0212315768003
72904,0.189659401774
72908,0.034439522773
72910,0.0183441434056
72912,0.00433964282274
72916,0.0185659695417
72918,0.0147139169276
72925,0.218039780855
72926,0.0297375023365
72928,0.104695945978
72929,0.00248168059625
72930,0.204129010439
72931,0.00281383818947
72933,0.00197405135259
72935,0.0149641763419
72937,0.0411301553249
72943,0.00446832505986
72944,0.00197025784291
72945,0.0572516173124
72946,0.0630697458982
72950,0.250883221626
72951,0.0185478311032
72954,0.00136953417677
72955,0.0185313560069
72958,0.0146667687222
72960,0.00211549899541
72961,0.049940045923
72963,0.209551289678
72964,0.0184581279755
72965,0.00206546322443
72967,0.00175569881685
72969,0.00119566067588
72970,0.00726206926629
72972,0.0544453412294
72973,0.01403832715
72974,0.0174609646201
72976,0.0425606705248
72981,0.0919131189585
72982,0.00789530854672
72983,0.0444200076163
72984,0.0032522471156
72985,0.00291491555981
72987,0.0174141656607
72988,0.00565409846604
72990,0.0575903393328
72993,0.0524855367839
72994,0.00512294657528
72997,0.00529777212068
72998,0.0201639737934
73000,0.00151449651457
73001,0.0145273776725
73002,0.234074652195
73005,0.0571510121226
73008,0.0147181553766
73009,0.232698395848
73010,0.085851021111
73014,0.0481839850545
73017,0.0145353265107
73021,0.240760162473
73022,0.020460749045
73023,0.0201185066253
73025,0.0381098613143
73026,0.00934989005327
73027,0.0239468049258
73036,0.00324576138519
73037,0.0310492981225
73039,0.00273801595904
73041,0.203772425652
73044,0.00467970082536
73045,0.00716811791062
73046,0.00252454658039
73047,0.0172460339963
73048,0.00589225813746
73050,0.00349008617923
73052,0.00640707463026
73053,0.0124483583495
73054,0.00249059684575
73055,0.0670240372419
73056,0.017518196255
73058,0.011355352588
73060,0.0141895646229
73061,0.0232226736844
73062,0.0461888425052
73063,0.019457615912
73064,0.00393035262823
73065,0.0135895935819
73067,0.0196028240025
73070,0.0537183359265
73073,0.149692520499
73075,0.0200428757817
73076,0.0104346871376
73077,0.0141994468868
73078,0.0211820397526
73079,0.00203044875525
73083,0.00381172983907
73087,0.00984041579068
73089,0.291020065546
73091,0.052480481565
73092,0.28875464201
73095,0.00517170410603
73097,0.0156351048499
73098,0.214710444212
73102,0.0281076412648
73103,0.240450143814
73105,0.00445914966986
73107,0.0172330271453
73108,0.0142868757248
73112,0.0308524053544
73113,0.0302337296307
73114,0.0113480640575
73115,0.0176374632865
73119,0.00435696961358
73120,0.0398285835981
73125,0.0599386245012
73130,0.268042743206
73137,0.191381469369
73138,0.00263586384244
73143,0.070923410356
73144,0.00948811508715
73145,0.0155120333657
73149,0.0357689410448
73155,0.0185478311032
73158,0.022079275921
73159,0.00691445777193
73165,0.00252247857861
73167,0.00181109353434
73168,0.235738784075
73169,0.0238293819129
73173,0.00190722348634
73174,0.015277326107
73176,0.00283075892366
73178,0.00263786269352
73180,0.00776714505628
73181,0.00526254158467
73185,0.00558181433007
73186,0.0221899282187
73187,0.0337172374129
73191,0.161666184664
73192,0.242018252611
73193,0.00251494930126
73196,0.0431370288134
73197,0.0226107314229
73198,0.00520058814436
73199,0.00250611151569
73200,0.0113397696987
73201,0.00269893440418
73202,0.013085574843
73203,0.229911342263
73207,0.164321348071
73210,0.00252988841385
73211,0.105841577053
73212,0.0237605981529
73216,0.0326888859272
73217,0.0218915008008
73223,0.00287507893518
73224,0.00149933923967
73225,0.228273421526
73227,0.0374729260802
73229,0.0254055634141
73230,0.0265517216176
73231,0.0035893348977
73233,0.0158192291856
73241,0.00971684604883
73242,0.00973762571812
73243,0.00504842633381
73245,0.235649988055
73246,0.00917380396277
73247,0.0097438627854
73250,0.063953615725
73253,0.180243894458
73254,0.00130251282826
73256,0.016614543274
73257,0.00296533573419
73258,0.0098486142233
73260,0.0157115515321
73261,0.0149907758459
73263,0.0626132935286
73266,0.0107411136851
73267,0.0645271837711
73268,0.0134766539559
73273,0.0707626417279
73274,0.00847613345832
73276,0.261450499296
73279,0.0277952998877
73280,0.00248049199581
73281,0.103183746338
73288,0.00819115899503
73293,0.0907707959414
73295,0.0268381778151
73296,0.0113130072132
73299,0.0409752503037
73300,0.00453678611666
73302,0.029112784192
73304,0.096314586699
73306,0.0196692775935
73307,0.0280905365944
73310,0.00314512709156
73311,0.0337552800775
73313,0.00432039098814
73314,0.0211368091404
73315,0.0029213600792
73319,0.310907930136
73320,0.00259598484263
73321,0.0154300779104
73324,0.0196017250419
73325,0.160661280155
73327,0.00532638421282
73331,0.0400817245245
73333,0.0207785461098
73334,0.0311066452414
73336,0.00769544998184
73337,0.00927083846182
73339,0.0410697571933
73340,0.00970689114183
73341,0.0899749100208
73342,0.0109244603664
73345,0.00649662641808
73346,0.0229295380414
73348,0.08908919245
73351,0.0106239495799
73352,0.0291582942009
73353,0.0031858284492
73354,0.0469310469925
73357,0.0693041905761
73358,0.0124068530276
73361,0.00295848632231
73362,0.00845444109291
73363,0.245827972889
73364,0.0268152896315
73365,0.00411605834961
73366,0.00530975917354
73367,0.0590591058135
73368,0.00772229256108
73369,0.0173576083034
73372,0.00127895234618
73374,0.183093830943
73378,0.0111188190058
73379,0.0249517187476
73381,0.13105751574
73382,0.0203483588994
73386,0.0558840297163
73387,0.00243156845681
73389,0.00810663402081
73390,0.0252472292632
73391,0.018605383113
73397,0.0105634098873
73398,0.0141994468868
73404,0.0252302363515
73405,0.0013235694496
73406,0.0116402441636
73407,0.00422944035381
73408,0.00417847046629
73410,0.0141757372767
73413,0.0301270410419
73414,0.0314043611288
73415,0.0402262061834
73416,0.0108986720443
73418,0.0162015948445
73419,0.237821727991
73420,0.00971553381532
73422,0.0119045004249
73424,0.00137670361437
73430,0.190106078982
73433,0.172752872109
73436,0.0105291204527
73437,0.00242146430537
73440,0.0813643112779
73441,0.205016806722
73444,0.0691819265485
73446,0.00342634087428
73451,0.0118096536025
73452,0.0354448370636
73453,0.0867488756776
73454,0.0234423354268
73456,0.0845638215542
73460,0.00481870351359
73461,0.020065035671
73462,0.0220064036548
73464,0.19015455246
73468,0.0146242985502
73471,0.0253036115319
73472,0.195103436708
73473,0.0272759702057
73475,0.0345430001616
73477,0.0436178818345
73482,0.0101072518155
73483,0.209551289678
73486,0.00130887737032
73487,0.156926095486
73488,0.00871947500855
73489,0.0950178429484
73491,0.114550672472
73492,0.130858078599
73494,0.152377322316
73496,0.0615339837968
73497,0.00326465838589
73499,0.00289330375381
73500,0.0227322392166
73502,0.0101615684107
73503,0.0287840999663
73504,0.0894169956446
73505,0.00299031846225
73506,0.152377322316
73507,0.0161603912711
73508,0.0343295112252
73511,0.00248049199581
73518,0.00604558456689
73519,0.00413495954126
73520,0.0168691668659
73521,0.0154300779104
73524,0.00403939140961
73528,0.0150750782341
73529,0.00685851369053
73533,0.0271388664842
73534,0.0373453609645
73538,0.00137248379178
73539,0.0117689883336
73543,0.00729831960052
73545,0.152385652065
73546,0.075254663825
73547,0.0131878573447
73548,0.00357835716568
73550,0.020808333531
73554,0.00625033304095
73555,0.0282996427268
73556,0.00728726666421
73557,0.00253105955198
73559,0.0623264238238
73560,0.0220622904599
73561,0.0175754185766
73562,0.159217968583
73563,0.0108900554478
73565,0.0457235239446
73567,0.0117655443028
73569,0.0332282930613
73570,0.0256087798625
73571,0.0584342442453
73573,0.00396255450323
73574,0.00182456860784
73576,0.0161641445011
73577,0.00947382114828
73578,0.00685872556642
73580,0.0181627012789
73584,0.0262646842748
73586,0.0224561206996
73592,0.0677388012409
73593,0.030419267714
73594,0.0338461026549
73596,0.00467724073678
73597,0.0116667039692
73599,0.0826722979546
73600,0.0567891560495
73601,0.0151183763519
73605,0.00253111007623
73607,0.0789598301053
73608,0.00158065627329
73611,0.0164434090257
73615,0.0235353335738
73616,0.0018147471128
73617,0.00895510707051
73618,0.0436806939542
73620,0.00334910512902
73621,0.00694708433002
73623,0.0204936210066
73625,0.0341415852308
73628,0.0188001114875
73629,0.0571933053434
73633,0.00851566996425
73635,0.256093233824
73637,0.00142446556129
73640,0.00927543826401
73641,0.00290248706006
73643,0.00605315994471
73646,0.0418967269361
73647,0.0149946277961
73650,0.0130161652341
73651,0.00948811508715
73655,0.00314734200947
73656,0.0353671647608
73657,0.00761075504124
73658,0.0955281034112
73660,0.0845498740673
73662,0.0272182580084
73663,0.00872257072479
73665,0.0141080338508
73666,0.00711857713759
73667,0.00496247084811
73668,0.00489553250372
73671,0.00723538035527
73674,0.00241107866168
73676,0.0141994468868
73677,0.0163237731904
73678,0.00390296336263
73680,0.00360029842705
73686,0.0955747514963
73688,0.00297686760314
73696,0.00951636210084
73697,0.0034227934666
73698,0.270511120558
73700,0.176502436399
73702,0.0205437913537
73703,0.152090385556
73704,0.00285577354953
73705,0.00753435119987
73706,0.205337911844
73710,0.293326973915
73711,0.00703377462924
73713,0.0558336488903
73714,0.0161891430616
73715,0.0362048707902
73719,0.0277405511588
73722,0.11291000247
73725,0.0142982890829
73726,0.0322244092822
73727,0.00356470514089
73729,0.030991923064
73730,0.0901781097054
73731,0.0252340324223
73732,0.00444489857182
73733,0.00817135348916
73734,0.0190924033523
73736,0.00319543899968
73738,0.00583922723308
73739,0.0196526665241
73742,0.00226513459347
73743,0.170083001256
73744,0.0322990231216
73745,0.0307153761387
73746,0.00263830670156
73747,0.0195339284837
73749,0.0506340563297
73752,0.02966096811
73756,0.00979718007147
73758,0.0101748099551
73760,0.0227936599404
73764,0.00435417378321
73765,0.00130269024521
73767,0.00941858068109
73770,0.201583385468
73773,0.00260637258179
73775,0.0494715534151
73776,0.0105555579066
73779,0.162459924817
73780,0.00968623999506
73781,0.0030056303367
73782,0.199360772967
73784,0.00846009049565
73785,0.0516698881984
73788,0.00128713692538
73791,0.153012394905
73792,0.100706748664
73794,0.00639498000965
73795,0.0259089004248
73799,0.0320663824677
73800,0.00211164425127
73801,0.00973762571812
73804,0.0140013676137
73805,0.0555877275765
73806,0.00850421190262
73809,0.00301618222147
73811,0.167746633291
73812,0.00994960404932
73813,0.146135479212
73815,0.0818009078503
73818,0.00633525848389
73819,0.00289544649422
73820,0.0132039589807
73821,0.0155396414921
73822,0.196613028646
73823,0.0144922900945
73824,0.0323709584773
73825,0.00809155218303
73827,0.046166844666
73829,0.0736416205764
73831,0.00848864577711
73832,0.00287678954192
73833,0.00336978654377
73835,0.00810663402081
73836,0.0165421664715
73838,0.219763576984
73839,0.00252804695629
73841,0.186220481992
73842,0.130223810673
73843,0.0132075985894
73845,0.00335772219114
73846,0.0264217704535
73847,0.0187344122678
73849,0.224700808525
73850,0.00700498977676
73855,0.159538075328
73856,0.0193981677294
73857,0.0143397655338
73858,0.153244554996
73861,0.00403923215345
73864,0.0110976733267
73868,0.023053040728
73873,0.110691532493
73874,0.0224576704204
73875,0.0125913564116
73877,0.00948811508715
73878,0.00689537916332
73879,0.0163693856448
73880,0.00259215780534
73881,0.00495038367808
73882,0.0113070933148
73883,0.00261800596491
73885,0.0440821610391
73886,0.00681971618906
73887,0.0275421310216
73888,0.180243894458
73889,0.0214827861637
73895,0.0406847931445
73896,0.0403160005808
73899,0.010963242501
73901,0.0413974523544
73902,0.00333315529861
73907,0.00888862460852
73908,0.051234357059
73909,0.0101817082614
73910,0.130226060748
73911,0.023144191131
73912,0.0102524813265
73914,0.0234287753701
73915,0.0342900082469
73916,0.0197240840644
73922,0.0332417525351
73923,0.0189232379198
73924,0.0316910743713
73926,0.0161986760795
73927,0.181669875979
73930,0.209515318274
73934,0.0139679731801
73936,0.0236624944955
73937,0.137530609965
73940,0.00938152242452
73941,0.00270750490017
73942,0.00400110473856
73947,0.0386997535825
73948,0.0960316732526
73951,0.0746547654271
73952,0.00610008835793
73953,0.0433537811041
73956,0.0152198793367
73959,0.0503215417266
73963,0.00376173807308
73965,0.0294613037258
73967,0.246156468987
73968,0.0018739142688
73969,0.012465974316
73970,0.0124012744054
73973,0.0512927286327
73974,0.00956962630153
73975,0.0107956165448
73977,0.00600524945185
73981,0.001079992624
73982,0.00315830763429
73984,0.0150854531676
73989,0.00254407036118
73992,0.0196028240025
73995,0.014174612239
73996,0.00145120348316
73997,0.00194849586114
73998,0.120927639306
73999,0.0374683327973
74002,0.0146494554356
74003,0.00245550530963
74006,0.0207186415792
74007,0.237775951624
74008,0.0119826104492
74010,0.0610898919404
74017,0.0189208146185
74022,0.0154300779104
74023,0.19282566011
74026,0.00634239427745
74029,0.0156831368804
74030,0.0317745581269
74036,0.13968321681
74038,0.0919131189585
74039,0.0196028240025
74040,0.111523114145
74042,0.00253610406071
74045,0.00786594487727
74051,0.0043412852101
74054,0.119163401425
74055,0.00263951299712
74056,0.00241268705577
74057,0.0241040214896
74058,0.0382399298251
74059,0.0189208146185
74061,0.009695767425
74062,0.0160321034491
74064,0.0214344412088
74065,0.0060357474722
74066,0.205967575312
74067,0.180698513985
74069,0.00512165622786
74070,0.205377459526
74072,0.00454112514853
74074,0.0352935269475
74075,0.00401702569798
74078,0.02612365596
74079,0.0270866435021
74083,0.183093830943
74084,0.0169112272561
74086,0.00203860667534
74087,0.0131215061992
74088,0.0300428066403
74092,0.0262646842748
74093,0.0122061250731
74094,0.00772071769461
74096,0.0963872000575
74097,0.210413008928
74098,0.00948811508715
74100,0.00569544453174
74101,0.0118741719052
74102,0.00325764156878
74104,0.00683746067807
74105,0.0179018378258
74107,0.00138127454557
74108,0.00520681589842
74110,0.00883558019996
74111,0.00257727084681
74113,0.0104594873264
74115,0.0513690300286
74116,0.150433465838
74118,0.0389752052724
74119,0.0149907758459
74120,0.00919831171632
74125,0.00256678136066
74126,0.0368678048253
74127,0.0439600944519
74128,0.0160796288401
74129,0.0508816950023
74130,0.0100222341716
74131,0.0168344210833
74132,0.0102476775646
74136,0.00213478133082
74139,0.015957698226
74140,0.0032370002009
74141,0.00245460961014
74142,0.00156722299289
74144,0.0146494554356
74147,0.0226868800819
74150,0.0190936829895
74151,0.0838275402784
74152,0.30108332634
74156,0.0113131674007
74159,0.0683015584946
74162,0.0107735078782
74163,0.286794304848
74165,0.0232644788921
74171,0.07493994385
74174,0.00460712239146
74176,0.00110382924322
74177,0.0154300779104
74178,0.00731264380738
74179,0.0022945406381
74181,0.0288436748087
74183,0.0950904265046
74184,0.154868483543
74186,0.0153328394517
74187,0.00287239532918
74189,0.0377558358014
74190,0.00733154267073
74193,0.228073075414
74194,0.0339683443308
74197,0.0375926159322
74199,0.0145109416917
74200,0.104102492332
74202,0.00901311729103
74205,0.012387319468
74209,0.0155369229615
74210,0.00222356664017
74213,0.0134994955733
74214,0.032202731818
74215,0.179080322385
74216,0.0316523276269
74217,0.00373630039394
74219,0.0708379298449
74220,0.00700580887496
74221,0.0747530907393
74223,0.0156248100102
74225,0.0406697019935
74226,0.0179582685232
74230,0.0150759071112
74231,0.00447322335094
74234,0.00916815828532
74235,0.0432864539325
74236,0.00521295983344
74237,0.0368392802775
74238,0.0249404963106
74239,0.0309401340783
74241,0.021470407024
74243,0.00689328974113
74246,0.0141994468868
74247,0.00343200517818
74248,0.154906064272
74249,0.0487577281892
74250,0.0219921469688
74251,0.00472244620323
74254,0.00788533035666
74259,0.00227114604786
74260,0.00544273527339
74263,0.178477466106
74265,0.00953840184957
74268,0.0118678910658
74271,0.120711818337
74272,0.0243193712085
74274,0.0496311336756
74276,0.00243156845681
74277,0.00320299644955
74279,0.00215354631655
74283,0.0322431363165
74289,0.0198759436607
74291,0.0375875011086
74296,0.180243894458
74298,0.00445150816813
74300,0.130534008145
74301,0.0192269701511
74302,0.0153328394517
74303,0.149104356766
74306,0.00312244030647
74307,0.0020450076554
74308,0.00196891184896
74309,0.04167952016
74311,0.0420884005725
74314,0.00222074822523
74319,0.0107399895787
74321,0.00141719880048
74326,0.170380979776
74332,0.0397302620113
74334,0.00558181433007
74335,0.0494533367455
74336,0.0072017274797
74337,0.0232567004859
74338,0.0141994468868
74341,0.0144088305533
74344,0.00518581969664
74346,0.010770490393
74351,0.181907817721
74352,0.128675058484
74353,0.00141551881097
74354,0.0200566854328
74355,0.0196028240025
74356,0.00779443792999
74357,0.00418326305225
74358,0.00807040464133
74359,0.0093826437369
74360,0.00533993681893
74361,0.063953615725
74365,0.105118148029
74367,0.00623040273786
74368,0.200854942203
74371,0.00372932618484
74372,0.00233171484433
74375,0.00233506597579
74376,0.0141994468868
74378,0.0196028240025
74380,0.00275274994783
74381,0.0177752189338
74382,0.00555870588869
74385,0.0181484166533
74387,0.0259102880955
74389,0.00294538261369
74391,0.0575313419104
74392,0.00408893777058
74394,0.0871268808842
74398,0.0023963204585
74400,0.0232894327492
74401,0.21115359664
74402,0.00206445995718
74403,0.0680385455489
74404,0.159538075328
74406,0.00861136615276
74415,0.038893379271
74416,0.0255321282893
74417,0.0677892193198
74420,0.0100446986035
74422,0.0318670943379
74423,0.00932539161295
74424,0.00168707186822
74426,0.00726170884445
74427,0.0104158017784
74428,0.0076034264639
74429,0.189731881022
74433,0.126253977418
74434,0.0906229764223
74436,0.0113217197359
74441,0.0412564836442
74442,0.016508160159
74443,0.112330824137
74445,0.187325388193
74446,0.00228766188957
74448,0.00309582846239
74450,0.00152101239655
74451,0.268579870462
74452,0.0154072167352
74453,0.0121892066672
74454,0.0663087889552
74456,0.0038761345204
74457,0.0539028160274
74458,0.00822290033102
74462,0.0212214570493
74463,0.0398819446564
74468,0.009695767425
74469,0.0266501810402
74470,0.0364555045962
74472,0.00340117514133
74473,0.00248282472603
74475,0.00551354978234
74477,0.0409052371979
74478,0.00203044875525
74481,0.177686169744
74482,0.0168227702379
74483,0.0185478311032
74488,0.0145319458097
74489,0.00459554512054
74491,0.0302626807243
74494,0.0249809771776
74495,0.00354062882252
74496,0.00943658407778
74499,0.0394049063325
74500,0.0141994468868
74503,0.0530710034072
74504,0.0637266859412
74507,0.00483498210087
74510,0.0129923876375
74511,0.0283558685333
74512,0.00417028414086
74513,0.00297631858848
74514,0.197665095329
74515,0.0126559138298
74517,0.0025916621089
74523,0.01167604886
74524,0.0320428200066
74527,0.0147626278922
74528,0.00494253961369
74530,0.00948847364634
74532,0.0081221498549
74533,0.00245207361877
74534,0.0097935218364
74535,0.00297914282419
74537,0.0483473241329
74538,0.0728232711554
74541,0.0135528445244
74543,0.0259283669293
74544,0.0141717204824
74545,0.00145769107621
74546,0.0111362393945
74548,0.0104968147352
74549,0.0220909751952
74550,0.0164735279977
74552,0.0168823227286
74553,0.0130016542971
74557,0.00892464630306
74558,0.111021541059
74560,0.101686410606
74563,0.00252060173079
74564,0.073137499392
74566,0.00219759391621
74568,0.0312597602606
74569,0.0395577177405
74572,0.047733630985
74573,0.0149941900745
74574,0.00167619052809
74575,0.0196028240025
74576,0.013429492712
74577,0.0249406248331
74578,0.0136740850285
74579,0.0576281361282
74581,0.181669875979
74583,0.0838893055916
74587,0.211906909943
74591,0.0765509232879
74593,0.203772425652
74594,0.00949504133314
74595,0.0159947611392
74597,0.00574897043407
74598,0.00768620707095
74600,0.0755247920752
74602,0.00149899383541
74603,0.00341500132345
74604,0.00779151404276
74608,0.0098486142233
74610,0.00989702623338
74611,0.00297216116451
74612,0.00273593887687
74613,0.0141994468868
74617,0.00203044875525
74619,0.0108248088509
74622,0.00951797608286
74623,0.155669391155
74624,0.0354590117931
74625,0.0209063608199
74627,0.0267038177699
74629,0.0032298155129
74633,0.0119523499161
74634,0.0184197872877
74635,0.0396328940988
74636,0.00140297983307
74637,0.00280171935447
74640,0.00421175453812
74642,0.0755427926779
74643,0.00327791413292
74645,0.00251860520802
74646,0.0678731128573
74651,0.00181384989992
74653,0.00437841238454
74654,0.105266906321
74655,0.00282127107494
74656,0.0458479449153
74657,0.00556793669239
74658,0.072461925447
74661,0.0571510121226
74662,0.0445366725326
74663,0.00354360626079
74664,0.00599687872455
74667,0.0385871492326
74668,0.0216816347092
74669,0.00260637258179
74670,0.0154300779104
74671,0.121749855578
74672,0.0146187329665
74674,0.0102894715965
74675,0.00381244323216
74677,0.00743243144825
74678,0.0176902450621
74680,0.0110977208242
74683,0.158441826701
74688,0.00488096149638
74690,0.0015242107911
74691,0.00615514721721
74692,0.00283387931995
74695,0.0195787008852
74697,0.0176009666175
74699,0.00308117922395
74706,0.00237844279036
74707,0.0307795349509
74711,0.00350398477167
74716,0.253744333982
74717,0.00403476320207
74718,0.00309480587021
74720,0.00475848233327
74723,0.0294743292034
74724,0.0206582657993
74725,0.0129691101611
74726,0.0097828740254
74728,0.0144243314862
74729,0.00249626953155
74730,0.00693462742493
74731,0.0141994468868
74733,0.016099806875
74736,0.03735499084
74737,0.0169970728457
74742,0.00247417134233
74746,0.015148062259
74749,0.00185843999498
74750,0.00234635476954
74754,0.00873604696244
74756,0.00461764587089
74757,0.0100068412721
74759,0.0076684653759
74760,0.0105159850791
74761,0.0219166837633
74762,0.163348719478
74764,0.00709788640961
74768,0.026738781482
74769,0.00146154058166
74771,0.0129151707515
74772,0.227852612734
74774,0.0220985990018
74775,0.00871056877077
74776,0.00856735836715
74777,0.034383688122
74778,0.00335314893164
74783,0.00247134151869
74784,0.0275471843779
74788,0.00326087302528
74789,0.0135544706136
74791,0.00344169186428
74792,0.0775100886822
74795,0.00221709441394
74797,0.00508126895875
74799,0.00885116495192
74801,0.00409260531887
74802,0.116230845451
74805,0.0163482762873
74806,0.188330560923
74813,0.00491392286494
74814,0.0143543109298
74815,0.152515351772
74818,0.00605248566717
74819,0.00155314197764
74820,0.00298218661919
74822,0.0237989034504
74824,0.0160633511841
74825,0.0196028240025
74827,0.0165463704616
74828,0.0362829864025
74829,0.00163042382337
74830,0.018503587693
74831,0.0174201410264
74832,0.00296832178719
74839,0.024325452745
74841,0.109392248094
74842,0.107586629689
74843,0.180504560471
74848,0.00470589054748
74849,0.160754323006
74852,0.0103000476956
74853,0.0322580561042
74854,0.0371667221189
74855,0.00763272633776
74858,0.0110296783969
74859,0.0169461835176
74860,0.210154429078
74861,0.0178241208196
74863,0.00175623723771
74864,0.00605179136619
74865,0.180243894458
74866,0.127608075738
74868,0.0171167999506
74873,0.0185807887465
74876,0.00784883461893
74877,0.0248261280358
74879,0.014428012073
74882,0.0173904877156
74885,0.02136301063
74886,0.0318670943379
74888,0.0206420402974
74890,0.0135154305026
74891,0.103862278163
74893,0.00355330575258
74896,0.021902218461
74897,0.00669047096744
74898,0.0521281287074
74899,0.0216816347092
74900,0.0213558077812
74902,0.0293443836272
74903,0.00526629248634
74906,0.00261162640527
74908,0.146135479212
74910,0.0126960771158
74912,0.0148458275944
74914,0.0626228451729
74918,0.00239954749122
74919,0.119888842106
74921,0.00305037014186
74923,0.0171320419759
74925,0.00612275814638
74926,0.00388472201303
74929,0.0113506373018
74930,0.0173086728901
74933,0.00950197223574
74935,0.00343528669327
74936,0.0063123004511
74938,0.00900281220675
74941,0.00760434055701
74942,0.0204835031182
74943,0.0196028240025
74947,0.0148857003078
74952,0.0228871777654
74953,0.0100148329511
74954,0.00253470730968
74958,0.0183915812522
74960,0.0228744708002
74961,0.079910621047
74963,0.00198304816149
74965,0.00194772460964
74966,0.00727538531646
74973,0.30926579237
74974,0.00235004234128
74976,0.00289555406198
74978,0.00738668581471
74979,0.0118175353855
74980,0.0166722610593
74981,0.0640140995383
74988,0.0210665389895
74991,0.0350105799735
74994,0.00411308463663
74997,0.395987987518
74999,0.0214970894158
75000,0.0269510224462
75002,0.0219055581838
75003,0.0124012744054
75004,0.0149572687224
75005,0.0231326539069
75006,0.0344222746789
75007,0.056810490787
75009,0.00227114604786
75010,0.00298158405349
75011,0.0255581587553
75012,0.0957176908851
75013,0.00244396901689
75014,0.0210714302957
75016,0.0472571514547
75018,0.0039096577093
75022,0.00948811508715
75023,0.00519586121663
75027,0.00994875840843
75032,0.0124786300585
75033,0.00888283737004
75036,0.106341347098
75038,0.0750985443592
75040,0.0439986512065
75041,0.0032687059138
75042,0.0478791557252
75043,0.242866590619
75046,0.0303545296192
75052,0.0270511172712
75053,0.236939176917
75054,0.00298599153757
75055,0.0323840342462
75057,0.0148458275944
75059,0.0463191196322
75060,0.289745986462
75061,0.00729036098346
75062,0.0134869785979
75063,0.0392637960613
75064,0.0037907732185
75065,0.0264217704535
75068,0.00315008219332
75071,0.0112582677975
75072,0.104407906532
75074,0.312131822109
75079,0.0387094207108
75080,0.0307723656297
75082,0.0219253823161
75083,0.0407080315053
75085,0.0535494126379
75087,0.0158463716507
75091,0.00273049273528
75092,0.0138240810484
75095,0.273615330458
75097,0.00315487757325
75098,0.0127979991958
75099,0.0247210152447
75101,0.0223042089492
75104,0.0259326640517
75107,0.0325312167406
75111,0.0534730367362
75118,0.00277229002677
75119,0.0139252571389
75121,0.010770490393
75125,0.00984446331859
75128,0.00580878229812
75131,0.0168823227286
75134,0.114361599088
75135,0.126661807299
75141,0.0093298247084
75143,0.0166537053883
75144,0.0312328282744
75149,0.0564916096628
75150,0.0318670943379
75151,0.016571296379
75153,0.00328273652121
75158,0.00503455614671
75159,0.0480856969953
75160,0.00408914126456
75161,0.0480056554079
75164,0.00390157522634
75166,0.0196199268103
75168,0.0162882227451
75170,0.00371507741511
75171,0.0198829770088
75174,0.00290587265044
75175,0.00182953930926
75176,0.0196028240025
75177,0.0154068348929
75179,0.160212978721
75180,0.00187063869089
75183,0.0216816347092
75184,0.00838533695787
75191,0.010941542685
75192,0.216578155756
75195,0.0128777977079
75199,0.00119940505829
75200,0.00698362151161
75201,0.00306142540649
75203,0.0488027967513
75204,0.0198759436607
75206,0.0187112148851
75207,0.00278092361987
75209,0.036674939096
75211,0.0272182580084
75212,0.0108726778999
75213,0.00858792569488
75214,0.0131900664419
75216,0.00747775286436
75217,0.00859701167792
75218,0.0318670943379
75219,0.0194416437298
75222,0.00418661907315
75223,0.0194320585579
75230,0.0220142714679
75231,0.119463123381
75232,0.0894885733724
75234,0.0382493510842
75235,0.0277617536485
75236,0.0506619103253
75241,0.32276058197
75244,0.0104392720386
75246,0.118738755584
75247,0.0111829070374
75248,0.110792674124
75251,0.0279296375811
75253,0.00555992871523
75254,0.0019396150019
75256,0.0227274186909
75257,0.19516184926
75259,0.0195879787207
75262,0.0249725934118
75264,0.0756298825145
75265,0.0212910920382
75268,0.00919577479362
75270,0.00239142030478
75276,0.00987067073584
75277,0.0176105499268
75281,0.0129649601877
75282,0.0416242368519
75288,0.00610561016947
75292,0.23087516427
75297,0.25347468257
75298,0.0236392617226
75301,0.203441634774
75304,0.00967880990356
75305,0.00437792390585
75307,0.0364542864263
75311,0.0129691101611
75313,0.0075271348469
75315,0.0737091898918
75316,0.0431295968592
75317,0.0262982882559
75319,0.00293638231233
75322,0.0521677844226
75326,0.0125066479668
75327,0.00803604908288
75329,0.0502124987543
75332,0.0319284871221
75335,0.1891669631
75336,0.00717414077371
75337,0.0099838860333
75338,0.00451119523495
75340,0.00121965445578
75343,0.0197272226214
75345,0.0812793523073
75348,0.033170234412
75349,0.00580340111628
75350,0.13224118948
75352,0.0159947611392
75353,0.00432412559167
75356,0.013833783567
75357,0.0441572926939
75360,0.0251635201275
75363,0.0259127095342
75364,0.0803911462426
75365,0.00161746982485
75367,0.00896235927939
75368,0.00774635048583
75369,0.00144535582513
75370,0.0255321282893
75371,0.0699073299766
75374,0.00285577354953
75376,0.045340411365
75378,0.00381440715864
75380,0.00226492551155
75381,0.100706748664
75383,0.0846117883921
75386,0.0122384913266
75387,0.0290461555123
75390,0.00561732985079
75395,0.176368325949
75397,0.011998235248
75398,0.019665369764
75400,0.0213709063828
75401,0.0354044511914
75402,0.0231882985681
75405,0.0020103296265
75408,0.0111576942727
75409,0.00860015768558
75410,0.00170947948936
75411,0.00563344825059
75412,0.0126164471731
75414,0.00261162640527
75415,0.0584998838603
75417,0.0136857442558
75418,0.00376293901354
75419,0.232534408569
75423,0.00357981771231
75424,0.00129832956009
75428,0.0352935269475
75429,0.00182108161971
75430,0.0530804917216
75431,0.115161716938
75434,0.150326743722
75437,0.00455185957253
75440,0.0348115339875
75441,0.0863042771816
75442,0.0135924769565
75444,0.00255666743033
75445,0.0102679962292
75447,0.0215574596077
75448,0.0357243418694
75451,0.0234347209334
75452,0.0344668030739
75454,0.0315120816231
75455,0.0262646842748
75456,0.00948811508715
75457,0.0185478311032
75458,0.00229559000582
75459,0.0040480485186
75460,0.0097744744271
75461,0.00866852514446
75463,0.00571664329618
75464,0.0136583261192
75468,0.00660076830536
75469,0.183093830943
75470,0.00519231567159
75472,0.0329953208566
75473,0.0307153761387
75476,0.00335003342479
75477,0.00369766494259
75478,0.232765167952
75479,0.00442245369777
75482,0.073752656579
75484,0.0132828708738
75485,0.0120281856507
75494,0.0318670943379
75496,0.0833406671882
75497,0.00445591844618
75504,0.0208533629775
75505,0.00142130220775
75507,0.030020326376
75508,0.00279072090052
75509,0.0095941349864
75510,0.00520973838866
75511,0.0357243418694
75512,0.0111048193648
75515,0.00256989616901
75516,0.152214303613
75518,0.0292206816375
75519,0.0286733340472
75520,0.164333090186
75521,0.00989800784737
75524,0.0223171897233
75529,0.0892272219062
75530,0.0351682044566
75534,0.102787226439
75535,0.224423274398
75537,0.0109751252457
75538,0.00165043980815
75541,0.0249973591417
75543,0.0274916999042
75546,0.00567541085184
75548,0.0710019096732
75549,0.0128807434812
75550,0.00544133642688
75553,0.0318803451955
75555,0.0193414278328
75557,0.0656598582864
75559,0.0154746426269
75560,0.0026745852083
75561,0.0164476055652
75562,0.0549096167088
75564,0.026716703549
75566,0.0322356373072
75567,0.0152586428449
75571,0.2060072124
75575,0.00971553381532
75579,0.00333333737217
75580,0.216578155756
75581,0.0235155057162
75582,0.182203665376
75583,0.109280750155
75584,0.0220985990018
75585,0.00863770768046
75588,0.015824072063
75589,0.183093830943
75590,0.0110306041315
75591,0.0141994468868
75592,0.0196563489735
75593,0.0464783348143
75599,0.00376561959274
75601,0.0100445654243
75602,0.0352469943464
75603,0.0406541973352
75609,0.0323445573449
75610,0.00820609927177
75612,0.0350134894252
75614,0.0207545496523
75618,0.0236519332975
75619,0.0556660071015
75620,0.00940419919789
75623,0.00554726459086
75629,0.00697305053473
75630,0.111721739173
75632,0.0334642902017
75633,0.00156984408386
75636,0.0413890704513
75638,0.00287239532918
75642,0.176368325949
75644,0.00332889379933
75645,0.26919350028
75646,0.0172795727849
75647,0.01557254605
75649,0.00491380365565
75650,0.0385871492326
75652,0.207474499941
75653,0.00884034112096
75654,0.0269922520965
75655,0.0483463704586
75665,0.00474823219702
75667,0.00263115460984
75672,0.0333433561027
75674,0.00320789311081
75678,0.00948800705373
75679,0.0109303453937
75683,0.19113689661
75684,0.0164505746216
75685,0.0110651552677
75688,0.0263473149389
75689,0.0162319932133
75690,0.0156807359308
75691,0.00853715185076
75692,0.285256236792
75694,0.191437527537
75695,0.00147921929602
75698,0.00330671924166
75699,0.0206633899361
75700,0.00657897396013
75701,0.0445770695806
75702,0.00343683455139
75703,0.0106149660423
75705,0.00615752208978
75706,0.185007497668
75710,0.0354549512267
75711,0.156684622169
75713,0.0109414290637
75717,0.0216816347092
75718,0.0394293069839
75720,0.00349732255563
75725,0.0395447984338
75726,0.0126292593777
75728,0.00812138151377
75729,0.112330824137
75730,0.0321110785007
75732,0.00320003228262
75734,0.0777837261558
75737,0.00894355308264
75739,0.00950882770121
75740,0.108516968787
75742,0.0202404633164
75744,0.0104215145111
75745,0.33237990737
75747,0.0172970239073
75748,0.137778654695
75751,0.156115069985
75752,0.0705235004425
75755,0.110597759485
75757,0.0609196871519
75759,0.0388367474079
75761,0.061233188957
75762,0.00387475034222
75765,0.0170663576573
75766,0.0240299236029
75767,0.00436348188668
75768,0.0372371450067
75769,0.00927815027535
75771,0.0367489606142
75773,0.00278827245347
75774,0.0161109380424
75776,0.00720854615793
75778,0.00342306517996
75780,0.0858475267887
75781,0.069788955152
75782,0.0201215650886
75783,0.125148758292
75785,0.171088069677
75786,0.0663690119982
75788,0.0369996093214
75789,0.0187670793384
75791,0.0230983048677
75792,0.0118040954694
75795,0.0196028240025
75796,0.0540119558573
75797,0.0809376686811
75799,0.0892446264625
75800,0.00287295831367
75803,0.00639529852197
75804,0.030248388648
75805,0.00417187437415
75806,0.0216816347092
75807,0.127959281206
75808,0.00247140019201
75809,0.00669786101207
75811,0.00308937905356
75812,0.0740649625659
75815,0.03451365605
75816,0.0299627557397
75818,0.00530184712261
75822,0.00227594003081
75825,0.00551456166431
75827,0.00176136149094
75829,0.00137330614962
75830,0.00315523589961
75836,0.00448540691286
75837,0.201362207532
75843,0.0209836773574
75846,0.00667726295069
75847,0.0941424369812
75849,0.0237923189998
75851,0.0426559820771
75852,0.0203056894243
75855,0.0382954627275
75856,0.00258720782585
75857,0.151835769415
75858,0.00134395447094
75859,0.0101615684107
75861,0.0132266422734
75862,0.113321661949
75863,0.00300394883379
75864,0.0269730407745
75866,0.0126522555947
75870,0.0168709214777
75873,0.0224129613489
75874,0.00883044488728
75875,0.00253422511742
75878,0.00140740745701
75879,0.254804164171
75880,0.0166903063655
75881,0.0167089644819
75882,0.00868782587349
75884,0.0167273469269
75885,0.151322588325
75886,0.0577255599201
75887,0.0119714494795
75888,0.00238018250093
75890,0.0724770873785
75891,0.0333179347217
75892,0.00263416697271
75894,0.00953121948987
75895,0.00996697507799
75897,0.00271377852187
75898,0.0150909312069
75901,0.00332385720685
75910,0.00404114136472
75913,0.0196028240025
75915,0.0554909147322
75916,0.0132478447631
75918,0.0226975288242
75920,0.0173419825733
75921,0.227638199925
75922,0.0347144156694
75924,0.00240538851358
75925,0.162858620286
75927,0.00287947058678
75928,0.00451468024403
75931,0.00233292183839
75932,0.105572409928
75935,0.0130292251706
75938,0.0276617780328
75939,0.0262095555663
75945,0.00228612241335
75948,0.00538130989298
75949,0.0108195664361
75950,0.0846685469151
75951,0.00114799302537
75955,0.056691147387
75956,0.00999254826456
75957,0.0334004834294
75958,0.0136788133532
75959,0.00329267256893
75961,0.124905154109
75962,0.00882916338742
75963,0.315154224634
75964,0.146041467786
75966,0.0252256691456
75967,0.0428410768509
75968,0.00261162640527
75973,0.00941179413348
75974,0.0133332181722
75977,0.0590439550579
75979,0.0506340563297
75981,0.0277974978089
75982,0.00300477584824
75984,0.0873610675335
75986,0.0375335514545
75987,0.0071114692837
75988,0.0251933056861
75994,0.11240144819
75997,0.0247974861413
75998,0.0162511542439
75999,0.0301817134023
76000,0.00527737522498
76002,0.008828737773
76006,0.023708101362
76009,0.0232916474342
76010,0.0272182580084
76011,0.0196028240025
76012,0.230957746506
76014,0.0370120219886
76016,0.0044166315347
76017,0.00422349199653
76021,0.015882441774
76022,0.0115703800693
76024,0.0185478311032
76025,0.014865946956
76026,0.0385871492326
76027,0.0190382990986
76028,0.00770201859996
76031,0.0202512275428
76033,0.00133353890851
76034,0.0347712486982
76035,0.0182582382113
76037,0.0325886979699
76038,0.0283337142318
76039,0.158977866173
76040,0.128259539604
76043,0.0367035977542
76045,0.0113594708964
76049,0.0313232056797
76051,0.181907817721
76052,0.0127001898363
76059,0.00141732627526
76060,0.0122221419588
76062,0.0504563748837
76063,0.00229559000582
76071,0.00201521767303
76072,0.00905845686793
76074,0.015748443082
76079,0.0193915460259
76085,0.00811482779682
76087,0.0141994468868
76089,0.163735419512
76092,0.199370369315
76093,0.00541795045137
76096,0.00923229660839
76097,0.0102549158037
76099,0.170822292566
76102,0.0368061810732
76103,0.018645728007
76105,0.0323426909745
76106,0.0666129514575
76112,0.156289801002
76113,0.0157780144364
76118,0.0107708666474
76120,0.13211171329
76121,0.00714455451816
76122,0.097376614809
76124,0.00299232802354
76127,0.244227051735
76128,0.00252498011105
76129,0.232228904963
76130,0.0141675900668
76133,0.0141994468868
76135,0.0832191854715
76136,0.180243894458
76138,0.00667534023523
76140,0.0374044030905
76146,0.0132760861889
76148,0.0133405542001
76149,0.0164655260742
76151,0.00211127148941
76152,0.00141614105087
76154,0.00960238836706
76157,0.0178787466139
76161,0.00278663821518
76162,0.0157823916525
76163,0.00625614728779
76164,0.00206900457852
76165,0.191512703896
76166,0.00527210114524
76170,0.0581569112837
76172,0.0121764037758
76174,0.152090385556
76175,0.0150750782341
76176,0.0303413067013
76177,0.0101741412655
76179,0.0157547798008
76184,0.00505887251347
76189,0.00245963758789
76191,0.0595912709832
76193,0.0144243314862
76194,0.0115888761356
76196,0.0142780002207
76198,0.00557212810963
76199,0.0135528445244
76200,0.00908188242465
76202,0.044180624187
76204,0.0396951586008
76205,0.0182354096323
76209,0.0320216417313
76211,0.01275596302
76214,0.0792656615376
76218,0.0091523360461
76223,0.00154227693565
76224,0.00471918238327
76225,0.00234809331596
76228,0.00726044736803
76229,0.00612669670954
76232,0.0161891430616
76233,0.0148148117587
76235,0.00860503409058
76236,0.0156989712268
76237,0.0123892035335
76240,0.146135479212
76241,0.00255666743033
76246,0.0540229342878
76247,0.0111509412527
76248,0.0231285113841
76249,0.162858620286
76250,0.0313670039177
76253,0.174025997519
76254,0.00636351667345
76255,0.0262587461621
76258,0.00256309844553
76260,0.0114486878738
76261,0.0111397625878
76270,0.0178052820265
76271,0.0185192525387
76273,0.0016220563557
76280,0.00476617086679
76284,0.00406048260629
76286,0.0264217704535
76289,0.00762616330758
76290,0.0087966164574
76291,0.00216450635344
76293,0.0106624606997
76294,0.01142610237
76295,0.00253501371481
76298,0.00219362950884
76299,0.0318670943379
76300,0.0195523332804
76303,0.0306574106216
76304,0.01581145823
76306,0.0168709214777
76307,0.0392515063286
76308,0.00720957946032
76309,0.00989737268537
76310,0.00467802677304
76312,0.0740113481879
76313,0.00310525251552
76315,0.0173419825733
76317,0.0046379128471
76319,0.0229287184775
76325,0.0521835386753
76327,0.339828342199
76328,0.00289914244786
76329,0.0591279640794
76330,0.0220985990018
76333,0.126783251762
76336,0.0603069104254
76337,0.0106264352798
76339,0.0297236274928
76340,0.0298769120127
76342,0.00629186630249
76343,0.0240057688206
76344,0.00284834369086
76346,0.0318638272583
76348,0.0135528445244
76349,0.0148308267817
76351,0.00262060458772
76352,0.00194652355276
76354,0.00752148684114
76357,0.00651969760656
76358,0.00875151250511
76359,0.00394797464833
76365,0.00736064650118
76367,0.0207692421973
76368,0.0236595924944
76369,0.010215469636
76370,0.00275377370417
76373,0.00247382652014
76374,0.00954501703382
76377,0.009695767425
76378,0.031025711447
76381,0.00852385535836
76382,0.00438124034554
76384,0.00152384291869
76386,0.0357180535793
76388,0.00261373771355
76389,0.0349171049893
76391,0.0884787812829
76392,0.00248374952935
76394,0.0016936637694
76396,0.00420654192567
76399,0.0304138474166
76400,0.0256431307644
76401,0.00388129497878
76402,0.0119093870744
76403,0.00767190987244
76404,0.00337380846031
76405,0.0133539112285
76408,0.0163218583912
76411,0.0740649625659
76413,0.00343350623734
76414,0.00324362702668
76415,0.0625594258308
76416,0.0153136076406
76417,0.208542972803
76420,0.00388322048821
76421,0.0216153673828
76422,0.00336564937606
76423,0.00147274753544
76424,0.0141994468868
76426,0.0120999356732
76430,0.00228929822333
76431,0.0206661149859
76432,0.211607798934
76433,0.00327022257261
76435,0.00788492709398
76437,0.0301541406661
76441,0.00754194287583
76442,0.0030127489008
76444,0.0437260083854
76445,0.310907930136
76447,0.0280734095722
76448,0.0100989015773
76449,0.0128056583926
76450,0.00897154584527
76451,0.0201123449951
76452,0.0903635770082
76453,0.0129691101611
76454,0.210061132908
76460,0.00411511817947
76463,0.229549765587
76465,0.0074195289053
76467,0.00313740153797
76469,0.00643334584311
76473,0.00803440716118
76480,0.237624809146
76481,0.0177038479596
76482,0.101065337658
76486,0.00205177231692
76487,0.00865950714797
76488,0.00344820227474
76489,0.0100486390293
76490,0.01101013273
76492,0.0418286770582
76495,0.0168227702379
76497,0.00816082116216
76499,0.00241717183962
76500,0.0555779859424
76503,0.013694377616
76505,0.0399935171008
76507,0.0283325370401
76511,0.00261162640527
76512,0.00342349102721
76513,0.25013628602
76515,0.00782354734838
76516,0.0455195829272
76517,0.0418168306351
76521,0.0471720658243
76522,0.0463699400425
76523,0.0216816347092
76524,0.230663910508
76526,0.00449353503063
76527,0.133984699845
76532,0.00994540099055
76536,0.0138018531725
76538,0.0298091676086
76539,0.00207642652094
76540,0.0428775399923
76541,0.104779116809
76543,0.00256832363084
76546,0.00647646794096
76552,0.0226881764829
76553,0.0608997493982
76557,0.269934564829
76558,0.0353671647608
76559,0.0370124392211
76560,0.00407426059246
76561,0.00412752851844
76562,0.00314383860677
76564,0.0198477040976
76567,0.0325662940741
76568,0.0040470007807
76569,0.100706748664
76573,0.00304144062102
76575,0.0200393740088
76577,0.00411480758339
76578,0.0692778378725
76581,0.00191401620395
76583,0.0905832797289
76585,0.0747264772654
76589,0.0409752503037
76591,0.00581768946722
76592,0.0275605358183
76598,0.0253632646054
76599,0.176787301898
76600,0.00175216561183
76601,0.0911517590284
76602,0.0315502844751
76603,0.0301054473966
76605,0.0303196646273
76606,0.00307080312632
76608,0.00924627389759
76609,0.00185131747276
76612,0.0173213724047
76613,0.043513558805
76614,0.0230130646378
76618,0.235649988055
76619,0.0321037061512
76624,0.0495517104864
76627,0.0341663584113
76628,0.00858792569488
76629,0.0233747754246
76631,0.00227114604786
76634,0.00934604462236
76636,0.00229559000582
76638,0.18307377398
76643,0.00861588586122
76644,0.016766730696
76645,0.0108358217403
76647,0.0234542023391
76651,0.0070285317488
76657,0.0548912249506
76659,0.00959782768041
76662,0.0322871468961
76664,0.0913971364498
76665,0.00267731258646
76666,0.00268246629275
76667,0.0141994468868
76670,0.0073578809388
76673,0.0413954854012
76675,0.0600205622613
76677,0.00869912654161
76680,0.224767044187
76681,0.201933145523
76683,0.00938951596618
76686,0.0114868674427
76687,0.210109487176
76688,0.00908367615193
76689,0.00556671386585
76690,0.0023810158018
76691,0.015166176483
76694,0.0175948105752
76695,0.0196526665241
76696,0.188242390752
76699,0.0140442084521
76701,0.0369144566357
76703,0.0081278141588
76707,0.0284534003586
76708,0.0305289458483
76712,0.0167877487838
76713,0.0241079013795
76714,0.0113170938566
76716,0.00252843648195
76719,0.0107150971889
76720,0.00318737933412
76722,0.00166097783949
76723,0.0161930005997
76727,0.0375875011086
76729,0.00311974459328
76732,0.0330739058554
76736,0.0246005039662
76737,0.12710185349
76738,0.0046358704567
76739,0.0685728266835
76743,0.0145694557577
76744,0.00299879489467
76747,0.159745484591
76749,0.0146494554356
76752,0.0492471009493
76753,0.0155845778063
76755,0.00196871021762
76758,0.00883514154702
76759,0.0115611562505
76761,0.0311050433666
76763,0.00493392162025
76764,0.00223749852739
76765,0.190403446555
76767,0.0136509984732
76769,0.00250391103327
76770,0.00442162249237
76771,0.00131437275559
76774,0.00891108904034
76775,0.0251738522202
76776,0.116346783936
76780,0.0388367474079
76781,0.0536640770733
76783,0.0159734301269
76786,0.0149907758459
76789,0.00243036355823
76790,0.00356214330532
76791,0.0027301099617
76792,0.0018647077959
76795,0.0115846553817
76796,0.0189603511244
76797,0.0109416665509
76798,0.0354242995381
76799,0.0109779201448
76802,0.0145423561335
76803,0.0100384894758
76805,0.00873179081827
76806,0.0168863907456
76808,0.00842189695686
76810,0.323374956846
76815,0.0185478311032
76816,0.0172913167626
76817,0.0100363045931
76818,0.00159191933926
76821,0.00371027970687
76822,0.0220701042563
76825,0.00252067600377
76826,0.0346789285541
76831,0.0230827089399
76833,0.00546321645379
76835,0.0141658782959
76836,0.00855553150177
76839,0.0238906368613
76840,0.00192973727826
76842,0.0201198272407
76844,0.0149907758459
76845,0.00755061767995
76847,0.0132710952312
76848,0.0032560150139
76849,0.0884648710489
76851,0.00213478133082
76852,0.0101966159418
76856,0.00974216591567
76859,0.0279621761292
76862,0.00411695381626
76863,0.193206340075
76865,0.0937378928065
76866,0.0056627644226
76870,0.0310171227902
76872,0.220890402794
76874,0.0149224624038
76877,0.0402989126742
76878,0.0147430272773
76879,0.0644371658564
76882,0.225221693516
76883,0.00361018348485
76884,0.00277653289959
76885,0.118780881166
76887,0.0436700955033
76888,0.0579045638442
76891,0.0141994468868
76893,0.0100611848757
76894,0.00275767082348
76897,0.0382399298251
76904,0.0180273391306
76905,0.0232883319259
76907,0.00369313359261
76909,0.0276350900531
76910,0.00468019628897
76911,0.00396374613047
76912,0.0176587849855
76913,0.00222184509039
76915,0.0131008056924
76916,0.0226402767003
76917,0.108714789152
76920,0.0248239506036
76921,0.00613833079115
76922,0.183093830943
76923,0.00821729935706
76924,0.109832562506
76926,0.0140247493982
76929,0.00850738491863
76934,0.00180482014548
76935,0.00383780314587
76936,0.174898847938
76938,0.00543204694986
76939,0.0103395590559
76943,0.00372932618484
76945,0.00476624537259
76947,0.0145423766226
76950,0.00260825525038
76956,0.020875768736
76961,0.0277574304491
76966,0.00327953347005
76967,0.0117344493046
76968,0.0415582917631
76970,0.01478295587
76972,0.0144933126867
76973,0.00971564464271
76974,0.181669875979
76976,0.0282973386347
76977,0.0104390643537
76978,0.23091866076
76983,0.0259549468756
76984,0.00397192826495
76985,0.206774368882
76989,0.0921892598271
76990,0.00806574523449
76993,0.255695730448
76997,0.00471851043403
76999,0.0047732014209
77003,0.133853599429
77004,0.00264970166609
77005,0.190036609769
77008,0.0230212341994
77012,0.00343300052918
77014,0.0127695826814
77020,0.0155587596819
77021,0.00765447504818
77022,0.00263305730186
77023,0.00311304279603
77025,0.00843981094658
77026,0.00256856414489
77028,0.0183023437858
77030,0.0255923122168
77032,0.0232418216765
77034,0.00460049277171
77036,0.0330254100263
77037,0.00586121948436
77041,0.185778334737
77042,0.127088844776
77043,0.0265914965421
77044,0.00448083365336
77047,0.00923042185605
77048,0.0124290520325
77049,0.0107283536345
77050,0.188584566116
77051,0.010770490393
77053,0.0244138091803
77056,0.00379389151931
77058,0.0166578050703
77060,0.00866242963821
77064,0.0329687185585
77066,0.00765338074416
77067,0.0327765122056
77068,0.310469865799
77069,0.0229584667832
77072,0.0129410866648
77073,0.0302133020014
77074,0.00807316415012
77075,0.0360196307302
77077,0.209515318274
77078,0.0266876909882
77079,0.235649988055
77082,0.00636741612107
77088,0.0417363233864
77089,0.115998566151
77090,0.0628660693765
77094,0.0167760178447
77095,0.00261162640527
77097,0.0100628938526
77099,0.0157547798008
77100,0.00499477609992
77101,0.00650544418022
77102,0.00640838919207
77103,0.00948811508715
77105,0.0370597168803
77106,0.0030963185709
77110,0.00847322866321
77111,0.00312236743048
77115,0.0126861287281
77116,0.00293297949247
77118,0.00864215940237
77119,0.00492246635258
77122,0.0135069582611
77126,0.00607279175892
77128,0.0290861520916
77130,0.0107393208891
77131,0.0105599761009
77134,0.0129352351651
77135,0.0305697452277
77138,0.0140796424821
77139,0.237997487187
77140,0.00633852556348
77141,0.00261162640527
77142,0.0323005728424
77143,0.0189471803606
77144,0.0161728225648
77145,0.00850805640221
77148,0.0487768836319
77149,0.0236519332975
77150,0.0124012744054
77151,0.00284417252988
77158,0.369138777256
77160,0.00925426650792
77161,0.0059682582505
77164,0.0586774498224
77167,0.00227603316307
77169,0.0943878144026
77171,0.0788814350963
77173,0.038079790771
77174,0.00293429614976
77178,0.00355698657222
77179,0.0046434677206
77181,0.00135878403671
77182,0.0212745703757
77183,0.064321026206
77188,0.00467904610559
77193,0.264105051756
77195,0.0223340243101
77201,0.0139255914837
77202,0.0192853584886
77203,0.0292709190398
77207,0.014543374069
77208,0.0340044684708
77210,0.0801502615213
77212,0.115993179381
77213,0.0118548469618
77214,0.00508871302009
77217,0.00241497438401
77218,0.0554658770561
77219,0.026593644172
77221,0.00239743106067
77222,0.00963910855353
77226,0.011063198559
77228,0.00256402976811
77230,0.019913399592
77231,0.0164914224297
77232,0.00906623713672
77233,0.162858620286
77234,0.193948715925
77235,0.221850931644
77237,0.0237365812063
77238,0.00217687129043
77239,0.00275701261126
77242,0.0128612462431
77243,0.0113371023908
77244,0.0104882800952
77245,0.137696072459
77246,0.00796850584447
77248,0.0029477304779
77250,0.0467018447816
77251,0.00464631384239
77253,0.00268618483096
77255,0.0108730783686
77256,0.0106942476705
77257,0.00217352295294
77258,0.0207531992346
77260,0.20129391551
77263,0.0206367541105
77265,0.00284227449447
77267,0.00246699713171
77268,0.00206263666041
77269,0.15964448452
77270,0.164334267378
77272,0.0080528492108
77273,0.022114733234
77274,0.00433447863907
77275,0.00689005898312
77276,0.211498975754
77277,0.0557025149465
77278,0.0866279155016
77279,0.0248159021139
77280,0.0105018382892
77281,0.00938726309687
77282,0.019665369764
77283,0.011020604521
77284,0.00721988407895
77286,0.0294699221849
77287,0.0254055634141
77291,0.0507438592613
77294,0.0157423987985
77298,0.0247131325305
77299,0.0254055634141
77300,0.0196526665241
77302,0.0227456316352
77303,0.00507391430438
77304,0.00287239532918
77305,0.285256236792
77307,0.016380392015
77308,0.00227706623264
77310,0.00588365038857
77314,0.00615883525461
77316,0.0220985990018
77318,0.174025997519
77319,0.191278517246
77321,0.015422292985
77324,0.00769544998184
77328,0.0215592458844
77329,0.00269277952611
77330,0.0110909193754
77332,0.0148458275944
77333,0.118474237621
77340,0.0384176932275
77343,0.0210700985044
77345,0.0262646842748
77347,0.0152341444045
77348,0.148134544492
77350,0.165868967772
77352,0.196799427271
77354,0.005871436093
77355,0.0383423790336
77356,0.101457633078
77358,0.00971553381532
77359,0.0544298253953
77360,0.0575951933861
77363,0.0126761468127
77365,0.0284995548427
77367,0.00858780369163
77375,0.00226894393563
77376,0.0201524924487
77377,0.00390422460623
77379,0.00287239532918
77384,0.00206921622157
77385,0.00771976448596
77386,0.0405169948936
77387,0.0730450078845
77388,0.0047825477086
77389,0.00816759373993
77390,0.00199257791974
77393,0.0238996632397
77394,0.0199904870242
77398,0.00473085418344
77402,0.0196028240025
77403,0.0507587119937
77404,0.0136390607804
77405,0.00418582791463
77406,0.0196028240025
77407,0.0418829284608
77409,0.0124724507332
77411,0.183093830943
77412,0.00823514349759
77413,0.0764519274235
77415,0.040009137243
77422,0.0113772843033
77423,0.146041467786
77424,0.00806505046785
77428,0.123489268124
77429,0.0115802278742
77430,0.00639227498323
77431,0.00205552694388
77434,0.0526307448745
77435,0.0135528445244
77441,0.00344531121664
77442,0.149897843599
77443,0.19597569108
77445,0.0154992230237
77449,0.0196028240025
77452,0.0220291353762
77454,0.0196028240025
77455,0.0084955682978
77457,0.0311066452414
77458,0.276083469391
77460,0.157582253218
77462,0.00291959382594
77463,0.00243561784737
77466,0.0249825511128
77467,0.0689700916409
77470,0.0254084859043
77472,0.154731437564
77473,0.0207567848265
77476,0.0243488904089
77478,0.0801502615213
77480,0.00349487224594
77481,0.00417237961665
77482,0.00209844950587
77484,0.00903048086911
77487,0.0665947645903
77488,0.0173419825733
77491,0.00342349102721
77492,0.00317254266702
77494,0.0852971673012
77496,0.0366038791835
77497,0.0629791244864
77498,0.00521064829081
77499,0.00218785693869
77500,0.00547831552103
77501,0.0140471467748
77502,0.00348146329634
77504,0.0455505438149
77511,0.00308997114189
77512,0.112560652196
77515,0.0107575580478
77516,0.0111173829064
77518,0.00813170988113
77519,0.00951841194183
77524,0.00334610790014
77525,0.0283635556698
77527,0.016744248569
77528,0.0112200146541
77530,0.115504086018
77532,0.254804164171
77533,0.0107723651454
77534,0.0046154698357
77536,0.00622728886083
77539,0.0124012744054
77540,0.00206058821641
77542,0.0270850285888
77543,0.0482732541859
77545,0.0160031914711
77547,0.0468528345227
77548,0.0196028240025
77549,0.0509211830795
77550,0.0014034936903
77551,0.0148248989135
77552,0.0357180535793
77553,0.00380044826306
77555,0.0390664488077
77558,0.0272898152471
77559,0.0124012744054
77560,0.0030042945873
77561,0.00272046774626
77562,0.0947660803795
77563,0.0157591048628
77564,0.0199485570192
77566,0.00257980939932
77569,0.180243894458
77571,0.0395381450653
77572,0.042656712234
77576,0.0123854000121
77577,0.205377459526
77579,0.00949664227664
77582,0.0185771621764
77585,0.00582640524954
77586,0.0591475330293
77587,0.0185478311032
77589,0.0102985613048
77590,0.0163668449968
77594,0.0413110144436
77596,0.00823401845992
77597,0.195884630084
77598,0.00511523103341
77601,0.185527220368
77605,0.00755923008546
77606,0.00232315133326
77608,0.00351278157905
77610,0.0189956258982
77614,0.0028095880989
77616,0.0179942883551
77618,0.00240430864505
77620,0.0247216429561
77622,0.0834780335426
77625,0.00544415228069
77629,0.00395518541336
77630,0.0800204649568
77631,0.0583943501115
77637,0.00164844992105
77638,0.0108214700595
77641,0.173081427813
77642,0.016928518191
77645,0.022869894281
77648,0.0234852116555
77650,0.0250792764127
77653,0.00971564464271
77656,0.00385596603155
77660,0.0165273472667
77661,0.00999881885946
77663,0.380044221878
77667,0.0107678994536
77669,0.0320034362376
77670,0.0430141165853
77671,0.157189056277
77672,0.0155396414921
77675,0.00354019668885
77676,0.00223826733418
77678,0.00223070546053
77679,0.0266910921782
77680,0.00306796375662
77681,0.00768998684362
77682,0.0126641867682
77683,0.184669673443
77684,0.117825217545
77685,0.26539683342
77688,0.172961041331
77689,0.00233154394664
77690,0.00531150726601
77691,0.00289330375381
77693,0.00577935017645
77694,0.0434805192053
77695,0.0250995289534
77697,0.0566987358034
77698,0.0139406993985
77699,0.0182725302875
77701,0.13970567286
77702,0.00314260297455
77705,0.00421548821032
77709,0.0208372846246
77710,0.00265373592265
77711,0.023862387985
77713,0.0380957908928
77714,0.0268007349223
77719,0.0217595659196
77720,0.0147855607793
77721,0.0845420658588
77722,0.0807620212436
77724,0.00838538818061
77725,0.0377795249224
77726,0.209515318274
77728,0.00231862906367
77729,0.0255321282893
77730,0.0115594845265
77731,0.0322848595679
77735,0.00455291615799
77737,0.00545747019351
77738,0.0514235571027
77740,0.0387428887188
77742,0.00247710105032
77744,0.00391495926306
77745,0.00690255314112
77748,0.194602519274
77750,0.0118938600644
77754,0.00486566033214
77755,0.00635216291994
77756,0.0524946451187
77759,0.0575069375336
77763,0.00212449510582
77764,0.0354830659926
77766,0.00201283767819
77768,0.00350919808261
77769,0.0115383211523
77770,0.0147951291874
77772,0.0125295491889
77773,0.00319966417737
77775,0.00376281188801
77779,0.298036962748
77780,0.00751084787771
77781,0.0152706764638
77783,0.00332828448154
77786,0.00957432761788
77787,0.00372643023729
77789,0.0105782421306
77790,0.156160280108
77791,0.0383368171751
77794,0.00304712518118
77796,0.0167258884758
77800,0.0481820628047
77801,0.0318670943379
77802,0.00178562081419
77803,0.0190091598779
77804,0.0361116267741
77805,0.00277853384614
77807,0.181412518024
77808,0.0418877601624
77809,0.00772040011361
77814,0.0225229226053
77815,0.0316680558026
77816,0.0275690350682
77817,0.0196028240025
77818,0.0442785695195
77820,0.00716734072194
77821,0.00152374932077
77823,0.0615531280637
77825,0.220456436276
77826,0.00220082094893
77827,0.0186796039343
77828,0.00287323701195
77829,0.00126808474306
77830,0.0406763032079
77831,0.0377995930612
77833,0.00719171436504
77834,0.00149404245894
77836,0.0584737770259
77838,0.183093830943
77844,0.0437114536762
77847,0.040480196476
77848,0.0196526665241
77856,0.026037113741
77860,0.0621459595859
77861,0.126727163792
77862,0.00649378960952
77864,0.0376760028303
77866,0.108746767044
77868,0.00147785781883
77869,0.0163977798074
77870,0.0118636200204
77871,0.00420735729858
77877,0.00676509086043
77878,0.218039780855
77879,0.00257078232244
77880,0.00830067228526
77881,0.00220988551155
77882,0.0303488057107
77883,0.0428200475872
77886,0.165017262101
77889,0.0140172820538
77890,0.0238293819129
77893,0.0547244250774
77896,0.0108723649755
77897,0.0212668068707
77898,0.00503060920164
77900,0.0314861536026
77905,0.0051738829352
77906,0.0224129613489
77912,0.0023049255833
77913,0.00971564464271
77914,0.0409752503037
77915,0.0493563488126
77916,0.00132676633075
77918,0.017168065533
77920,0.0539871007204
77924,0.0196028240025
77925,0.208764821291
77926,0.00641443673521
77928,0.0224268622696
77930,0.00534333940595
77933,0.00478264736012
77934,0.0856637582183
77936,0.0104607809335
77938,0.0252582766116
77940,0.0205983221531
77942,0.177264764905
77944,0.00233500497416
77945,0.0473359301686
77947,0.0126036638394
77948,0.00771426269785
77949,0.235866174102
77950,0.0448641143739
77953,0.0184626933187
77955,0.109832562506
77957,0.0132858660072
77960,0.105543367565
77962,0.0829184800386
77964,0.0182089097798
77968,0.0185011196882
77969,0.0223907828331
77970,0.00191364914645
77971,0.00449984055012
77972,0.0102849034593
77973,0.002868125448
77974,0.113667935133
77975,0.00541822286323
77977,0.0338852927089
77978,0.00316264457069
77980,0.121112495661
77982,0.00435091322288
77984,0.00127532857005
77985,0.100225612521
77986,0.002296223538
77987,0.0145262926817
77988,0.0157547798008
77989,0.004231905099
77992,0.0154300779104
77994,0.0064419223927
77996,0.00197689887136
77998,0.00377746741287
78001,0.180243894458
78003,0.00578181399032
78005,0.0533006973565
78007,0.0779342129827
78008,0.0262512303889
78010,0.0107283536345
78012,0.023077275604
78014,0.00449075875804
78018,0.0141994468868
78019,0.00159403751604
78020,0.0262901335955
78021,0.00422502448782
78022,0.0222656950355
78023,0.00266106589697
78029,0.0342928171158
78031,0.237550184131
78032,0.0255814511329
78034,0.00967730209231
78041,0.0182232707739
78043,0.00441743247211
78045,0.0214759465307
78046,0.00270143058151
78047,0.00457911472768
78049,0.102389194071
78050,0.0282713826746
78051,0.0474931709468
78052,0.219848498702
78055,0.00521363504231
78056,0.0185478311032
78057,0.0176009666175
78061,0.0486808121204
78062,0.0358405262232
78063,0.00376759469509
78065,0.0045949453488
78066,0.00956962630153
78068,0.00812691450119
78069,0.0190804582089
78070,0.105841577053
78071,0.0218698997051
78074,0.026945034042
78075,0.202615410089
78076,0.00272923754528
78077,0.00970671605319
78078,0.00309417210519
78080,0.0158643722534
78083,0.0396199375391
78084,0.0614868588746
78086,0.0603739395738
78091,0.00427929963917
78093,0.0137592768297
78094,0.0203013848513
78095,0.0367218628526
78105,0.0325657352805
78107,0.00936690997332
78109,0.00534161925316
78112,0.0774342566729
78115,0.00241834134795
78116,0.0132044795901
78117,0.00693440064788
78118,0.0349129959941
78121,0.093768954277
78125,0.0255321282893
78126,0.0279775112867
78128,0.0424066372216
78131,0.00856168940663
78132,0.00359951332211
78135,0.0212948042899
78137,0.0996076390147
78139,0.00239237723872
78140,0.0152220865712
78142,0.00424070702866
78145,0.0128961391747
78146,0.158467903733
78151,0.0135845076293
78152,0.221299260855
78153,0.0209865774959
78156,0.0172127280384
78159,0.0266483202577
78162,0.203772425652
78166,0.0208539720625
78168,0.00309680891223
78170,0.0204139258713
78172,0.00453624129295
78173,0.0205005295575
78174,0.00964241381735
78180,0.0154300779104
78181,0.067213177681
78183,0.0591406337917
78184,0.158467903733
78185,0.00435156794265
78188,0.0183236151934
78189,0.00981951598078
78190,0.0153378006071
78191,0.0145423766226
78192,0.00196891184896
78193,0.0641561150551
78194,0.00726660853252
78195,0.0147531582043
78197,0.0196028240025
78199,0.0168823227286
78200,0.0236445069313
78201,0.0252729672939
78202,0.00282676704228
78205,0.0399328619242
78206,0.00829911418259
78208,0.00310057681054
78212,0.0259287580848
78215,0.209962785244
78220,0.0136169791222
78221,0.037776350975
78224,0.00828830897808
78225,0.0279196035117
78227,0.00279565784149
78229,0.0587000474334
78230,0.032682299614
78234,0.0153328394517
78235,0.00238768290728
78236,0.0774723216891
78239,0.0202250797302
78240,0.0305389035493
78244,0.0134021323174
78246,0.183093830943
78249,0.0545513257384
78250,0.0141994468868
78251,0.0170612316579
78252,0.0283777248114
78253,0.0600520968437
78254,0.00683993473649
78255,0.17871569097
78256,0.00527688674629
78258,0.0730569884181
78260,0.154348865151
78261,0.00131933682133
78262,0.021424645558
78264,0.0111362393945
78268,0.0124012744054
78271,0.0318670943379
78275,0.005618408788
78276,0.00261312490329
78278,0.218183279037
78279,0.0477023422718
78281,0.0684807375073
78282,0.0603967644274
78283,0.0317922234535
78284,0.0228424780071
78286,0.0320237278938
78287,0.0135528445244
78290,0.0206150375307
78292,0.220385372639
78293,0.0176552440971
78294,0.0255754254758
78295,0.0233860518783
78296,0.00607670750469
78303,0.00239424337633
78304,0.0389644987881
78305,0.0953324586153
78306,0.00239635468461
78308,0.0172696653754
78314,0.0101588778198
78316,0.003540760139
78318,0.00227650511079
78319,0.0204634927213
78322,0.00766966259107
78324,0.0204567983747
78329,0.0161260012537
78330,0.00352226826362
78331,0.00245127966627
78332,0.0196526665241
78333,0.00984644796699
78336,0.0777301341295
78339,0.0111957117915
78340,0.00142198044341
78341,0.0308156516403
78343,0.00911526475102
78347,0.0362358242273
78350,0.158044606447
78351,0.0234931185842
78355,0.0111206537113
78356,0.0167743042111
78362,0.0110217956826
78364,0.0525252111256
78367,0.0515632852912
78368,0.0209964103997
78372,0.00983039475977
78374,0.00229809014127
78376,0.00156607071403
78378,0.0958020612597
78379,0.0187734998763
78381,0.157424986362
78383,0.00420300802216
78384,0.28875464201
78387,0.0417541228235
78389,0.0141559401527
78391,0.0145506411791
78393,0.0932820886374
78397,0.0768530070782
78400,0.0092581929639
78401,0.0185502395034
78402,0.0514219999313
78403,0.00468602403998
78404,0.0153615111485
78405,0.00470175407827
78415,0.0328673236072
78417,0.0965855196118
78420,0.00242547597736
78424,0.0430998764932
78425,0.00462062098086
78426,0.186506569386
78427,0.110455155373
78430,0.00371784577146
78431,0.00239227479324
78432,0.00850847084075
78435,0.0154300779104
78436,0.0185137912631
78437,0.00666054012254
78438,0.0321948677301
78440,0.0220946911722
78443,0.0695066899061
78445,0.00948811508715
78448,0.0156638622284
78450,0.00353043689393
78455,0.150348827243
78459,0.0144814057276
78461,0.0845461934805
78462,0.073026701808
78463,0.0142032718286
78464,0.0304714608938
78466,0.0032397643663
78469,0.0194348674268
78474,0.107500091195
78475,0.00811073370278
78476,0.0263338629156
78477,0.0185478311032
78479,0.13647159934
78482,0.00257232226431
78485,0.0176009666175
78486,0.00890226196498
78487,0.110475882888
78491,0.0106508471072
78492,0.157418474555
78493,0.0712141096592
78496,0.017919594422
78498,0.0206197593361
78501,0.00347069231793
78503,0.00816777907312
78505,0.00221558613703
78507,0.114814974368
78508,0.00412735017017
78509,0.00486514018849
78510,0.0272757876664
78512,0.00190354476217
78513,0.00689842598513
78514,0.00701819220558
78515,0.0086936140433
78516,0.0186631735414
78517,0.00172539346386
78518,0.00384634756483
78519,0.00373004749417
78520,0.00190078443848
78521,0.212123483419
78523,0.0277617536485
78524,0.106474101543
78526,0.00315008219332
78527,0.00256309844553
78529,0.0100633027032
78530,0.209128797054
78533,0.0419098772109
78536,0.00760741066188
78538,0.012951342389
78539,0.00345274573192
78540,0.0516635589302
78541,0.00250391103327
78542,0.00300170620903
78544,0.0142160365358
78546,0.0531834624708
78547,0.00203044875525
78548,0.102683693171
78549,0.161717802286
78552,0.00143579393625
78554,0.111623719335
78555,0.017206357792
78556,0.00286772591062
78557,0.00958849024028
78558,0.0112275918946
78559,0.112734906375
78560,0.0048729935661
78561,0.0296434499323
78562,0.00629750965163
78563,0.0186249259859
78564,0.164980039001
78565,0.0139973536134
78566,0.0149040874094
78568,0.00783918239176
78569,0.0359549745917
78571,0.0385626293719
78572,0.0159904547036
78573,0.0108304116875
78575,0.00422531506047
78577,0.0182972382754
78579,0.00524716777727
78581,0.0322430245578
78582,0.0290038734674
78584,0.00502666318789
78587,0.0129050603136
78588,0.138706207275
78595,0.00208747363649
78596,0.154529348016
78598,0.016080096364
78600,0.0336310602725
78605,0.183093830943
78606,0.00785774737597
78610,0.017168533057
78614,0.00221277563833
78619,0.0127007877454
78620,0.00917821377516
78621,0.0303653813899
78622,0.253528177738
78623,0.035666231066
78626,0.0476716123521
78627,0.00684254616499
78629,0.0275790728629
78631,0.00448651658371
78632,0.0155342239887
78633,0.00399623345584
78634,0.033903889358
78635,0.0113251581788
78639,0.0151147413999
78643,0.0206378959119
78644,0.0120431082323
78645,0.0110886655748
78646,0.00296868314035
78650,0.00825083814561
78651,0.0170922614634
78652,0.284591436386
78654,0.0104599166662
78656,0.116667889059
78658,0.214523613453
78660,0.00974336173385
78662,0.0262552723289
78663,0.00577674806118
78665,0.0784417018294
78666,0.00741463154554
78667,0.0598024018109
78668,0.00154431827832
78669,0.0185478311032
78671,0.0207990612835
78672,0.00792849902064
78675,0.301620095968
78676,0.00243156845681
78678,0.0188297517598
78679,0.0153328394517
78682,0.00118399516214
78683,0.00849848054349
78686,0.217169135809
78687,0.00263586384244
78690,0.0168709214777
78691,0.0154300779104
78694,0.0125980451703
78695,0.0263137761503
78697,0.0454795919359
78698,0.0384312085807
78699,0.00394220557064
78700,0.00245290785097
78703,0.0127767557278
78705,0.0217536352575
78706,0.0197454188019
78708,0.0163314007223
78709,0.00905235484242
78712,0.00900940876454
78715,0.0119888661429
78717,0.291020065546
78718,0.00831565260887
78720,0.00412804773077
78722,0.0322211235762
78727,0.0043304101564
78729,0.0254087392241
78731,0.0042637558654
78732,0.0408359728754
78734,0.0569930933416
78736,0.00722033530474
78737,0.0128581179306
78738,0.00956617854536
78739,0.00200804346241
78741,0.177686169744
78743,0.00910255126655
78744,0.209128797054
78745,0.0115128913894
78750,0.0227742828429
78751,0.0146382395178
78755,0.0229448713362
78756,0.0231245886534
78757,0.0417542532086
78759,0.256774008274
78760,0.0146715315059
78762,0.00246160989627
78765,0.00338091398589
78767,0.0198759436607
78770,0.0196028240025
78772,0.00301468162797
78775,0.0152924535796
78777,0.0142177669331
78780,0.0158552471548
78781,0.0591645538807
78783,0.126889571548
78784,0.00993280671537
78793,0.214706584811
78795,0.00504182511941
78796,0.0242170002311
78797,0.00844610668719
78802,0.00854066759348
78806,0.0830246731639
78807,0.0481839850545
78808,0.0337740369141
78811,0.0288599506021
78813,0.0202147793025
78815,0.108864739537
78819,0.0154266674072
78820,0.107710815966
78822,0.00245550530963
78825,0.00400094874203
78826,0.0012475050753
78827,0.0220188554376
78830,0.0681526511908
78831,0.0216090753675
78832,0.0126522555947
78835,0.0109212500975
78836,0.0271336361766
78839,0.0220985990018
78840,0.0433981642127
78841,0.0280424878001
78844,0.0941908583045
78846,0.00237476266921
78847,0.0111862719059
78848,0.00433511473238
78849,0.0590558983386
78854,0.152537479997
78857,0.0111362393945
78860,0.0167877487838
78863,0.00268346280791
78866,0.0173210632056
78867,0.00248282472603
78868,0.0767901390791
78869,0.00661891885102
78872,0.00443125050515
78874,0.0413879454136
78877,0.00296070962213
78878,0.00313840806484
78879,0.0103115644306
78881,0.00307635543868
78884,0.0123415682465
78885,0.0628015995026
78886,0.00509012583643
78890,0.00541495764628
78892,0.0437284223735
78893,0.0654827281833
78896,0.0813362151384
78897,0.0159636903554
78898,0.158801883459
78899,0.0251974221319
78900,0.0792619511485
78901,0.0382328182459
78903,0.313277542591
78907,0.0372371450067
78910,0.00204844865948
78911,0.0375301279128
78913,0.0367468595505
78915,0.0209038667381
78920,0.0105090355501
78923,0.0196231324226
78924,0.0377086922526
78925,0.0212433114648
78927,0.01251398772
78928,0.0326668135822
78931,0.00554431136698
78937,0.0423754788935
78943,0.0102471029386
78945,0.00175368180498
78947,0.056902885437
78948,0.0255220402032
78951,0.0138642089441
78960,0.0152190783992
78961,0.178046107292
78963,0.00325119448826
78971,0.173892527819
78974,0.00564261199906
78975,0.0288427975029
78976,0.00280300667509
78978,0.00492598023266
78982,0.0162257887423
78984,0.00613351259381
78985,0.00681982887909
78986,0.0023963204585
78987,0.0055943611078
78988,0.0162761695683
78989,0.00203487998806
78991,0.0165414046496
78993,0.0252494253218
78994,0.0201185066253
78996,0.0318484790623
78997,0.00459819845855
78998,0.0434442795813
79000,0.0234581902623
79002,0.295899868011
79006,0.0417644418776
79007,0.00262128026225
79008,0.00626511219889
79010,0.00326066859998
79012,0.00634931912646
79013,0.110841430724
79014,0.0144243314862
79020,0.0483003631234
79021,0.00428559444845
79023,0.00123879848979
79026,0.00170191691723
79027,0.0196028240025
79028,0.00261162640527
79032,0.0719264149666
79033,0.0018428688636
79034,0.00286772591062
79038,0.0145750977099
79039,0.0231504626572
79042,0.219102889299
79044,0.00270451698452
79045,0.0580864287913
79049,0.0240653660148
79050,0.017852993682
79051,0.0110358586535
79054,0.0481839850545
79056,0.00940474588424
79057,0.0303347054869
79058,0.00272753415629
79059,0.0564606264234
79061,0.00530120078474
79062,0.0026438459754
79063,0.0539811700583
79065,0.00957066565752
79066,0.0299492180347
79067,0.164333090186
79068,0.00185693439562
79069,0.00445084040985
79070,0.00263173924759
79072,0.00948811508715
79073,0.0141994468868
79075,0.00356129044667
79081,0.104779116809
79082,0.125828877091
79084,0.00854767207056
79092,0.0890569835901
79094,0.0181242153049
79097,0.0330152176321
79098,0.0200172569603
79099,0.0270970407873
79100,0.00147582567297
79101,0.0999095514417
79102,0.0105036562309
79107,0.0194659102708
79108,0.229911342263
79109,0.0111217452213
79110,0.00116271944717
79114,0.0376376323402
79116,0.025153843686
79120,0.00150835327804
79127,0.199072435498
79130,0.0084336521104
79132,0.00519355433062
79134,0.029766401276
79136,0.106341347098
79137,0.00416477257386
79138,0.00257070781663
79140,0.00781496427953
79146,0.0103174261749
79147,0.00213478133082
79148,0.00427479762584
79149,0.0248656570911
79150,0.00392064964399
79151,0.242559790611
79154,0.211272507906
79156,0.00938410218805
79157,0.00871549919248
79158,0.00243370467797
79159,0.00893661659211
79161,0.00971553381532
79163,0.0606492049992
79166,0.148503661156
79167,0.0482183843851
79168,0.278022110462
79169,0.00417467253283
79171,0.0765661746264
79172,0.0184213519096
79176,0.00948811508715
79180,0.0264973249286
79181,0.00718696322292
79183,0.0319778248668
79186,0.174728617072
79190,0.00420004734769
79191,0.00814451090991
79194,0.0130964778364
79197,0.248327970505
79198,0.284388631582
79199,0.0414670035243
79200,0.0133934104815
79202,0.054290600121
79204,0.0173261854798
79207,0.0238064844161
79211,0.00739506445825
79213,0.0117108495906
79214,0.0582742802799
79215,0.00200495473109
79216,0.140629857779
79217,0.234441190958
79220,0.0188697483391
79226,0.0281290058047
79227,0.0174293331802
79230,0.0512112528086
79237,0.0407153517008
79238,0.0154300779104
79240,0.0043972749263
79241,0.0347275361419
79242,0.0574076063931
79244,0.010465589352
79247,0.0919131189585
79248,0.0193225834519
79249,0.109832562506
79250,0.00307777989656
79251,0.00522232474759
79252,0.0216816347092
79253,0.0132710952312
79255,0.0426771938801
79256,0.00918042100966
79259,0.0026388715487
79264,0.00322395050898
79269,0.0106978239492
79270,0.0225499868393
79271,0.00890050362796
79272,0.121257007122
79281,0.0024559374433
79282,0.0211657658219
79285,0.0257155168802
79295,0.0155925014988
79296,0.00274009490386
79297,0.0247249938548
79298,0.00162055506371
79305,0.00878984946758
79306,0.0613354854286
79311,0.00852385535836
79316,0.0218144338578
79319,0.00198883959092
79320,0.0075209569186
79323,0.0801438316703
79324,0.024225525558
79326,0.00389223196544
79329,0.00714218057692
79331,0.165943160653
79334,0.0495470725
79335,0.002529629739
79339,0.222322762012
79347,0.0320703648031
79350,0.00334456888959
79351,0.0014633879764
79353,0.136737957597
79354,0.00870721787214
79355,0.00574832223356
79356,0.0026695698034
79357,0.167927995324
79358,0.0482641234994
79360,0.0682611465454
79362,0.00576769001782
79364,0.0137170674279
79366,0.0166194904596
79367,0.00963910855353
79372,0.0136779118329
79373,0.00202005007304
79374,0.0293554998934
79375,0.0146129848436
79376,0.0117655443028
79378,0.00344621017575
79379,0.00251494930126
79380,0.0174791831523
79381,0.00394115177915
79383,0.0238859057426
79384,0.00471684010699
79385,0.00403792597353
79387,0.0014625681797
79388,0.0399656444788
79389,0.00755061767995
79390,0.0185832493007
79392,0.0196028240025
79394,0.0317237153649
79395,0.0408402793109
79396,0.00340064032935
79399,0.0164873171598
79400,0.0552093684673
79402,0.00605871947482
79403,0.0108776940033
79405,0.0110468147323
79408,0.00239237723872
79409,0.031025711447
79411,0.0177754107863
79413,0.017546409741
79414,0.00142670830246
79415,0.0306257400662
79416,0.0315709337592
79417,0.00207095872611
79418,0.036140434444
79419,0.121248647571
79421,0.00935357064009
79424,0.158467903733
79425,0.00271986355074
79427,0.00712282769382
79433,0.136737376451
79437,0.0192853584886
79438,0.00363113777712
79445,0.0115665914491
79448,0.00403394317254
79449,0.0298339333385
79450,0.0392146296799
79453,0.0296799968928
79456,0.0172164719552
79457,0.00747512374073
79458,0.189952686429
79459,0.0557480305433
79461,0.112794861197
79463,0.0279518812895
79464,0.00943550094962
79465,0.0212910920382
79466,0.14487709105
79469,0.092804633081
79470,0.00495116552338
79471,0.0179817806929
79473,0.00286235031672
79474,0.00226401840337
79476,0.0331148430705
79477,0.00734136998653
79478,0.024175575003
79479,0.0638164952397
79482,0.0450429059565
79484,0.0203567817807
79485,0.00643334584311
79491,0.109017841518
79495,0.0236390195787
79496,0.00948190130293
79497,0.0199931710958
79498,0.0425864011049
79505,0.0449613109231
79507,0.0327610783279
79508,0.00222924654372
79509,0.0031939886976
79518,0.0302386637777
79519,0.00287101906724
79520,0.0176373980939
79522,0.0159947611392
79525,0.0352349877357
79527,0.0285924915224
79528,0.00283468817361
79529,0.031604424119
79530,0.00364723964594
79531,0.0288427975029
79532,0.00114799302537
79533,0.0156677812338
79534,0.0300043616444
79537,0.00659484928474
79538,0.00292081269436
79539,0.00590215390548
79540,0.0453622750938
79541,0.00831376947463
79542,0.00229559000582
79543,0.00212594517507
79544,0.0116654839367
79545,0.0037761668209
79549,0.00525262113661
79553,0.129806265235
79554,0.00462803523988
79556,0.00841768085957
79557,0.00261162640527
79558,0.032867051661
79567,0.00695068342611
79570,0.182196259499
79571,0.0561063177884
79572,0.0124566145241
79573,0.0034767780453
79574,0.016269216314
79579,0.00235385890119
79586,0.0565427318215
79588,0.00284028705209
79589,0.00987942609936
79593,0.00229559000582
79603,0.180504560471
79605,0.00149297225289
79614,0.00623761955649
79615,0.0354245528579
79617,0.190879195929
79620,0.0290092602372
79621,0.0558840297163
79624,0.152603775263
79625,0.00181448366493
79626,0.0307153761387
79630,0.0409495122731
79633,0.0027236728929
79634,0.0858915448189
79637,0.0145302116871
79638,0.0148458275944
79645,0.00630760658532
79647,0.0306360274553
79648,0.0959377735853
79649,0.128259539604
79650,0.0254783574492
79651,0.0502102598548
79653,0.0291814599186
79656,0.0471735782921
79659,0.0526188574731
79660,0.0395218171179
79662,0.021603602916
79664,0.00543301273137
79666,0.0151164373383
79667,0.00901368819177
79669,0.0820700526237
79671,0.00599432643503
79672,0.235649988055
79673,0.0793177708983
79674,0.0158620346338
79676,0.00817608088255
79677,0.0303488057107
79678,0.00481925252825
79681,0.0155567945912
79682,0.015014141798
79684,0.00719042029232
79687,0.0135629661381
79689,0.035012666136
79695,0.231697008014
79696,0.00944012869149
79701,0.0417516306043
79704,0.0224775206298
79705,0.0534924343228
79707,0.0196028240025
79709,0.0616916827857
79710,0.0601890534163
79711,0.0169789977372
79714,0.0088824480772
79716,0.159745484591
79718,0.0193280950189
79722,0.208178162575
79725,0.0282430835068
79728,0.0248886514455
79729,0.0301929730922
79730,0.299809426069
79731,0.00769197707996
79732,0.0032577405218
79733,0.067085005343
79735,0.0853999853134
79736,0.0225145034492
79737,0.136578381062
79738,0.0858915448189
79739,0.0197598859668
79740,0.013695769012
79748,0.0122281024233
79750,0.00204417179339
79752,0.00237523275428
79756,0.002953969175
79757,0.0120108472183
79759,0.00140403048135
79762,0.243343189359
79763,0.0196028240025
79765,0.174191847444
79766,0.0509075559676
79768,0.0196028240025
79769,0.00301622692496
79776,0.0313998349011
79777,0.0922975987196
79778,0.0144739411771
79779,0.0196028240025
79782,0.0214739087969
79784,0.00186964438763
79786,0.0028073657304
79787,0.0157547798008
79789,0.00235003000125
79791,0.00327059230767
79792,0.0141994468868
79793,0.127818003297
79795,0.00786594487727
79797,0.202564626932
79798,0.0277048517019
79799,0.0741525515914
79800,0.0581569112837
79803,0.00593789666891
79804,0.00233159703203
79805,0.0130419861525
79808,0.0349916219711
79809,0.0164028014988
79816,0.0696922019124
79817,0.0234287753701
79819,0.00306026102044
79822,0.0125662852079
79824,0.00989148113877
79830,0.0820700526237
79833,0.131897389889
79834,0.0387181341648
79837,0.00174043676816
79838,0.0844360738993
79839,0.00263173924759
79840,0.0141994468868
79841,0.0175364334136
79842,0.0196028240025
79843,0.0620528422296
79844,0.0198118686676
79846,0.00499659171328
79847,0.018191492185
79849,0.0520390234888
79850,0.00265746167861
79851,0.0179020725191
79852,0.0023577734828
79853,0.0127835189924
79855,0.0079300487414
79857,0.0122599350289
79862,0.0196028240025
79864,0.009695767425
79868,0.0141994468868
79871,0.00333850434981
79873,0.03033426404
79875,0.0104721393436
79876,0.0117636322975
79877,0.0259536299855
79880,0.0290657244623
79881,0.0114810531959
79883,0.0105369091034
79884,0.162858620286
79886,0.0107399895787
79889,0.0155391311273
79890,0.0261722207069
79892,0.0077046463266
79894,0.00187119969632
79896,0.0262560024858
79897,0.0147986188531
79898,0.0359053499997
79899,0.0041870130226
79900,0.0215409100056
79904,0.00536374887452
79906,0.0137656638399
79907,0.00981003046036
79909,0.00708135170862
79922,0.0196028240025
79924,0.00292141572572
79925,0.00227615656331
79927,0.00376032828353
79929,0.0106117911637
79932,0.239225506783
79938,0.0353498645127
79940,0.00526245962828
79941,0.00134769268334
79942,0.0292772259563
79943,0.00473378272727
79947,0.00142401992343
79951,0.117914736271
79952,0.0292178317904
79953,0.00328705459833
79959,0.00360565492883
79960,0.0159677881747
79961,0.00232691201381
79962,0.0455756261945
79963,0.00185131747276
79964,0.0163693856448
79967,0.00187189341523
79968,0.00597206410021
79969,0.0112224966288
79970,0.164333090186
79971,0.102683693171
79972,0.0491284243762
79973,0.0147740347311
79974,0.0232644788921
79977,0.00517253577709
79978,0.102325074375
79979,0.0318670943379
79982,0.0530299060047
79983,0.0077207214199
79984,0.00209001498297
79985,0.0025763346348
79986,0.00256989616901
79987,0.157007664442
79989,0.00523020327091
79991,0.0789134949446
79993,0.00268246629275
79994,0.00706773297861
79997,0.0626361593604
79998,0.042249366641
80001,0.187552213669
80005,0.0719718486071
80007,0.0767149031162
80008,0.0227398891002
80010,0.0103373192251
80011,0.00609136372805
80016,0.0238276366144
80017,0.0479842573404
80019,0.00243599899113
80021,0.063972003758
80022,0.208290830255
80023,0.0218794196844
80024,0.014165898785
80026,0.00303222262301
80027,0.0353179946542
80030,0.00834731943905
80031,0.0225591789931
80033,0.0111689744517
80035,0.0159948132932
80036,0.0629762932658
80037,0.0439735352993
80038,0.00138398772106
80039,0.0171667858958
80043,0.00498935207725
80044,0.00649662641808
80047,0.0232335533947
80048,0.00191264564637
80050,0.077967658639
80051,0.182251125574
80057,0.00249915150926
80059,0.00814196933061
80061,0.00895451940596
80063,0.00310670095496
80065,0.0129406843334
80066,0.0058973133564
80067,0.0146715315059
80070,0.049406748265
80072,0.01572079584
80074,0.0255817659199
80078,0.0136184208095
80081,0.0181318707764
80082,0.0416584908962
80083,0.0619164630771
80085,0.0203479398042
80086,0.00216450635344
80087,0.0195860061795
80093,0.0256053581834
80096,0.0116489091888
80101,0.017410274595
80103,0.0377969034016
80105,0.00296120508574
80107,0.00280171935447
80108,0.0146571379155
80112,0.089077450335
80113,0.0192836690694
80115,0.0303287357092
80118,0.0207528937608
80123,0.031025711447
80125,0.00308049377054
80129,0.0398989915848
80134,0.0420194864273
80136,0.056078184396
80137,0.0176089089364
80139,0.0334386974573
80140,0.00907640904188
80143,0.0024968739599
80146,0.00651188148186
80153,0.0424241274595
80155,0.00663274107501
80157,0.0721560046077
80158,0.00252902228385
80161,0.0152917793021
80163,0.00393477175385
80165,0.0734195560217
80169,0.0313108824193
80173,0.004521348048
80175,0.0303543750197
80176,0.00295551167801
80177,0.0051129530184
80178,0.0196526665241
80179,0.00250742211938
80180,0.0108763296157
80181,0.00948811508715
80184,0.00559243001044
80187,0.00867865234613
80189,0.00397471012548
80190,0.198876202106
80196,0.0584712736309
80199,0.107881367207
80200,0.00189124012832
80202,0.172557100654
80203,0.00539090950042
80204,0.00227615656331
80205,0.0945821255445
80206,0.0163897592574
80207,0.00125301035587
80208,0.00721944356337
80210,0.00390027998947
80211,0.00489393947646
80212,0.078452154994
80213,0.0229054912925
80215,0.0131771760061
80217,0.0492763929069
80219,0.0038351607509
80220,0.0528518408537
80221,0.0278711151332
80223,0.00973747950047
80225,0.0374477095902
80227,0.0324809066951
80231,0.017106231302
80233,0.0144228190184
80234,0.0333950556815
80238,0.0209182966501
80240,0.210475981236
80241,0.00729292538017
80245,0.0903938412666
80248,0.00922581367195
80249,0.0103056300431
80250,0.00150226335973
80254,0.0409477725625
80255,0.00291473115794
80256,0.0389856174588
80260,0.0108449030668
80261,0.0691860839725
80264,0.00836590770632
80267,0.00829945225269
80268,0.180871874094
80269,0.178169861436
80271,0.0339562669396
80277,0.14797347784
80280,0.00260621285997
80281,0.0797455087304
80282,0.0076710996218
80284,0.0577005967498
80285,0.0213539861143
80286,0.0393605902791
80287,0.028611915186
80291,0.0218263175339
80292,0.0020304324571
80295,0.0085766017437
80296,0.0278884731233
80297,0.00176273274701
80299,0.00858846865594
80306,0.0105113312602
80307,0.0597800202668
80308,0.00241497438401
80310,0.0170158147812
80312,0.0107871266082
80314,0.157189056277
80316,0.00736872386187
80317,0.049052733928
80318,0.219568014145
80321,0.00248815421946
80323,0.0893983766437
80324,0.0214079879224
80325,0.00565452175215
80326,0.234441190958
80329,0.0386128611863
80330,0.00136434310116
80332,0.0111362393945
80333,0.102325074375
80334,0.116517595947
80337,0.0109144486487
80338,0.0071340398863
80341,0.074038952589
80344,0.00186219252646
80347,0.208542972803
80351,0.0212910920382
80352,0.00251661846414
80353,0.0495324991643
80361,0.0017625708133
80362,0.00257106870413
80364,0.0198769457638
80365,0.0655542761087
80367,0.00832650437951
80372,0.00528099574149
80373,0.358276933432
80374,0.0269347541034
80375,0.0784884393215
80377,0.00980188138783
80381,0.0746296867728
80382,0.0811887606978
80384,0.00944838486612
80387,0.078833848238
80390,0.00444593699649
80391,0.0166160464287
80393,0.00782568659633
80394,0.0140401087701
80395,0.0902355983853
80404,0.0259396657348
80406,0.0026571303606
80407,0.0683966353536
80410,0.0475568771362
80411,0.00697642657906
80412,0.0203954409808
80413,0.0700636282563
80415,0.00257412996143
80416,0.0165655314922
80419,0.0133043751121
80422,0.164645135403
80425,0.0192293580621
80426,0.0736086592078
80429,0.00772478850558
80430,0.00541542284191
80431,0.0135773140937
80433,0.00236805505119
80434,0.0145083852112
80435,0.00920141115785
80436,0.0149677544832
80437,0.107542231679
80439,0.00149991060607
80442,0.00365853239782
80445,0.0804841220379
80447,0.00307794543914
80449,0.0171503573656
80452,0.00407295674086
80453,0.0147957121953
80454,0.0016499197809
80455,0.00280323741026
80457,0.00344411982223
80458,0.0220985990018
80459,0.0071934540756
80462,0.00428283028305
80463,0.00328316073865
80464,0.00184539065231
80467,0.00112585083116
80468,0.0141994468868
80469,0.0786674320698
80470,0.207669779658
80471,0.0153870359063
80472,0.0121432906017
80474,0.0362048707902
80475,0.0187023784965
80477,0.156180977821
80482,0.03855586797
80483,0.0139532769099
80484,0.0320855826139
80485,0.0974575504661
80486,0.0540412291884
80491,0.0274400059134
80492,0.0363074280322
80497,0.0110781602561
80499,0.0345368236303
80504,0.0882830917835
80505,0.0115089137107
80506,0.0333591289818
80508,0.0068013058044
80514,0.0164108201861
80517,0.00256594759412
80520,0.0372371450067
80523,0.00159093958791
80524,0.10275324434
80526,0.0125196706504
80529,0.00418891385198
80532,0.00339752598666
80534,0.0703142285347
80536,0.19917614758
80538,0.00166639103554
80540,0.109832562506
80542,0.15190385282
80543,0.035175960511
80546,0.00265928334557
80554,0.0319230258465
80555,0.0843808352947
80556,0.00863155629486
80557,0.00462613534182
80558,0.0151181844994
80560,0.159745484591
80562,0.018771244213
80563,0.02312541008
80564,0.0303488057107
80565,0.00287815113552
80568,0.0211834665388
80569,0.0042782695964
80572,0.010770490393
80574,0.00196891184896
80576,0.00225178850815
80578,0.00576322665438
80579,0.00841940008104
80582,0.00664854375646
80583,0.0141994468868
80584,0.0177038963884
80585,0.00473836762831
80588,0.00251096184365
80592,0.012294803746
80594,0.234668046236
80596,0.00258181034587
80599,0.00273815402761
80600,0.184914156795
80602,0.0398180261254
80603,0.0173419825733
80605,0.0224762484431
80609,0.00651209196076
80610,0.00936125777662
80613,0.208220049739
80616,0.0353671647608
80617,0.00649662641808
80618,0.0326774269342
80619,0.00890006683767
80620,0.00773853994906
80621,0.176368325949
80622,0.0153328394517
80623,0.146949082613
80624,0.0399566367269
80626,0.0123447487131
80627,0.0159451626241
80628,0.0278328284621
80630,0.19710111618
80631,0.00317851081491
80632,0.0194284450263
80633,0.0163693856448
80635,0.0185478311032
80637,0.00732647813857
80638,0.0203336644918
80641,0.067933999002
80642,0.00544399768114
80643,0.00723456498235
80653,0.00432270299643
80656,0.00685068452731
80659,0.0143714779988
80661,0.00374725391157
80663,0.0106469541788
80665,0.00249714939855
80667,0.00704008899629
80668,0.0166457816958
80669,0.210256651044
80670,0.0100535359234
80672,0.00221277563833
80675,0.0721200853586
80678,0.231425091624
80684,0.195249006152
80687,0.00392013974488
80689,0.00316849164665
80692,0.0288374423981
80694,0.0127695826814
80697,0.109015472233
80699,0.00695741735399
80702,0.0302303023636
80703,0.115088783205
80706,0.0379270277917
80708,0.00952954497188
80709,0.00876732356846
80711,0.252845823765
80715,0.00296013662592
80716,0.0105056595057
80717,0.0376552268863
80718,0.0102955717593
80726,0.0419661290944
80728,0.130308568478
80729,0.0813167840242
80732,0.0134539389983
80734,0.00792704802006
80737,0.00418544048443
80745,0.00334644992836
80746,0.0128933722153
80753,0.0196028240025
80754,0.00479587260634
80755,0.0442031919956
80756,0.00490434933454
80757,0.0835188105702
80758,0.0144634637982
80760,0.0306774545461
80761,0.00244189146906
80762,0.00136147707235
80763,0.0145001448691
80764,0.0195489246398
80765,0.0194167383015
80768,0.0109751252457
80769,0.0116393268108
80770,0.00317858485505
80771,0.218215063214
80772,0.00637878803536
80773,0.0168799404055
80774,0.0268188081682
80777,0.0959747359157
80781,0.020303087309
80783,0.0116012161598
80784,0.0188231673092
80786,0.0588056445122
80788,0.0260555781424
80791,0.0145668070763
80792,0.0208086483181
80793,0.00344320503063
80794,0.105765096843
80795,0.0104035707191
80797,0.0285217277706
80802,0.3143876791
80803,0.0157547798008
80805,0.0353030748665
80808,0.0140188774094
80811,0.00973762571812
80813,0.0425637699664
80815,0.0566545799375
80816,0.0571316555142
80817,0.00287594459951
80818,0.178452953696
80821,0.0225106272846
80823,0.0148458275944
80825,0.00608807383105
80829,0.0280912518501
80830,0.0856233537197
80833,0.00295946840197
80834,0.0147027364001
80835,0.0123589588329
80836,0.0646340250969
80838,0.0173254795372
80841,0.005684254691
80842,0.0375388786197
80845,0.0858915448189
80846,0.112747609615
80847,0.0012776843505
80848,0.00254814652726
80850,0.0185804460198
80852,0.00337206455879
80854,0.206774368882
80855,0.00407045101747
80862,0.00433291913942
80864,0.00562379229814
80865,0.0210681650788
80867,0.00633416604251
80868,0.0420823656023
80869,0.183093830943
80872,0.00190782558639
80877,0.0424728989601
80878,0.0361196622252
80879,0.0307790059596
80880,0.0109416665509
80883,0.00927957519889
80888,0.0260677840561
80891,0.0176009666175
80893,0.142525479198
80894,0.00860757287592
80896,0.0269159264863
80899,0.0329815596342
80900,0.00152178970166
80904,0.0170239824802
80906,0.0721803382039
80907,0.00233825063333
80908,0.0367125459015
80909,0.0250019952655
80910,0.0149907758459
80911,0.0839002281427
80914,0.0364100672305
80915,0.0373356863856
80917,0.010770490393
80919,0.195407152176
80920,0.002296223538
80921,0.134063199162
80922,0.010770490393
80923,0.0185478311032
80924,0.0160372052342
80926,0.0145423766226
80927,0.147329717875
80929,0.03765155375
80930,0.00264170579612
80933,0.012136743404
80934,0.0141994468868
80935,0.0023965141736
80937,0.0167877487838
80938,0.0197249688208
80940,0.0069492389448
80942,0.00253105955198
80946,0.0116239124909
80949,0.0184743665159
80951,0.00323492987081
80953,0.00484491977841
80956,0.00309694721363
80957,0.00386623642407
80960,0.0153472945094
80961,0.0162762086838
80963,0.0318670943379
80965,0.00547068333253
80966,0.100706748664
80969,0.00199560122564
80972,0.010215469636
80973,0.186336934566
80974,0.0812961310148
80978,0.00173304032069
80981,0.105997189879
80987,0.0196028240025
80989,0.00418542837724
80994,0.0327566824853
80996,0.0196011755615
80999,0.00191735115368
81000,0.0155341867357
81001,0.0389018468559
81002,0.00337911979295
81004,0.0073518268764
81006,0.205274417996
81009,0.0371654890478
81013,0.0145694557577
81016,0.0106070823967
81017,0.0116273257881
81022,0.0142263974994
81024,0.151852056384
81025,0.0307623818517
81026,0.197979062796
81028,0.00352131132968
81030,0.0290092602372
81031,0.0028145192191
81032,0.022479057312
81033,0.0265606157482
81034,0.00404798146337
81035,0.00521315727383
81038,0.011988658458
81040,0.00948811508715
81041,0.156160280108
81043,0.00144535582513
81044,0.181412518024
81045,0.0504352115095
81047,0.0668049380183
81048,0.0598698295653
81051,0.00310105131939
81052,0.0027147619985
81059,0.00772796943784
81060,0.00947268400341
81064,0.00337828649208
81066,0.00840344838798
81067,0.0262885969132
81069,0.0291595552117
81070,0.0257220994681
81071,0.00138863699976
81073,0.00284180557355
81074,0.00525588123128
81077,0.00513154454529
81078,0.0022646356374
81079,0.009695767425
81080,0.0145109416917
81081,0.00973762571812
81082,0.00771398097277
81083,0.0173254795372
81084,0.009695767425
81086,0.00271338247694
81088,0.0401774942875
81089,0.0199724864215
81090,0.0273118223995
81091,0.00721252942458
81094,0.0112517252564
81095,0.0302365999669
81096,0.014629391022
81098,0.0354185737669
81099,0.00843352358788
81102,0.0130069609731
81105,0.0196028240025
81108,0.00600056350231
81109,0.0353671647608
81117,0.0515394359827
81120,0.00658197561279
81122,0.0471105724573
81123,0.0223782248795
81125,0.00934970006347
81128,0.00359951332211
81129,0.205562531948
81130,0.186074689031
81131,0.00168424169533
81133,0.0130968792364
81136,0.00390231632628
81137,0.0422007292509
81141,0.0318670943379
81144,0.00286739179865
81147,0.158237010241
81148,0.00985900312662
81150,0.00411575753242
81154,0.0145423766226
81155,0.00279561267234
81156,0.0180405117571
81157,0.0130419861525
81160,0.00273021357134
81163,0.00594171974808
81164,0.0019150567241
81165,0.00241419789381
81166,0.00241584633477
81171,0.0181561242789
81172,0.0128316832706
81175,0.00447696866468
81177,0.0233120266348
81178,0.0196480173618
81179,0.00230019795708
81181,0.0121012758464
81182,0.0394582152367
81184,0.154703378677
81185,0.0151307992637
81187,0.189563825727
81189,0.00314226839691
81190,0.00242398004048
81191,0.0136500420049
81193,0.0141692487523
81197,0.118647955358
81198,0.0352678745985
81199,0.0150346131995
81202,0.0758450776339
81203,0.158443048596
81204,0.193703815341
81206,0.00233500497416
81207,0.00766007322818
81208,0.0196028240025
81209,0.00311585399322
81210,0.0170445889235
81211,0.0014293451095
81214,0.055767647922
81215,0.00689917104319
81220,0.110426276922
81227,0.00320708984509
81230,0.026325635612
81231,0.0445759817958
81234,0.00302438670769
81235,0.161927014589
81237,0.126250267029
81239,0.0020800428465
81241,0.0112072359771
81243,0.0495470725
81244,0.00750155514106
81246,0.0174489747733
81247,0.030656632036
81248,0.0149998888373
81250,0.0288934428245
81252,0.104452989995
81255,0.214930087328
81256,0.0624964609742
81257,0.180243894458
81258,0.0198759436607
81262,0.0311769023538
81263,0.00889663025737
81267,0.112330824137
81272,0.0113861048594
81276,0.00539641221985
81277,0.001795844757
81280,0.00281705101952
81281,0.0240489970893
81282,0.0312559008598
81283,0.00731723150238
81286,0.00393127091229
81287,0.00409257039428
81288,0.012687872164
81292,0.00246812496334
81293,0.0764444023371
81294,0.00613351259381
81296,0.00159521796741
81300,0.0082300901413
81302,0.142393872142
81309,0.025174131617
81313,0.008843395859
81315,0.00404167501256
81317,0.0243690051138
81318,0.0263478830457
81319,0.0200344529003
81320,0.00922594871372
81321,0.0167687516659
81322,0.0113428495824
81323,0.207907512784
81324,0.00237801065668
81327,0.00585017399862
81328,0.13211171329
81329,0.00233500497416
81331,0.00573435844854
81332,0.0164030324668
81333,0.00248201587237
81334,0.0370060391724
81335,0.0108259571716
81336,0.00256233895198
81337,0.0471355840564
81338,0.00625985395163
81339,0.00226057623513
81341,0.0222656950355
81342,0.0169197116047
81343,0.00593821704388
81344,0.00169452908449
81345,0.00257735792547
81347,0.0208861380816
81348,0.189653843641
81349,0.0196028240025
81351,0.0179912056774
81353,0.0220985990018
81357,0.0105791250244
81360,0.00248049199581
81361,0.0143596623093
81362,0.0102552110329
81366,0.00111155968625
81370,0.114905148745
81371,0.0393448024988
81373,0.0198911242187
81374,0.0405555516481
81375,0.00735537381843
81377,0.0564916096628
81379,0.0764052420855
81380,0.0149612948298
81381,0.00345707312226
81385,0.0288714952767
81386,0.00989277474582
81391,0.0301340501755
81394,0.0484360679984
81396,0.112330824137
81397,0.00229798723012
81400,0.0531624592841
81403,0.0484867170453
81404,0.0031349984929
81405,0.0619971938431
81406,0.0325312167406
81408,0.0024441157002
81412,0.0438861250877
81415,0.165693312883
81416,0.0750856548548
81419,0.244136720896
81420,0.0356443040073
81421,0.011151666753
81423,0.0306911822408
81425,0.017195193097
81426,0.282650202513
81427,0.0318670943379
81428,0.0154923563823
81430,0.00396698713303
81434,0.102098278701
81437,0.188664227724
81439,0.00723308930174
81448,0.176438063383
81449,0.041276242584
81450,0.0993629917502
81451,0.269627332687
81453,0.00719362776726
81454,0.214523613453
81456,0.0314855203032
81461,0.0325312167406
81463,0.0185283254832
81464,0.0198106300086
81467,0.087193235755
81468,0.154868483543
81469,0.00545998150483
81470,0.0905651524663
81472,0.0145150879398
81473,0.0473900325596
81474,0.0271437987685
81475,0.0448093749583
81481,0.0219680331647
81483,0.014288614504
81484,0.23091866076
81485,0.0111206537113
81487,0.172150194645
81489,0.00725797656924
81490,0.00145438418258
81492,0.0176462251693
81493,0.00455223117024
81496,0.0132289575413
81497,0.203447982669
81500,0.00256856414489
81501,0.00624460820109
81507,0.0867488756776
81508,0.0461857058108
81509,0.0080566201359
81512,0.225765407085
81514,0.0141334924847
81518,0.0106252618134
81523,0.00244882167317
81524,0.106341347098
81525,0.0534809753299
81526,0.0175895020366
81527,0.00422168150544
81530,0.0191472880542
81532,0.0231796111912
81533,0.0157547798008
81536,0.009695767425
81538,0.175935283303
81539,0.0291796438396
81542,0.0658713504672
81543,0.065806388855
81544,0.0160690937191
81547,0.00234680459835
81548,0.00336989527568
81550,0.00964167620987
81551,0.181406468153
81552,0.00322104338557
81553,0.0248091463
81556,0.0523318611085
81557,0.00713288737461
81559,0.0179523676634
81560,0.0139802331105
81562,0.00780592951924
81563,0.0601684339345
81564,0.106178633869
81565,0.0030914330855
81568,0.0335321426392
81569,0.0307153761387
81571,0.0217054411769
81572,0.00195237784646
81574,0.13890530169
81575,0.00225303997286
81577,0.00749115971848
81578,0.00216127373278
81579,0.0822952389717
81581,0.0665065348148
81582,0.00226909620687
81583,0.111633487046
81584,0.0272182580084
81586,0.00235196715221
81587,0.014500444755
81589,0.0315917469561
81590,0.0306360274553
81591,0.0883361920714
81593,0.065006904304
81594,0.0372567102313
81595,0.00147785781883
81599,0.0131421014667
81601,0.103678882122
81603,0.0142034320161
81606,0.0129131413996
81609,0.209622591734
81612,0.00916839297861
81615,0.00218050857075
81619,0.183093830943
81620,0.0198980905116
81622,0.00408380897716
81625,0.0161238908768
81628,0.00600210484117
81631,0.0109014278278
81632,0.0256180018187
81635,0.0154300779104
81637,0.00452084606513
81638,0.035800524056
81639,0.00252498011105
81641,0.0309295989573
81643,0.0055420352146
81644,0.00376508990303
81650,0.00520058814436
81651,0.0122900279239
81653,0.187179386616
81656,0.00234817271121
81657,0.00948811508715
81658,0.268903136253
81659,0.0087817478925
81663,0.00123452499975
81666,0.153389886022
81668,0.0220985990018
81669,0.00603560172021
81672,0.0131589155644
81674,0.00498487288132
81677,0.00323231238872
81679,0.0219639148563
81680,0.0108447242528
81683,0.111151181161
81684,0.029000999406
81685,0.00422722380608
81686,0.0144938705489
81687,0.026210365817
81688,0.154896631837
81689,0.00829193927348
81691,0.0240962263197
81693,0.104779116809
81694,0.0174219682813
81695,0.0445998236537
81696,0.0920052751899
81701,0.0211612284184
81704,0.0875361636281
81705,0.0111986622214
81706,0.168633535504
81708,0.0116370674223
81710,0.00368938245811
81712,0.00501422723755
81713,0.14614315331
81714,0.0251738522202
81715,0.0374889820814
81717,0.00200804346241
81718,0.0245377738029
81720,0.00183315924369
81721,0.0371599234641
81722,0.00315008219332
81723,0.0154536264017
81725,0.00331189204007
81726,0.00179704022594
81727,0.0203336067498
81731,0.0440707802773
81733,0.0507989227772
81734,0.0644685402513
81735,0.00127361225896
81736,0.0149974720553
81737,0.0075026480481
81738,0.185527220368
81739,0.00748250680044
81740,0.0196526665241
81742,0.0311066452414
81743,0.200908645988
81744,0.0196028240025
81745,0.00192517461255
81746,0.00980778876692
81747,0.00792535673827
81748,0.0158319827169
81751,0.0962883755565
81754,0.124855771661
81757,0.0114926612005
81762,0.193703815341
81764,0.00823293998837
81766,0.00263282074593
81767,0.0266155879945
81768,0.0113904532045
81770,0.0569760911167
81771,0.0136903654784
81772,0.0445227362216
81773,0.0108611965552
81774,0.00200522667728
81775,0.0181824937463
81777,0.0309723392129
81778,0.0167221166193
81779,0.0196028240025
81780,0.0233747754246
81782,0.00267100473866
81783,0.0604492016137
81787,0.00285653932951
81788,0.00766484439373
81789,0.0178789142519
81794,0.0540412291884
81798,0.228212311864
81802,0.00235035992227
81803,0.0111807612702
81805,0.207474499941
81807,0.0107837021351
81808,0.00374788721092
81809,0.247661232948
81810,0.0398635789752
81812,0.00595525978133
81813,0.0617103427649
81815,0.00264025991783
81817,0.114725492895
81819,0.106341347098
81821,0.00197193771601
81824,0.00315231573768
81826,0.00864050909877
81827,0.00865147914737
81829,0.0233552437276
81830,0.0118402084336
81834,0.00669978745282
81836,0.0174331627786
81837,0.0168382506818
81838,0.176745653152
81839,0.25787115097
81841,0.0471290834248
81844,0.0107307881117
81847,0.0103403404355
81848,0.0101856729016
81849,0.0284949205816
81852,0.00732939131558
81853,0.0118708992377
81856,0.0143897114322
81866,0.0111965034157
81867,0.0231781750917
81868,0.00664330879226
81870,0.217834100127
81871,0.00300672929734
81872,0.010768905282
81876,0.0513682514429
81877,0.135748848319
81878,0.0220985990018
81881,0.00207360740751
81884,0.00245920591988
81885,0.0212205499411
81886,0.00785003788769
81888,0.0173270534724
81889,0.0195928514004
81891,0.00309814861976
81893,0.00798228383064
81894,0.0570121109486
81896,0.00135116453748
81897,0.00145119871013
81899,0.0274933688343
81900,0.00604975223541
81901,0.0349259972572
81902,0.00887966062874
81905,0.0489725656807
81907,0.00801508687437
81909,0.0646222904325
81910,0.00385835696943
81911,0.0391378886998
81912,0.0255321282893
81913,0.0171349085867
81914,0.0910355821252
81916,0.00827943254262
81921,0.00552236009389
81922,0.0155061082914
81924,0.0406074523926
81926,0.25663536787
81927,0.00805944483727
81930,0.0188777055591
81931,0.0674512907863
81933,0.00240149325691
81936,0.00278997677378
81945,0.00974946003407
81947,0.0329718515277
81948,0.0450585447252
81950,0.0196424424648
81952,0.00973656866699
81954,0.0330254100263
81955,0.00155783793889
81957,0.0093698836863
81962,0.0196526665241
81963,0.0260164123029
81964,0.038433868438
81965,0.0141994468868
81966,0.0172112286091
81968,0.0491391643882
81969,0.0165661852807
81970,0.0154300779104
81971,0.0109877046198
81973,0.0222656950355
81975,0.0159658715129
81976,0.00235938117839
81977,0.011482947506
81978,0.0945522412658
81979,0.00154448079411
81980,0.0853316038847
81984,0.0023172958754
81985,0.00917727220803
81988,0.00233771023341
81991,0.0888968482614
81995,0.0117607498541
81996,0.20439851284
81997,0.0209439657629
81998,0.0432605445385
82001,0.207753688097
82002,0.176242351532
82005,0.0705936402082
82007,0.0197991970927
82008,0.00260637258179
82010,0.00226233433932
82012,0.00284904637374
82013,0.0204153954983
82014,0.0118642952293
82015,0.020266558975
82017,0.00480726081878
82018,0.00554735446349
82019,0.0102398069575
82022,0.0082291951403
82026,0.179096341133
82027,0.0366935580969
82029,0.22142007947
82030,0.00279959151521
82031,0.00869981665164
82033,0.073392495513
82035,0.10037959367
82039,0.0385109633207
82043,0.00263097696006
82044,0.0306433793157
82045,0.0842109173536
82046,0.00911149661988
82047,0.0196028240025
82048,0.0110291633755
82060,0.0279862843454
82062,0.0168027486652
82063,0.0462873242795
82065,0.136850371957
82067,0.00502745248377
82070,0.00147323007695
82072,0.0092221358791
82073,0.0195744540542
82074,0.00986081361771
82075,0.0014034936903
82079,0.0389738641679
82086,0.0616074614227
82087,0.0141994468868
82089,0.0145498476923
82090,0.00332125974819
82091,0.0994520410895
82092,0.00278763589449
82094,0.00180381105747
82095,0.0325436070561
82096,0.126838132739
82097,0.00282568251714
82098,0.0307153761387
82101,0.0271875169128
82102,0.0107999769971
82103,0.00139418721665
82104,0.00237868935801
82106,0.0458181574941
82107,0.0255321282893
82110,0.0318670943379
82111,0.0138007821515
82112,0.00978267937899
82114,0.172150194645
82115,0.0345235541463
82116,0.0813550651073
82117,0.00204648938961
82118,0.0557277239859
82119,0.0134662156925
82120,0.00872917473316
82121,0.00259351660497
82122,0.00290160812438
82123,0.00189598137513
82125,0.0135528445244
82127,0.0335820913315
82128,0.00561432074755
82131,0.0523875281215
82132,0.20439851284
82134,0.149104356766
82136,0.168633535504
82139,0.0100658638403
82141,0.00377751630731
82143,0.0352402999997
82146,0.00622820388526
82147,0.0321615748107
82149,0.0411051511765
82151,0.0432120189071
82152,0.0200345180929
82154,0.021080462262
82155,0.00234956596978
82159,0.0106985159218
82160,0.00234919274226
82163,0.0179683044553
82164,0.00352739193477
82165,0.0150698181242
82167,0.0154300779104
82169,0.0062643494457
82171,0.0128933722153
82172,0.00334652932361
82174,0.00669062603265
82175,0.00198537576944
82176,0.0216816347092
82177,0.0851083993912
82178,0.00660418672487
82181,0.0469959937036
82183,0.00581435346976
82186,0.00791588425636
82191,0.0101909385994
82192,0.19291998446
82194,0.0342751964927
82196,0.0892875045538
82198,0.150868594646
82201,0.0168863907456
82202,0.00442231539637
82204,0.020645448938
82205,0.00427594827488
82207,0.00352205429226
82209,0.00247017689981
82210,0.00882916338742
82214,0.0257967654616
82215,0.0185305085033
82216,0.00937693752348
82223,0.200975999236
82224,0.0165611281991
82227,0.0753725841641
82229,0.0602792724967
82231,0.11328664422
82232,0.136414393783
82234,0.00362621550448
82238,0.251168817282
82240,0.00492289150134
82241,0.0252665579319
82243,0.0145694557577
82249,0.00263173924759
82250,0.124883316457
82252,0.00239814375527
82253,0.00911197531968
82258,0.00190062797628
82259,0.0185478311032
82262,0.00298419338651
82265,0.0105545520782
82266,0.216719314456
82267,0.0455876886845
82268,0.018892114982
82271,0.00878349971026
82273,0.00505395745859
82274,0.0146170845255
82275,0.179096341133
82281,0.172592580318
82282,0.00927193742245
82283,0.00340854865499
82284,0.0490095615387
82290,0.00302782771178
82291,0.0512068495154
82292,0.0108948741108
82295,0.0390664488077
82296,0.0101574063301
82297,0.0345430001616
82301,0.00926861353219
82302,0.00260789413005
82304,0.00847150199115
82305,0.0273821279407
82306,0.00390448770486
82307,0.151835769415
82310,0.0174513626844
82313,0.0100090196356
82315,0.0149907758459
82319,0.261467933655
82322,0.00978343281895
82323,0.00490337656811
82326,0.00948811508715
82329,0.00813416391611
82330,0.133364394307
82334,0.0151736354455
82336,0.11393160373
82337,0.0474343299866
82338,0.0646833404899
82339,0.00287381745875
82340,0.00898110307753
82341,0.0158593170345
82342,0.189088314772
82343,0.00821341760457
82345,0.0992195978761
82348,0.0553840138018
82350,0.0389720499516
82352,0.00900476519018
82353,0.0043529830873
82355,0.0948221608996
82356,0.027317751199
82358,0.00330099719577
82359,0.0217734407634
82360,0.0196028240025
82362,0.00290788221173
82367,0.075405292213
82369,0.00431213434786
82372,0.00432431651279
82373,0.0154300779104
82376,0.00164376222529
82377,0.00336454436183
82379,0.00289074750617
82386,0.0444038845599
82388,0.0274680405855
82389,0.180504560471
82394,0.0340597480536
82395,0.0112255439162
82398,0.0104030650109
82399,0.109108328819
82400,0.103165462613
82402,0.00511648599058
82406,0.0028472696431
82408,0.0318301506341
82410,0.0141994468868
82411,0.0225440636277
82412,0.0335598774254
82413,0.010336519219
82414,0.00517587875947
82417,0.00133696803823
82422,0.0117610543966
82423,0.0436171367764
82425,0.00997543428093
82426,0.0178103018552
82427,0.17385391891
82428,0.00118708319496
82434,0.116950400174
82435,0.0850099846721
82436,0.0148382894695
82439,0.00636566337198
82440,0.00135630357545
82442,0.00660853087902
82443,0.033948648721
82444,0.013031273149
82445,0.12231746316
82447,0.0184191688895
82448,0.0196028240025
82450,0.00341589236632
82453,0.0412491336465
82456,0.215783566236
82460,0.00529666896909
82461,0.00240054656751
82463,0.0220985990018
82464,0.194728419185
82466,0.112561054528
82470,0.00215652096085
82472,0.0179288350046
82473,0.00298252259381
82474,0.0475145429373
82475,0.0330828428268
82476,0.0101181874052
82478,0.00297694536857
82479,0.0162919219583
82480,0.00237664324231
82481,0.162858620286
82484,0.0192907396704
82486,0.0108764069155
82489,0.0196028240025
82490,0.0188556909561
82494,0.0203049648553
82495,0.13211171329
82497,0.0319381430745
82499,0.0223143026233
82501,0.0409752503037
82502,0.0169486366212
82504,0.0135178538039
82506,0.0196526665241
82509,0.153244554996
82510,0.00229798723012
82512,0.117528326809
82513,0.0421697497368
82514,0.016867229715
82516,0.00844212528318
82518,0.007632676512
82523,0.0247540269047
82524,0.0143677834421
82526,0.133944407105
82528,0.0173829197884
82530,0.00643385807052
82531,0.00810767989606
82537,0.218609824777
82538,0.0412958525121
82539,0.119705706835
82541,0.0150635847822
82544,0.00366706075147
82545,0.00730967707932
82547,0.0126457754523
82549,0.00257002096623
82551,0.00352405803278
82553,0.201332211494
82559,0.0110790496692
82561,0.165255919099
82562,0.0200700480491
82563,0.0477238669991
82564,0.00971564464271
82565,0.03594744578
82567,0.009765682742
82568,0.0590558983386
82569,0.00144138815813
82570,0.0181538201869
82572,0.00595496315509
82573,0.00762809067965
82575,0.110984019935
82581,0.150616437197
82582,0.00937158800662
82583,0.0219904147089
82585,0.00431742565706
82587,0.00948811508715
82588,0.0324568711221
82591,0.00398914888501
82593,0.00885004829615
82594,0.2058147192
82597,0.00891354493797
82598,0.0261734183878
82601,0.0084219602868
82603,0.00929811503738
82605,0.0166177675128
82606,0.0265688449144
82608,0.0858915448189
82609,0.00305747496895
82611,0.0161109380424
82612,0.236558318138
82614,0.0115541135892
82616,0.0368095897138
82617,0.0108943656087
82618,0.0137391677126
82621,0.00311045418493
82622,0.0409752503037
82623,0.194728419185
82625,0.00453020771965
82626,0.0356278605759
82627,0.0092885568738
82628,0.0683966353536
82629,0.0290645603091
82632,0.0175499469042
82634,0.0299022030085
82637,0.0204815417528
82642,0.0940974354744
82644,0.00226549245417
82645,0.224700808525
82646,0.200026974082
82647,0.0172889605165
82650,0.00992384552956
82654,0.00956667494029
82658,0.0522509850562
82660,0.0157547798008
82661,0.0030056303367
82663,0.0014211370144
82664,0.00130634114612
82666,0.0064040212892
82670,0.0037270092871
82671,0.0176724717021
82672,0.203852400184
82674,0.0134589467198
82679,0.00261162640527
82682,0.0453408770263
82684,0.0450112372637
82688,0.0165033526719
82690,0.0131752658635
82692,0.0445623993874
82696,0.0671293660998
82697,0.0299700312316
82698,0.0213866699487
82699,0.063953615725
82700,0.101100154221
82701,0.0500403009355
82704,0.00861940160394
82706,0.0318670943379
82707,0.030155999586
82708,0.010770490393
82709,0.00216026231647
82711,0.0175124946982
82713,0.0138223916292
82715,0.00857362244278
82718,0.0830246731639
82720,0.0740649625659
82721,0.00653985049576
82724,0.00835552997887
82725,0.00363507121801
82727,0.00353207625449
82729,0.012245317921
82731,0.00351416901685
82733,0.0181303173304
82734,0.0125813884661
82737,0.0856860801578
82738,0.23651047051
82740,0.0129794608802
82742,0.0028412961401
82743,0.00928042083979
82744,0.0210497137159
82745,0.0023965141736
82748,0.00319688837044
82752,0.0102051086724
82753,0.0123429223895
82754,0.00298744556494
82756,0.00386558100581
82763,0.0269782152027
82764,0.0115033229813
82765,0.0228330492973
82766,0.00398202054203
82768,0.0180618669838
82769,0.00241380976513
82780,0.0307877250016
82785,0.0196028240025
82787,0.0117288371548
82788,0.0159240607172
82792,0.0442285127938
82798,0.0468022562563
82800,0.0114808212966
82802,0.044093657285
82803,0.0108832931146
82804,0.140537053347
82806,0.00386953447014
82808,0.0318670943379
82809,0.0361450016499
82810,0.0378647968173
82812,0.00638278992847
82813,0.00511684035882
82817,0.00323440250941
82818,0.03079559654
82822,0.0666763037443
82825,0.0055468804203
82828,0.00905845686793
82829,0.00156685593538
82830,0.00610290747136
82831,0.00208152038977
82832,0.0107230609283
82834,0.0297043565661
82836,0.0325312167406
82839,0.0110559137538
82842,0.0164381284267
82843,0.0407153517008
82845,0.0106218997389
82852,0.103571623564
82853,0.0145356887951
82854,0.00164413638413
82855,0.00379120721482
82860,0.00970107037574
82865,0.0162865184247
82866,0.0109757622704
82870,0.0197885166854
82871,0.0228694137186
82873,0.0242751929909
82874,0.0181318707764
82876,0.00283779390156
82879,0.0974011495709
82880,0.0088032335043
82881,0.0196028240025
82882,0.0103605762124
82885,0.00385188939981
82887,0.0147208794951
82888,0.00971564464271
82889,0.0219737924635
82895,0.00783924479038
82898,0.0402381643653
82900,0.00320003228262
82901,0.0232644788921
82904,0.024251062423
82906,0.0631529539824
82908,0.217930927873
82909,0.0216436926275
82911,0.00300319935195
82914,0.0822644755244
82916,0.00958536285907
82918,0.00284015759826
82919,0.00202005007304
82923,0.0148920379579
82927,0.118996784091
82929,0.00248049199581
82930,0.00328308111057
82931,0.0148458275944
82933,0.00802870094776
82934,0.0365455448627
82936,0.0115320086479
82937,0.0447507761419
82938,0.268042743206
82939,0.0228924266994
82940,0.00657669268548
82941,0.0107272351161
82942,0.14371073246
82944,0.01695814915
82945,0.0077072060667
82947,0.00853993650526
82948,0.0381371043622
82949,0.0423795543611
82953,0.289144873619
82956,0.0294372066855
82957,0.0104030650109
82958,0.00472326437011
82959,0.00653256755322
82962,0.0173419825733
82964,0.00531806144863
82966,0.00260205520317
82967,0.0133748603985
82968,0.00291508040391
82969,0.00619930867106
82970,0.120969325304
82972,0.0203742198646
82977,0.0119238775223
82978,0.00553425122052
82980,0.00809957738966
82981,0.156649470329
82982,0.00485396105796
82985,0.00290727824904
82988,0.0866551995277
82989,0.00302825821564
82990,0.0253660064191
82991,0.132469967008
82992,0.053338624537
82999,0.00311843515374
83001,0.0585264861584
83003,0.206113800406
83004,0.195407152176
83005,0.0116761205718
83007,0.00367036182433
83008,0.0797455087304
83011,0.0141994468868
83014,0.00948811508715
83016,0.253987461329
83017,0.0491141416132
83021,0.0355854257941
83022,0.0251406989992
83023,0.00149484863505
83024,0.185989946127
83025,0.13211171329
83027,0.0034927490633
83034,0.105563558638
83037,0.130198836327
83039,0.105879947543
83041,0.0355415306985
83047,0.0848091244698
83048,0.00869604293257
83049,0.0159211475402
83052,0.152090385556
83053,0.00403936440125
83056,0.0195777304471
83057,0.177686169744
83059,0.00226006982848
83061,0.280017524958
83062,0.22774939239
83066,0.00877868570387
83067,0.0142260566354
83069,0.00948811508715
83070,0.226094484329
83073,0.0246409885585
83074,0.0173542331904
83077,0.00317765586078
83078,0.00780592951924
83079,0.0367920771241
83085,0.00302365794778
83088,0.0014034936903
83092,0.0082121361047
83093,0.0272182580084
83094,0.185778334737
83098,0.00677636824548
83099,0.0224129613489
83101,0.00144204660319
83102,0.0549508444965
83104,0.0998786762357
83105,0.0405780076981
83106,0.0117900650948
83107,0.00286587607116
83108,0.00147042761091
83110,0.00936860498041
83111,0.00277696200646
83114,0.00385889038444
83115,0.00534026883543
83116,0.0146153196692
83117,0.0169146209955
83118,0.00753419054672
83119,0.0103818401694
83123,0.00240844651125
83127,0.00259502674453
83131,0.00136862532236
83133,0.00757825933397
83135,0.0747994557023
83136,0.0193661153316
83141,0.0444636642933
83142,0.120310164988
83144,0.00438478821889
83150,0.0137627646327
83154,0.0473917610943
83156,0.146041467786
83161,0.0132431890815
83162,0.0318670943379
83166,0.120526991785
83169,0.0307153761387
83170,0.149104356766
83171,0.00691215042025
83172,0.00181991711725
83173,0.0550487935543
83174,0.0133244581521
83176,0.0439847297966
83177,0.00915568787605
83178,0.00231793732382
83179,0.222177416086
83183,0.131141006947
83184,0.0186526793987
83185,0.00518741179258
83188,0.00991990603507
83189,0.063616886735
83190,0.252494066954
83191,0.0722021684051
83192,0.0567707568407
83193,0.142685696483
83195,0.00267265504226
83200,0.00566527806222
83202,0.0284963790327
83205,0.0116147622466
83207,0.0832682922482
83208,0.0140322493389
83209,0.0534924343228
83212,0.114513456821
83219,0.0882185921073
83221,0.00769317196682
83222,0.00157678325195
83223,0.0122188506648
83224,0.0307116080076
83226,0.006427728571
83228,0.0353671647608
83229,0.0334168970585
83232,0.0296434499323
83233,0.00282195257023
83236,0.00341933709569
83237,0.163005515933
83240,0.0201391130686
83241,0.118130855262
83242,0.00729761831462
83244,0.00230019795708
83245,0.140405774117
83247,0.0626614019275
83249,0.0216439906508
83250,0.0155485533178
83253,0.00250611151569
83254,0.114082545042
83256,0.00240568025038
83257,0.00127578305546
83259,0.0196526665241
83260,0.0540336593986
83261,0.0501965582371
83263,0.0624964609742
83266,0.0420290641487
83267,0.0239944476634
83268,0.0196526665241
83269,0.0773775801063
83275,0.0177175924182
83276,0.0884304121137
83278,0.00311585399322
83280,0.0185281466693
83282,0.0313725620508
83283,0.00562900770456
83286,0.00238709128462
83287,0.0027124134358
83289,0.0103457914665
83290,0.00157233409118
83291,0.00948811508715
83293,0.0119669213891
83295,0.00624520564452
83297,0.0510732941329
83301,0.0425209403038
83302,0.0449764765799
83303,0.0318670943379
83305,0.00841735862195
83307,0.00557453837246
83310,0.0406074523926
83311,0.132976710796
83312,0.00457057403401
83314,0.166879415512
83315,0.0292801484466
83317,0.041953958571
83318,0.231927856803
83321,0.121923469007
83323,0.00201350450516
83325,0.0025760345161
83326,0.00468705408275
83327,0.126502498984
83329,0.00320524256676
83330,0.0166290085763
83331,0.0233612824231
83334,0.011742696166
83335,0.011197058484
83337,0.183380305767
83339,0.24823872745
83340,0.0811142399907
83341,0.0149907758459
83342,0.0093826437369
83345,0.00922710821033
83346,0.0101594580337
83350,0.00127641449217
83351,0.159745484591
83355,0.056193806231
83356,0.00270483316854
83357,0.00450396724045
83358,0.0317907854915
83360,0.00655225431547
83362,0.0196124259382
83363,0.0141236493364
83365,0.00127542158589
83366,0.018442241475
83367,0.0145684294403
83369,0.00377303082496
83370,0.00690437760204
83371,0.00643334584311
83372,0.0262470804155
83373,0.27162784338
83376,0.13904581964
83378,0.0154820466414
83379,0.00509324669838
83380,0.0111274057999
83381,0.0023963204585
83382,0.0255460795015
83383,0.122439354658
83384,0.0353279784322
83385,0.0036713401787
83386,0.214978322387
83388,0.0476655624807
83389,0.028477890417
83390,0.00381298852153
83393,0.00368412118405
83395,0.0157547798008
83397,0.00586229981855
83399,0.00557717680931
83400,0.0583790950477
83402,0.0132914986461
83406,0.00247087259777
83408,0.0188845414668
83412,0.0560626573861
83413,0.00892017316073
83415,0.0560187548399
83420,0.0150807844475
83422,0.106743596494
83423,0.0141994468868
83426,0.0731429830194
83429,0.00232149334624
83430,0.0103795137256
83431,0.0117636322975
83433,0.102094978094
83436,0.0196028240025
83438,0.0327610783279
83439,0.00471831765026
83441,0.0373323187232
83442,0.00673928949982
83444,0.00187266257126
83445,0.00352943036705
83446,0.00421160459518
83447,0.0385871492326
83449,0.0168823227286
83450,0.0196028240025
83451,0.063953615725
83453,0.00167416094337
83454,0.00504671642557
83455,0.138374209404
83456,0.00361163867638
83457,0.0205640643835
83458,0.0766715928912
83459,0.0189199093729
83464,0.0212515071034
83466,0.010770490393
83468,0.00150682718959
83473,0.134706526995
83474,0.00852170679718
83477,0.00948811508715
83478,0.0917000547051
83479,0.00199236557819
83481,0.0258278269321
83484,0.0511774607003
83486,0.0627674087882
83487,0.0347322374582
83488,0.181374803185
83489,0.246367320418
83490,0.0098925512284
83491,0.0258648768067
83492,0.0096975620836
83493,0.00217482540756
83494,0.0144243314862
83498,0.0508871227503
83502,0.0171234197915
83505,0.277340680361
83511,0.0196028240025
83515,0.146135479212
83516,0.0163098890334
83518,0.234441190958
83520,0.00402566604316
83522,0.0286419019103
83523,0.0523841679096
83525,0.0424254238605
83528,0.0100188665092
83529,0.00864472892135
83531,0.0121005903929
83532,0.0128873288631
83534,0.058990649879
83538,0.0168709214777
83540,0.00987492222339
83541,0.152385652065
83542,0.00349751044996
83543,0.022976577282
83545,0.0207023508847
83546,0.112330824137
83548,0.035654630512
83550,0.00684546306729
83551,0.00208344357088
83552,0.0195988100022
83554,0.0196028240025
83555,0.0492507629097
83556,0.00965799484402
83558,0.0123176099733
83559,0.00564873684198
83561,0.057363383472
83562,0.00241578649729
83563,0.00567333120853
83564,0.0864348858595
83565,0.00280883046798
83566,0.0735000446439
83568,0.0201237667352
83569,0.00508913304657
83570,0.0516074821353
83571,0.0023981987033
83572,0.00187271868344
83576,0.013239257969
83580,0.009027720429
83583,0.0124817863107
83589,0.0160975344479
83592,0.0364127270877
83594,0.00381535850465
83598,0.00819547567517
83600,0.0155057357624
83603,0.0107827009633
83605,0.00688929157332
83606,0.00968623999506
83607,0.159745484591
83615,0.00269291503355
83616,0.00725435651839
83617,0.0196028240025
83618,0.00137469451874
83624,0.0196526665241
83625,0.0168823227286
83626,0.0154507150874
83629,0.00599687872455
83631,0.009695767425
83632,0.0180848762393
83638,0.0142496544868
83640,0.0070226136595
83643,0.00642237020656
83645,0.0133502166718
83646,0.0120281856507
83647,0.0249196216464
83648,0.0189208146185
83651,0.110097616911
83652,0.106697797775
83653,0.0286413971335
83656,0.00139418721665
83657,0.00973125081509
83659,0.0034951348789
83660,0.0360229685903
83662,0.0151181844994
83667,0.0253726243973
83670,0.00285607902333
83672,0.00136814313009
83674,0.0288701858371
83676,0.059371933341
83677,0.010270729661
83678,0.0426984727383
83680,0.0101748099551
83682,0.00461519183591
83685,0.00137469451874
83688,0.0171178597957
83691,0.00640836171806
83693,0.0177444592118
83695,0.00279424642213
83697,0.018652042374
83700,0.153244554996
83703,0.00498195271939
83704,0.0900996029377
83708,0.129806265235
83709,0.20439851284
83710,0.0153628094122
83711,0.0297379679978
83712,0.175315007567
83718,0.0366884358227
83719,0.00504725286737
83720,0.020130103454
83721,0.0028412961401
83722,0.0113978385925
83725,0.0141994468868
83727,0.00261162640527
83728,0.00723751774058
83730,0.0110931741074
83731,0.00203044875525
83737,0.0803380385041
83741,0.00674291979522
83742,0.127611398697
83743,0.0027348708827
83744,0.00472489418462
83747,0.0476881973445
83748,0.205161035061
83754,0.0475693754852
83755,0.0792485028505
83756,0.00248298770748
83758,0.0209021735936
83760,0.309020757675
83761,0.14614315331
83762,0.0292178317904
83763,0.0154300779104
83767,0.0125575261191
83769,0.0128581607714
83770,0.180243894458
83771,0.0247561857104
83775,0.0023287825752
83777,0.225221693516
83782,0.0157547798008
83783,0.0692452043295
83785,0.179096341133
83786,0.0014979216503
83787,0.0180004071444
83789,0.0142748868093
83791,0.0205464530736
83795,0.00543785421178
83796,0.106961533427
83801,0.0199724864215
83802,0.00482183275744
83807,0.0474229119718
83808,0.0582190789282
83811,0.0783872082829
83813,0.0153433401138
83815,0.0110571337864
83817,0.0135431978852
83819,0.00681581906974
83822,0.0184446852654
83823,0.153664037585
83826,0.00800829939544
83827,0.0050763967447
83828,0.0093040689826
83829,0.0124260615557
83830,0.00802878849208
83831,0.00978419929743
83832,0.0150446640328
83834,0.116362810135
83835,0.0455867312849
83836,0.00327293109149
83837,0.0139230182394
83838,0.0107623646036
83839,0.0278007108718
83841,0.0636103078723
83849,0.00627752160653
83850,0.00298512284644
83852,0.0130544453859
83853,0.00437576929107
83854,0.318691551685
83859,0.0196028240025
83861,0.00818345416337
83865,0.203772425652
83867,0.0491945706308
83868,0.0109758079052
83869,0.00973070878536
83870,0.0444209240377
83871,0.0030400052201
83875,0.0991486236453
83877,0.0260230600834
83882,0.0877328589559
83883,0.00266057229601
83884,0.00931463576853
83885,0.172592580318
83886,0.108505919576
83888,0.00263998494484
83890,0.0370120219886
83891,0.0365867502987
83892,0.0323110818863
83895,0.00467606447637
83896,0.00628703832626
83897,0.00891596730798
83898,0.020406961441
83900,0.00985065102577
83901,0.235254228115
83902,0.0274895373732
83903,0.106341347098
83904,0.00207864982076
83908,0.183093830943
83914,0.0134360771626
83917,0.00277087348513
83920,0.0117288371548
83921,0.0783175453544
83922,0.180243894458
83923,0.0139116318896
83924,0.0262646842748
83927,0.0141994468868
83932,0.00400819117203
83934,0.00461136223748
83939,0.40185469389
83940,0.0019965863321
83942,0.0312379132956
83943,0.0221349466592
83944,0.165042743087
83949,0.0115634072572
83950,0.0547584071755
83953,0.101310089231
83956,0.00786594487727
83957,0.00452740676701
83958,0.00221277563833
83960,0.0185478311032
83961,0.0192005652934
83963,0.00471743801609
83964,0.052025385201
83966,0.00831958185881
83968,0.0196028240025
83969,0.00311699928716
83970,0.00158189248759
83971,0.00632661022246
83972,0.010559338145
83973,0.00113824999426
83974,0.012777633965
83975,0.0321832858026
83978,0.0311066452414
83979,0.00119269755669
83980,0.00907035917044
83981,0.0398420579731
83983,0.0181318707764
83984,0.00657847849652
83985,0.0526039078832
83986,0.00912139099091
83989,0.00951295997947
83990,0.0862963423133
83991,0.00673783384264
83992,0.0185075122863
83994,0.00885969493538
83995,0.0269795618951
83996,0.00723573286086
83997,0.275560319424
83999,0.0121509693563
84004,0.209551289678
84005,0.0285568740219
84006,0.0247980691493
84008,0.136915683746
84011,0.00252843648195
84012,0.00210251845419
84014,0.0230922363698
84016,0.00137648463715
84020,0.0867991745472
84022,0.00439323950559
84023,0.0191329848021
84024,0.0356549583375
84025,0.0153918834403
84030,0.0153233110905
84032,0.00257427920587
84033,0.00577829312533
84034,0.106341347098
84035,0.0060164113529
84036,0.00856697745621
84037,0.00777266267687
84039,0.180405974388
84040,0.0143277803436
84041,0.0396622903645
84042,0.00293753831647
84043,0.0196028240025
84044,0.00708259921521
84045,0.0532316789031
84049,0.00590368453413
84050,0.00323175964877
84052,0.0316680558026
84054,0.0062511600554
84056,0.00252909911796
84057,0.0265737976879
84060,0.00242472626269
84061,0.0184757113457
84063,0.175315007567
84064,0.00363245070912
84069,0.0128170084208
84072,0.00355698657222
84073,0.079707249999
84077,0.0307790059596
84078,0.0154300779104
84079,0.0012776843505
84081,0.00872860476375
84085,0.0138434870169
84086,0.00506031513214
84088,0.0315557122231
84094,0.0125257680193
84096,0.00547844078392
84097,0.0287843346596
84098,0.00224995822646
84100,0.0174380727112
84102,0.152714699507
84111,0.0232225246727
84113,0.0113535542041
84116,0.00796850584447
84119,0.0239839870483
84120,0.129806265235
84121,0.00279842410237
84122,0.0366190336645
84124,0.0291952881962
84128,0.0147708076984
84130,0.0170059837401
84134,0.020998666063
84135,0.0313454382122
84136,0.147119387984
84138,0.00489553250372
84139,0.015674136579
84140,0.009695767425
84141,0.00832617376
84142,0.0751921236515
84144,0.00971684604883
84145,0.0210151206702
84146,0.0108946636319
84147,0.00947019737214
84151,0.00248168059625
84152,0.0027387086302
84154,0.00219136686064
84156,0.0277281161398
84157,0.090735822916
84158,0.021408053115
84159,0.0141994468868
84160,0.164334267378
84161,0.00613399781287
84162,0.00761688360944
84163,0.0471195317805
84166,0.00243599899113
84170,0.208073496819
84174,0.010371748358
84177,0.0196028240025
84180,0.0691666454077
84181,0.00364779587835
84182,0.196687757969
84183,0.0185478311032
84184,0.0444038845599
84185,0.00350398477167
84186,0.00725631695241
84188,0.0403393208981
84189,0.00858593266457
84190,0.00588142825291
84191,0.0203315895051
84193,0.0193251166493
84195,0.00442567747086
84196,0.0901551693678
84198,0.0141994468868
84199,0.023344989866
84204,0.120835512877
84206,0.100819587708
84207,0.0177541859448
84208,0.0356970690191
84210,0.00422257743776
84211,0.0174403525889
84213,0.00913923792541
84214,0.00295162061229
84215,0.0562972649932
84222,0.0850220397115
84223,0.128156170249
84225,0.0988529473543
84229,0.0069678099826
84232,0.00234004016966
84233,0.00689842598513
84234,0.00545173045248
84236,0.062439031899
84237,0.016714323312
84243,0.0100713856518
84245,0.0547610633075
84246,0.0126761468127
84247,0.190043836832
84249,0.0409752503037
84251,0.050849378109
84252,0.0220307800919
84253,0.0139372646809
84254,0.00982851907611
84255,0.30922845006
84256,0.0249703731388
84257,0.0019682017155
84258,0.183093830943
84261,0.00691002327949
84264,0.0502639077604
84267,0.014745188877
84268,0.00216689170338
84269,0.00387624511495
84272,0.0659399852157
84273,0.00264838640578
84275,0.00708136195317
84278,0.0177705585957
84280,0.0399656444788
84281,0.0654483214021
84282,0.00201043789275
84285,0.00413124402985
84287,0.0344653204083
84288,0.0195718556643
84290,0.0339920967817
84291,0.00758828269318
84292,0.00169323093724
84293,0.0752564221621
84294,0.0104902796447
84295,0.0121348863468
84300,0.0040819668211
84301,0.00557151762769
84302,0.118738755584
84305,0.209515318274
84309,0.0678116157651
84313,0.181907817721
84314,0.0115264216438
84316,0.0453983657062
84318,0.00941851828247
84324,0.01054897625
84326,0.0157596301287
84329,0.0108503773808
84330,0.143398061395
84332,0.204186722636
84333,0.0345368236303
84335,0.0385871492326
84338,0.00236058142036
84340,0.0285507906228
84342,0.110656023026
84344,0.0168863907456
84347,0.00496323872358
84348,0.0051067955792
84351,0.048452489078
84353,0.00121489260346
84354,0.0156506411731
84355,0.0688120797276
84357,0.011357772164
84358,0.0317064784467
84359,0.0196028240025
84362,0.0307153761387
84366,0.017848521471
84367,0.154956266284
84369,0.00256989616901
84372,0.00855462159961
84374,0.00529080349952
84375,0.16273021698
84376,0.0365381203592
84378,0.00731188571081
84380,0.0369991324842
84381,0.048030488193
84382,0.0160504449159
84383,0.0141994468868
84385,0.00782580114901
84386,0.00189938722178
84387,0.017388002947
84388,0.0104633271694
84391,0.183093830943
84392,0.104779116809
84395,0.00880950968713
84396,0.00556575320661
84398,0.0219132620841
84402,0.07939247787
84403,0.0604441277683
84405,0.00319184269756
84407,0.00315196509473
84410,0.00277966889553
84418,0.0306360274553
84421,0.0416052863002
84422,0.00883246026933
84423,0.047997392714
84424,0.00817250087857
84425,0.00215268880129
84426,0.301300734282
84427,0.0139986686409
84428,0.197273865342
84429,0.0196028240025
84430,0.0784417018294
84432,0.171088069677
84433,0.0369975864887
84435,0.0594795532525
84437,0.00358309526928
84438,0.00869904365391
84441,0.012988303788
84449,0.00841184798628
84451,0.06753487885
84452,0.0116441501305
84453,0.0227577872574
84456,0.0913210511208
84457,0.219848498702
84458,0.0163693856448
84461,0.0145042603835
84467,0.0114803928882
84469,0.00715290382504
84471,0.0196526665241
84472,0.00860903784633
84473,0.0124232759699
84474,0.0141593609005
84476,0.00341321039014
84480,0.0243557170033
84483,0.014500444755
84496,0.00880749151111
84497,0.0157547798008
84499,0.0149415684864
84500,0.0277953371406
84501,0.029010688886
84505,0.063953615725
84507,0.00154858711176
84510,0.0137222288176
84512,0.00243980390951
84513,0.00518201524392
84514,0.0551335141063
84516,0.00439018057659
84517,0.00834250170738
84518,0.00915320031345
84521,0.0415592193604
84523,0.0070958705619
84527,0.00616736663505
84528,0.00734276417643
84530,0.00851635448635
84531,0.00640866858885
84533,0.00721944356337
84534,0.0111877853051
84535,0.0435508750379
84538,0.0105274571106
84539,0.00362964393571
84540,0.043715454638
84542,0.0472670607269
84545,0.185796439648
84546,0.0273003112525
84550,0.0118027376011
84551,0.0224294755608
84553,0.00877125747502
84554,0.00931239221245
84556,0.109345212579
84557,0.0240732617676
84558,0.0293342992663
84562,0.00317664071918
84564,0.0252592079341
84565,0.0394864082336
84566,0.00875719729811
84567,0.0022882418707
84568,0.0760544016957
84570,0.0157547798008
84572,0.0165611281991
84574,0.0017667330103
84575,0.013002560474
84579,0.0921712145209
84588,0.00264557916671
84592,0.0111551433802
84593,0.00288599613123
84594,0.00882654730231
84596,0.0121587859467
84598,0.00385900051333
84599,0.0370120219886
84600,0.0118402084336
84604,0.00273631210439
84605,0.00188032898586
84606,0.0239008851349
84608,0.201362207532
84609,0.0627337247133
84610,0.131450414658
84611,0.0914035215974
84612,0.0182765256613
84613,0.0196526665241
84614,0.00165979540907
84616,0.0616916827857
84624,0.00249321409501
84625,0.013208668679
84628,0.0156900864094
84629,0.0432605445385
84630,0.00874747615308
84631,0.00469281664118
84632,0.0358032137156
84637,0.00432400871068
84638,0.0255572982132
84639,0.0046096094884
84643,0.0103428382427
84644,0.00645816372707
84646,0.0359053499997
84648,0.0207367278636
84649,0.00215268880129
84653,0.0301066376269
84654,0.0358011163771
84663,0.0285666361451
84664,0.0266434289515
84669,0.0773593485355
84670,0.00197121337987
84672,0.0318670943379
84673,0.00839829165488
84674,0.00706401932985
84675,0.207943752408
84677,0.00357327028178
84679,0.00752504402772
84680,0.0840725153685
84681,0.00377445947379
84684,0.00669479463249
84685,0.0196028240025
84690,0.0140312127769
84692,0.00623254664242
84697,0.0114360563457
84698,0.154348865151
84699,0.217695847154
84701,0.00502323498949
84702,0.00351339112967
84703,0.00505869742483
84704,0.0018066422781
84709,0.0862980782986
84711,0.0198769457638
84714,0.0176788792014
84716,0.00888739805669
84718,0.0356277003884
84719,0.068801894784
84720,0.035537481308
84722,0.00246368092485
84723,0.00405070232227
84729,0.0200488194823
84730,0.0267372597009
84732,0.00257544149645
84733,0.0330152176321
84734,0.0196028240025
84738,0.0197569448501
84742,0.0059259403497
84744,0.0262490678579
84747,0.00636603450403
84750,0.00779611151665
84751,0.129513368011
84754,0.00799030810595
84755,0.223191216588
84756,0.126187264919
84757,0.00678564049304
84758,0.0354224331677
84759,0.0246309563518
84761,0.0242456775159
84763,0.00446999445558
84764,0.015765607357
84770,0.0298351887614
84771,0.0107735078782
84773,0.102713026106
84774,0.146041467786
84776,0.0538178868592
84777,0.0016967325937
84779,0.00411880156025
84780,0.0245383195579
84784,0.0146172624081
84787,0.00261162640527
84789,0.0447141602635
84793,0.00783023051918
84795,0.00261662784033
84796,0.0412910394371
84798,0.0189208146185
84801,0.00261162640527
84806,0.00446972902864
84807,0.134707629681
84808,0.0257351174951
84811,0.0201185066253
84815,0.0409752503037
84816,0.0585558563471
84819,0.00662288581952
84820,0.0318670943379
84821,0.0170995686203
84822,0.180243894458
84823,0.0846316367388
84824,0.0307352337986
84825,0.00713239843026
84826,0.0435922779143
84828,0.164333090186
84831,0.00512357335538
84832,0.00122637662571
84833,0.0113472612575
84834,0.0030514637474
84836,0.0995903834701
84837,0.0573666840792
84841,0.180243894458
84842,0.00577636715025
84843,0.00689053488895
84844,0.0196028240025
84846,0.201032176614
84851,0.179068952799
84852,0.00243156845681
84858,0.0375644862652
84859,0.0399656444788
84860,0.0158859603107
84861,0.00507995765656
84864,0.0149781852961
84865,0.0042812586762
84870,0.0307153761387
84874,0.013958407566
84876,0.00272840843536
84877,0.00281529943459
84878,0.00256402976811
84879,0.0555483140051
84881,0.00141510914546
84882,0.0116633018479
84883,0.00239936937578
84886,0.0111160147935
84888,0.0224129613489
84890,0.00210023764521
84892,0.0264217704535
84893,0.0302054006606
84894,0.0287295412272
84898,0.146135479212
84899,0.109122693539
84902,0.0343699380755
84903,0.00304551329464
84905,0.0521291680634
84909,0.00169199472293
84910,0.17791043222
84911,0.0613287426531
84912,0.11886010319
84916,0.005787468981
84917,0.0187520924956
84918,0.171179458499
84919,0.0407153517008
84920,0.00237523275428
84921,0.0137799652293
84924,0.0014034936903
84925,0.0409891270101
84931,0.218122065067
84932,0.0970172658563
84934,0.00641991570592
84937,0.0150897903368
84938,0.00233424291946
84943,0.0103871226311
84946,0.0720852166414
84951,0.0139464810491
84953,0.0319948792458
84957,0.00217694882303
84958,0.00468074064702
84961,0.0324035063386
84964,0.0789134949446
84965,0.21115359664
84966,0.00356648559682
84969,0.0158662628382
84970,0.00486791413277
84973,0.00983061268926
84976,0.0196028240025
84978,0.0115290237591
84980,0.00373673019931
84982,0.297379374504
84984,0.00935383979231
84985,0.211451768875
84986,0.0283485185355
84989,0.00920306798071
84990,0.270804733038
84992,0.0311066452414
84999,0.0385988801718
85001,0.0280000772327
85003,0.0102334497496
85004,0.0059039676562
85006,0.0489909574389
85008,0.00454871915281
85009,0.0149630950764
85013,0.0267641376704
85015,0.00248421845026
85018,0.0233747754246
85019,0.11986272037
85020,0.0220297630876
85022,0.00709521211684
85024,0.00999254826456
85026,0.00239874282852
85028,0.0295500215143
85029,0.0187534671277
85031,0.00856428500265
85033,0.0184499695897
85034,0.0158055312932
85038,0.180243894458
85040,0.0118402084336
85042,0.0492256693542
85043,0.0131053747609
85044,0.205543980002
85046,0.0376172140241
85049,0.00884023681283
85050,0.00167044892441
85054,0.00909886602312
85056,0.00281886663288
85060,0.217685624957
85062,0.00858133006841
85063,0.00126119854394
85064,0.0240217894316
85066,0.0336250551045
85067,0.019605550915
85070,0.358123540878
85071,0.0045620216988
85072,0.00535087427124
85073,0.0117182517424
85077,0.0199952125549
85078,0.0131385410205
85079,0.0246270634234
85080,0.00361196626909
85081,0.0211807731539
85083,0.00780564593151
85084,0.00235508754849
85085,0.0080005871132
85086,0.0650756582618
85088,0.0160541962832
85090,0.0155827915296
85091,0.0149121265858
85092,0.0107755875215
85097,0.00137036514934
85102,0.180871874094
85103,0.0207614377141
85104,0.0066850380972
85107,0.00286864885129
85108,0.0168227702379
85109,0.00777882849798
85113,0.188242390752
85115,0.114719003439
85116,0.00961566716433
85119,0.16949762404
85121,0.00788229424506
85123,0.0220985990018
85129,0.245870620012
85131,0.142085552216
85132,0.0463972017169
85134,0.0301689039916
85136,0.0106423487887
85137,0.00363823655061
85139,0.00912945438176
85141,0.0138506162912
85144,0.181669875979
85145,0.0204175636172
85146,0.0392836146057
85151,0.0188068207353
85154,0.03079957515
85158,0.0255321282893
85161,0.00156934652478
85162,0.00670292647555
85163,0.002868125448
85164,0.00184396130498
85166,0.0282801613212
85168,0.189535528421
85169,0.00405284995213
85170,0.170857325196
85174,0.109392248094
85178,0.140279427171
85181,0.00350845931098
85186,0.00590099859983
85187,0.0283493865281
85189,0.00304294028319
85190,0.0013609941816
85192,0.0312958545983
85193,0.128259539604
85196,0.00231324578635
85197,0.0222070738673
85199,0.0854740738869
85200,0.00256989616901
85201,0.00261162640527
85205,0.0149906063452
85206,0.0340883024037
85207,0.299023836851
85208,0.0220985990018
85211,0.01377113536
85212,0.0224129613489
85214,0.0319894514978
85215,0.00951872672886
85218,0.0362638197839
85222,0.00240741460584
85225,0.0168438646942
85229,0.00334695726633
85232,0.00398599775508
85234,0.00855993758887
85235,0.00704918429255
85237,0.00133320421446
85238,0.00455824239179
85239,0.00913492124528
85240,0.00428684009239
85241,0.0196028240025
85242,0.00384433125146
85243,0.00258797802962
85244,0.0153678525239
85245,0.00287248147652
85246,0.00142931181472
85247,0.0413442254066
85249,0.0510569252074
85252,0.00795121490955
85253,0.0106508219615
85254,0.0557982809842
85255,0.0220985990018
85257,0.0276374034584
85258,0.00217352295294
85262,0.00724574131891
85263,0.0126700242981
85264,0.00403269799426
85265,0.00235601747409
85266,0.0122452713549
85269,0.0077232173644
85270,0.00496797915548
85272,0.00175861618482
85275,0.0503415390849
85276,0.0297895520926
85277,0.0166853610426
85279,0.00494308164343
85280,0.00325112207793
85283,0.00295678339899
85286,0.0184237360954
85287,0.0157547798008
85290,0.0128200743347
85291,0.0384407490492
85292,0.0112725766376
85293,0.00852385535836
85295,0.0666342377663
85299,0.00322833261453
85300,0.053298201412
85301,0.0925749018788
85303,0.29281488061
85306,0.00133843056392
85307,0.0300491210073
85308,0.00577264698222
85311,0.0216816347092
85314,0.00534492125735
85315,0.0383739285171
85316,0.00418101903051
85318,0.0983242243528
85319,0.0143352383748
85320,0.0650779157877
85321,0.00961416400969
85322,0.0196028240025
85325,0.0475643873215
85326,0.0101148691028
85328,0.0108515694737
85329,0.141532167792
85330,0.0159948132932
85332,0.00443466799334
85333,0.00214844103903
85339,0.0219738390297
85340,0.00949232373387
85341,0.00292945606634
85343,0.00785909686238
85346,0.0488568842411
85348,0.00150925770868
85349,0.00329575384967
85351,0.00989751704037
85352,0.0195723939687
85353,0.00294122938067
85354,0.0152789819986
85355,0.154822036624
85358,0.0262646842748
85359,0.196033939719
85360,0.00480296928436
85364,0.0224129613489
85366,0.00933095812798
85368,0.0103475349024
85369,0.00900154467672
85371,0.0152202285826
85372,0.0137590952218
85380,0.0207618400455
85381,0.0204936694354
85382,0.00295055424795
85383,0.00302470172755
85386,0.0301001425833
85387,0.0175545420498
85388,0.00994114391506
85390,0.00243802880868
85394,0.00530045665801
85395,0.0147027364001
85397,0.00144733849447
85398,0.245864853263
85400,0.00284142047167
85401,0.00217313831672
85402,0.00655225431547
85403,0.0254533775151
85404,0.183207333088
85405,0.00323175964877
85406,0.00948811508715
85407,0.0196028240025
85408,0.00261162640527
85410,0.00369761930779
85411,0.00292720342986
85412,0.00262060458772
85416,0.0111206537113
85417,0.101285509765
85420,0.0130175063387
85421,0.00230523594655
85422,0.171567991376
85424,0.0714040100574
85425,0.00673835398629
85427,0.0046618534252
85429,0.0257989726961
85430,0.0234505217522
85434,0.0255321282893
85436,0.180778309703
85439,0.00850695371628
85440,0.00603622524068
85441,0.0136434044689
85443,0.0181118007749
85444,0.032979734242
85445,0.0997265279293
85447,0.00190394604579
85449,0.0159947611392
85452,0.00566944293678
85453,0.0611888021231
85454,0.0243610143661
85455,0.00616787234321
85458,0.207177892327
85463,0.0572796016932
85465,0.00285219796933
85466,0.0377739332616
85469,0.12511947751
85470,0.00887592229992
85471,0.00554181449115
85474,0.00128342641983
85475,0.0669360607862
85478,0.00339499674737
85483,0.181974202394
85484,0.135422229767
85488,0.00759820686653
85493,0.0508496724069
85494,0.0360690429807
85499,0.0157236363739
85501,0.00973762571812
85502,0.00798095855862
85503,0.0213321372867
85509,0.0205178242177
85511,0.0220960434526
85512,0.00350236985832
85515,0.00380348972976
85518,0.234581232071
85520,0.00265676388517
85521,0.00181584164966
85523,0.0196028240025
85525,0.00341382343322
85527,0.0263208635151
85528,0.00344721251167
85529,0.00235577882268
85532,0.134688198566
85535,0.157189056277
85537,0.0497372411191
85538,0.0131837874651
85539,0.0722839087248
85540,0.0510563701391
85546,0.00264666904695
85547,0.2674292624
85549,0.0301089808345
85550,0.00268246629275
85551,0.00849829148501
85552,0.211771026254
85556,0.0330362841487
85557,0.00375204533339
85558,0.00517660286278
85559,0.0135421073064
85560,0.0267004147172
85562,0.0226071216166
85564,0.0850044414401
85565,0.0233552437276
85566,0.0813131853938
85569,0.0142576666549
85571,0.0186159648001
85576,0.154868483543
85577,0.0176690015942
85579,0.00355507573113
85588,0.016310095787
85589,0.098705753684
85590,0.0314060375094
85591,0.00280171935447
85592,0.00163733249065
85593,0.00245982245542
85595,0.246382534504
85596,0.00592030305415
85598,0.00573531026021
85599,0.00870905444026
85602,0.149897843599
85603,0.0148458275944
85604,0.0569184236228
85605,0.106312982738
85606,0.0309310946614
85614,0.00322125456296
85615,0.0159712582827
85616,0.123987711966
85618,0.118455015123
85619,0.234441190958
85620,0.0187493413687
85625,0.0117112630978
85627,0.0168823227286
85628,0.0201922859997
85630,0.00336314411834
85632,0.0122341569513
85635,0.0207943953574
85636,0.0023965141736
85640,0.018581032753
85643,0.0139921624213
85645,0.00805196538568
85646,0.00369472173043
85647,0.0277158133686
85649,0.00806545838714
85652,0.0176820438355
85653,0.0649007335305
85655,0.0322124250233
85657,0.167847529054
85659,0.0078615359962
85660,0.0391647070646
85661,0.0324624180794
85665,0.00822437461466
85666,0.0364231355488
85667,0.00253783073276
85668,0.185778334737
85669,0.0119903413579
85671,0.00362384226173
85672,0.01448661834
85675,0.257337063551
85679,0.0141994468868
85682,0.00333268009126
85684,0.0158278886229
85688,0.179068952799
85690,0.0123415682465
85691,0.0200019590557
85693,0.00287147518247
85695,0.00322980480269
85700,0.0296638719738
85701,0.00932539161295
85702,0.119085237384
85704,0.00773530360311
85706,0.0262285247445
85707,0.116287112236
85709,0.00882084202021
85710,0.0386544875801
85713,0.00405739666894
85716,0.0234287753701
85717,0.00594601919875
85720,0.0118402084336
85721,0.118353553116
85723,0.0764094665647
85726,0.207083895802
85729,0.0124443667009
85730,0.0153423519805
85732,0.00564912520349
85733,0.00820013601333
85734,0.0229657962918
85735,0.00693716621026
85736,0.0141994468868
85738,0.01904781349
85740,0.0171320419759
85741,0.00564117310569
85743,0.0128961391747
85744,0.110341794789
85745,0.0297185759991
85747,0.0219876505435
85750,0.0163384266198
85751,0.00396754872054
85755,0.048929002136
85756,0.0153695773333
85757,0.00377885671332
85758,0.0493220612407
85759,0.19243721664
85760,0.00971564464271
85762,0.0196028240025
85763,0.0257121231407
85766,0.00948811508715
85769,0.0208832304925
85771,0.00325647601858
85772,0.00334887136705
85773,0.00716855190694
85774,0.0746400505304
85777,0.00448647607118
85779,0.0172140114009
85781,0.0116574428976
85782,0.0122483577579
85786,0.0183531623334
85788,0.151647746563
85789,0.117105528712
85790,0.00225268839858
85797,0.0131787629798
85800,0.0317325331271
85801,0.00138896692079
85803,0.0115107418969
85809,0.115706212819
85810,0.0358916446567
85811,0.0119050564244
85813,0.00285577354953
85815,0.00376954604872
85817,0.0284506808966
85818,0.00287775555626
85822,0.0150857362896
85823,0.0104875676334
85824,0.0145530607551
85825,0.0206646490842
85826,0.0387041606009
85828,0.236603781581
85829,0.0037914973218
85830,0.0118619026616
85832,0.00636953767389
85834,0.00971564464271
85837,0.228212311864
85840,0.00985056348145
85841,0.0190846584737
85843,0.0192237049341
85844,0.012495922856
85845,0.0451844446361
85849,0.00266854790971
85854,0.0792824700475
85858,0.0515455044806
85860,0.0847266465425
85866,0.0078007793054
85868,0.0108858905733
85869,0.0603297539055
85871,0.0154745616019
85872,0.0107427760959
85874,0.00131632585544
85875,0.00267502292991
85881,0.0112094022334
85882,0.009695767425
85884,0.00148004642688
85886,0.0602877698839
85892,0.0134938834235
85893,0.0494443960488
85894,0.027427252382
85895,0.00842617079616
85899,0.00562898349017
85900,0.0174192264676
85901,0.0025832077954
85909,0.0136259496212
85910,0.00622398452833
85911,0.0285481382161
85912,0.183093830943
85913,0.0162927545607
85916,0.0355511903763
85919,0.00240209093317
85923,0.152878955007
85927,0.0076513318345
85929,0.009695767425
85930,0.00180207844824
85931,0.00643498031422
85932,0.179338991642
85933,0.157922491431
85935,0.0115087842569
85938,0.00494582392275
85940,0.00391762657091
85946,0.0170234236866
85948,0.00207746517844
85951,0.00720897596329
85952,0.0107120499015
85954,0.00286930380389
85955,0.00260637258179
85956,0.0162988305092
85958,0.123568981886
85960,0.0199956484139
85961,0.0208761543036
85963,0.00333939120173
85965,0.0318670943379
85968,0.154561817646
85970,0.00127088208683
85973,0.0305386595428
85974,0.0408748574555
85975,0.0610543377697
85976,0.10163719207
85977,0.0167215280235
85978,0.0149907758459
85980,0.0295987483114
85981,0.00605315994471
85982,0.00257364637218
85984,0.0136445015669
85985,0.00701803015545
85986,0.00124484032858
85988,0.0249825511128
85989,0.00155328412075
85991,0.0252393502742
85992,0.00146508903708
85993,0.00350374635309
85994,0.0361758545041
85995,0.180243894458
86002,0.00987011101097
86004,0.0182031653821
86005,0.00171993707772
86006,0.0302174575627
86008,0.0583324916661
86011,0.0367194935679
86018,0.00227114604786
86019,0.0148458275944
86024,0.0148458275944
86026,0.00942945014685
86029,0.0154952062294
86030,0.00148032198194
86036,0.0145305935293
86037,0.0213499795645
86038,0.00142931181472
86041,0.0333268977702
86043,0.00375843164511
86044,0.00438393699005
86047,0.00432648928836
86050,0.0409752503037
86053,0.0240447185934
86054,0.136737957597
86056,0.00168984476477
86057,0.0366975814104
86060,0.0022882418707
86063,0.0141994468868
86064,0.200180828571
86066,0.00299331964925
86067,0.0305582676083
86070,0.0388303920627
86075,0.010018568486
86077,0.0913249254227
86078,0.0148458275944
86079,0.0933353155851
86080,0.0307153761387
86083,0.0454807206988
86084,0.0175082441419
86086,0.0113815972582
86088,0.0364335291088
86090,0.0043378775008
86092,0.00273907720111
86093,0.00602424424142
86095,0.0499360077083
86098,0.0789598301053
86099,0.0322549603879
86102,0.00171217846218
86104,0.00753462221473
86106,0.00921933446079
86108,0.0720212310553
86110,0.0561876706779
86112,0.174676731229
86113,0.0185430832207
86114,0.0326035656035
86115,0.0115761291236
86120,0.0168823227286
86122,0.0027531334199
86123,0.0722575485706
86124,0.00704855052754
86126,0.00311683607288
86128,0.00357471173629
86129,0.00995993893594
86130,0.253583759069
86131,0.0154300779104
86132,0.00587476883084
86136,0.00973074976355
86138,0.00320003228262
86140,0.00152384291869
86146,0.223191216588
86150,0.0196028240025
86152,0.0287639312446
86153,0.0344367548823
86156,0.188541024923
86159,0.0141994468868
86163,0.0486205928028
86164,0.0252339430153
86167,0.0308216866106
86168,0.00854517053813
86169,0.00599820865318
86170,0.021177822724
86171,0.0369780026376
86174,0.00323387072422
86178,0.00488483067602
86179,0.0254551805556
86180,0.0182435270399
86183,0.152603775263
86187,0.0951817035675
86189,0.00230159121566
86193,0.016300085932
86194,0.00464329821989
86197,0.276935636997
86198,0.00254788598977
86199,0.00115755142178
86202,0.111512236297
86205,0.00247893971391
86207,0.00409298855811
86212,0.00367244076915
86214,0.0270546134561
86216,0.0164873171598
86217,0.022025488317
86218,0.0289622638375
86219,0.0262646842748
86222,0.00396189000458
86223,0.00147922639735
86226,0.00265602488071
86228,0.00146261625923
86229,0.00202114880085
86231,0.00711164437234
86239,0.0155421225354
86241,0.00256309844553
86243,0.0473567731678
86244,0.00140917499084
86246,0.009695767425
86247,0.00999927241355
86248,0.00207132147625
86249,0.026169558987
86250,0.00302443280816
86251,0.00747569324449
86254,0.0098486142233
86256,0.00847041234374
86257,0.0035315474961
86262,0.0587889924645
86264,0.166876971722
86265,0.0147110270336
86267,0.0132046174258
86268,0.0197256784886
86278,0.0347698070109
86283,0.0197835396975
86284,0.0372911430895
86288,0.0509637072682
86292,0.00846204254776
86293,0.0115013597533
86295,0.0125870890915
86298,0.0416458509862
86300,0.0914976596832
86301,0.0166897960007
86302,0.00158212741371
86303,0.00755376974121
86304,0.0234780497849
86306,0.118507280946
86308,0.00909347645938
86310,0.00249876524322
86315,0.0220985990018
86318,0.0192740764469
86320,0.00775068392977
86321,0.0607962682843
86322,0.00276571186259
86323,0.312317341566
86327,0.0216729175299
86328,0.00754599133506
86329,0.00341586815193
86333,0.0174182783812
86334,0.00961855519563
86337,0.00136814313009
86342,0.00528644677252
86345,0.0634236931801
86346,0.00973762571812
86350,0.0135906171054
86353,0.0317325331271
86355,0.00207132147625
86356,0.0302174650133
86358,0.157384157181
86360,0.024687377736
86362,0.159745484591
86363,0.0155754126608
86364,0.0514296293259
86365,0.0360892526805
86366,0.0014034936903
86367,0.00352984969504
86368,0.00942364428192
86369,0.0220275223255
86371,0.0196526665241
86372,0.0135528445244
86375,0.00350084574893
86377,0.164672851562
86378,0.0110395075753
86379,0.0192432571203
86380,0.00256594759412
86381,0.0413110144436
86386,0.0104005122557
86387,0.0239194761962
86389,0.179096341133
86390,0.128597229719
86396,0.205337911844
86397,0.203258156776
86399,0.0028412961401
86400,0.00167589529883
86401,0.00698087038472
86402,0.00637396611273
86409,0.107582516968
86411,0.00948814209551
86412,0.00796351674944
86414,0.012961092405
86415,0.0542485080659
86416,0.0382212214172
86419,0.00258954172023
86421,0.00196871021762
86423,0.00817459262908
86424,0.174324288964
86426,0.00638319877908
86427,0.0296124517918
86431,0.00971564464271
86432,0.0524074658751
86433,0.0314990952611
86434,0.032396517694
86438,0.00913816690445
86439,0.00335302297026
86440,0.00401807529852
86442,0.0358758233488
86443,0.00208835187368
86445,0.126096084714
86451,0.00692427158356
86452,0.00477802427486
86454,0.00456633046269
86456,0.0869386270642
86465,0.00578181399032
86468,0.00673355907202
86470,0.0236519332975
86471,0.00246849609539
86473,0.0501130223274
86476,0.312572956085
86477,0.217299133539
86480,0.0199804548174
86481,0.0321605727077
86486,0.0323050022125
86489,0.00299687799998
86490,0.0012982096523
86492,0.00254788598977
86494,0.00407348107547
86495,0.185176894069
86496,0.0739732384682
86497,0.0654236525297
86498,0.00364950485528
86502,0.00233159703203
86507,0.0511994250119
86509,0.00482432963327
86510,0.0134081747383
86512,0.0079391701147
86513,0.196280539036
86514,0.0161525085568
86515,0.107546441257
86516,0.0952714085579
86520,0.185898184776
86521,0.00373142608441
86522,0.0994866341352
86523,0.0245771557093
86524,0.00276020541787
86530,0.0773952677846
86531,0.0363625362515
86537,0.299016654491
86538,0.00396178290248
86542,0.0711557120085
86545,0.00780592951924
86547,0.00403183652088
86548,0.00469200406224
86550,0.0501781478524
86551,0.00768728367984
86553,0.00955817569047
86555,0.180243894458
86556,0.00700586521998
86557,0.0140096182004
86558,0.0122250840068
86561,0.0180765669793
86563,0.103495106101
86564,0.00567657360807
86565,0.031025711447
86566,0.0255321282893
86569,0.0363625362515
86572,0.0166172292084
86573,0.0078319683671
86574,0.0227990020066
86575,0.0255321282893
86577,0.0122554209083
86578,0.235649988055
86581,0.0119722494856
86582,0.00311153521761
86583,0.021516205743
86584,0.00124356395099
86585,0.00514435023069
86586,0.00196891184896
86587,0.210475981236
86590,0.0103689739481
86591,0.129806265235
86594,0.00215102685615
86596,0.0013080437202
86597,0.0398129671812
86598,0.0318670943379
86600,0.0123234475031
86601,0.00493156770244
86602,0.00241480651312
86603,0.0112192053348
86604,0.020945854485
86606,0.0451563447714
86607,0.00358443357982
86608,0.015864117071
86609,0.005592756439
86613,0.231698185205
86616,0.0063032056205
86617,0.0101514915004
86618,0.0108965951949
86619,0.0177993122488
86620,0.0230075977743
86621,0.0168105959892
86622,0.0112374797463
86626,0.010553416796
86628,0.00315410224721
86630,0.00175708753522
86631,0.00451572239399
86632,0.0127070667222
86634,0.214788943529
86636,0.00195238995366
86637,0.011135504581
86641,0.0026222015731
86642,0.0130101684481
86643,0.0387957729399
86644,0.00331762479618
86645,0.0114406170323
86647,0.0393199287355
86650,0.0112085510045
86651,0.0159657876939
86656,0.0220985990018
86659,0.175587072968
86662,0.00248023844324
86664,0.278022110462
86666,0.00789967551827
86667,0.0105060106143
86668,0.0247070118785
86669,0.0105936937034
86670,0.0196526665241
86671,0.0019560449291
86672,0.00825709477067
86673,0.0178038403392
86674,0.190106078982
86675,0.0117750130594
86678,0.0199103523046
86679,0.00198913016357
86680,0.00973762571812
86682,0.0175830349326
86689,0.096314586699
86690,0.0427093282342
86693,0.0216544643044
86694,0.0247002337128
86697,0.00284490152262
86703,0.0112429438159
86704,0.047433886677
86705,0.00234645977616
86707,0.00483534671366
86708,0.00354131194763
86711,0.00462304940447
86713,0.0249138064682
86714,0.0141994468868
86715,0.0028321268037
86716,0.0430151745677
86719,0.0107528250664
86720,0.00384626002051
86721,0.228520065546
86724,0.0372832864523
86725,0.268906235695
86726,0.00224758731201
86727,0.167927995324
86730,0.412723064423
86731,0.00133647979237
86733,0.00918170902878
86734,0.0558840297163
86735,0.0154047869146
86737,0.00483711436391
86738,0.00608422840014
86740,0.00590898748487
86743,0.00264954916202
86744,0.00494787795469
86747,0.0029332539998
86748,0.00233825063333
86749,0.0296434499323
86751,0.00226850458421
86753,0.0418635010719
86754,0.00318336556666
86756,0.00306937308051
86757,0.0251160170883
86759,0.0141994468868
86760,0.00287815113552
86762,0.0156001215801
86763,0.0190848894417
86764,0.0227116495371
86765,0.00261800596491
86766,0.0210026316345
86767,0.0296434499323
86773,0.00196871021762
86774,0.00511297490448
86777,0.0671769976616
86778,0.00289951614104
86779,0.0301764197648
86780,0.180871874094
86782,0.0131744723767
86785,0.00165406183805
86786,0.0193036850542
86787,0.00852759089321
86791,0.0484956763685
86793,0.00309417210519
86794,0.00897530745715
86795,0.0327267087996
86796,0.0254055634141
86800,0.0417511351407
86804,0.00682802451774
86806,0.00158065627329
86807,0.0105198603123
86809,0.231247082353
86810,0.016636043787
86812,0.00378778693266
86813,0.220385372639
86814,0.040237840265
86815,0.0282607618719
86816,0.0196028240025
86817,0.00240568025038
86819,0.0282840598375
86822,0.158731937408
86825,0.00895614456385
86826,0.0525687374175
86827,0.0307756531984
86828,0.16718237102
86829,0.021637795493
86831,0.00755129242316
86833,0.0107034426183
86834,0.0102051086724
86836,0.00380701781251
86837,0.0349171049893
86838,0.0262531973422
86841,0.0616235211492
86842,0.0136264879256
86843,0.203772425652
86845,0.0157310925424
86847,0.0145423766226
86848,0.00538379419595
86849,0.0103726396337
86851,0.0344706661999
86853,0.0753413811326
86856,0.0748560354114
86858,0.0113800037652
86859,0.0374215841293
86862,0.191742062569
86863,0.00559215946123
86864,0.0275302473456
86866,0.0116766542196
86869,0.0412842147052
86870,0.0180488433689
86871,0.00478440243751
86872,0.0266800504178
86874,0.205377459526
86875,0.0630947798491
86879,0.0606492049992
86884,0.00849314592779
86892,0.00544395111501
86893,0.162858620286
86894,0.00819192267954
86895,0.00758700026199
86896,0.00484306970611
86897,0.0815411955118
86901,0.0169885344803
86903,0.0549565292895
86904,0.00842685159296
86905,0.012294803746
86907,0.0271024126559
86910,0.203772425652
86912,0.00634425785393
86914,0.0441759005189
86919,0.0141994468868
86921,0.00289595033973
86922,0.0259378142655
86924,0.00362844904885
86927,0.303831040859
86928,0.0248918421566
86930,0.00506075937301
86933,0.00577949313447
86936,0.00412248214707
86937,0.126875042915
86938,0.185796439648
86939,0.0444611907005
86943,0.185989946127
86944,0.241804152727
86947,0.00277875433676
86948,0.0388856641948
86949,0.157321214676
86951,0.0312869437039
86954,0.179096341133
86955,0.00904690753669
86956,0.00886517763138
86957,0.0207783263177
86958,0.149125427008
86966,0.00849042832851
86974,0.00857667811215
86975,0.00884884782135
86976,0.0563079863787
86978,0.00179963721894
86979,0.00304403528571
86980,0.0111970202997
86981,0.0197123717517
86984,0.0733166337013
86988,0.008609065786
86991,0.012504581362
86994,0.00929504074156
86995,0.0196028240025
86996,0.183093830943
86997,0.0453386045992
86998,0.017362261191
86999,0.0825233608484
87000,0.0346034094691
87002,0.0040230914019
87003,0.0608297809958
87005,0.016524951905
87007,0.00997579656541
87008,0.00959899742156
87009,0.01914534159
87010,0.0153123717755
87011,0.0035861863289
87014,0.22142007947
87015,0.00268434849568
87016,0.19057688117
87018,0.00973656866699
87019,0.0269642323256
87020,0.003877020441
87021,0.00601621204987
87023,0.124053925276
87024,0.0220985990018
87025,0.0152693511918
87027,0.0220985990018
87028,0.00809163227677
87032,0.0441645793617
87034,0.00745653826743
87035,0.020835923031
87036,0.038498878479
87037,0.0141994468868
87042,0.159745484591
87043,0.157422751188
87044,0.0154300779104
87048,0.00217840773985
87053,0.0132314283401
87056,0.0019856498111
87057,0.00948811508715
87058,0.0397381410003
87059,0.00480800447986
87060,0.110038414598
87061,0.0398129671812
87062,0.0148751046509
87065,0.00240260851569
87066,0.0102276261896
87067,0.00510041369125
87070,0.0124739417806
87072,0.00140203430783
87073,0.0106482757255
87075,0.0197572875768
87076,0.0012442820007
87078,0.0129561340436
87080,0.112121358514
87085,0.0444794781506
87086,0.0323195904493
87087,0.027223944664
87088,0.165868967772
87090,0.00458897743374
87091,0.0263557694852
87093,0.0171354301274
87094,0.278092384338
87097,0.0182917565107
87098,0.0348523333669
87099,0.00250391103327
87100,0.00296060135588
87101,0.00574210332707
87102,0.0304810348898
87104,0.00292186578736
87105,0.0075946804136
87108,0.0350432246923
87109,0.0372567102313
87113,0.0152391586453
87115,0.0217648651451
87117,0.0105603151023
87119,0.0161673910916
87120,0.00498754624277
87121,0.00995019543916
87123,0.0085093555972
87128,0.00168461701833
87130,0.183093830943
87133,0.0225658454001
87134,0.164057269692
87137,0.183093830943
87138,0.011618539691
87142,0.102192938328
87145,0.00948811508715
87146,0.0103433411568
87148,0.0167903695256
87159,0.0026294272393
87160,0.139162525535
87161,0.0265629384667
87163,0.0773670896888
87164,0.0135809099302
87165,0.00545330997556
87166,0.0159659460187
87168,0.0849611908197
87174,0.00435673817992
87175,0.0108866356313
87177,0.0102796182036
87178,0.00406729523093
87181,0.192227959633
87185,0.0087966164574
87186,0.013638984412
87188,0.033170234412
87191,0.0329562947154
87192,0.0196526665241
87193,0.0495043881238
87196,0.0198427718133
87198,0.0662560239434
87199,0.0146547295153
87201,0.0479712449014
87203,0.0117636322975
87204,0.0947256162763
87205,0.00421642884612
87208,0.0394216068089
87213,0.00661778403446
87217,0.0808000043035
87218,0.020205270499
87219,0.00386885972694
87220,0.0109725426883
87222,0.115504086018
87224,0.0460631735623
87225,0.00910354964435
87228,0.00496178586036
87229,0.0139761846513
87230,0.167552128434
87232,0.00202726665884
87234,0.0173929724842
87237,0.026577539742
87239,0.0288219284266
87240,0.022144548595
87244,0.00479601603001
87245,0.014566835016
87247,0.0220386348665
87256,0.205377459526
87259,0.0358697846532
87260,0.0776281580329
87261,0.0206051617861
87265,0.00423197913915
87266,0.0632829666138
87268,0.0089943325147
87269,0.0417916066945
87271,0.26333129406
87278,0.0409752503037
87279,0.00369488168508
87280,0.0252864025533
87281,0.193173915148
87282,0.0173090063035
87283,0.00742405327037
87285,0.210061132908
87289,0.00295162061229
87291,0.0914523825049
87293,0.183479249477
87296,0.00160161219537
87298,0.217265620828
87299,0.00141135673039
87301,0.0361890643835
87302,0.0114368963987
87308,0.0173671264201
87309,0.0050463071093
87313,0.00156952440739
87315,0.00629452615976
87316,0.0318670943379
87320,0.0282186921686
87321,0.00314704724588
87323,0.0695843994617
87324,0.121781177819
87326,0.132697254419
87327,0.112211540341
87328,0.142231151462
87329,0.04102711007
87330,0.00858792569488
87332,0.0704631879926
87333,0.00226501049474
87334,0.0224165581167
87336,0.0265977606177
87342,0.020853722468
87344,0.157189056277
87345,0.0149303581566
87346,0.00257099047303
87347,0.00435313209891
87353,0.225569710135
87355,0.00346408365294
87357,0.0226291064173
87359,0.0236390195787
87360,0.208350881934
87361,0.00501027237624
87364,0.0185156650841
87365,0.0144356433302
87367,0.00564292259514
87369,0.0508069992065
87370,0.00792704802006
87372,0.0781964883208
87376,0.00445514032617
87377,0.00251860520802
87379,0.00248049199581
87380,0.002625009045
87381,0.0243365745991
87384,0.00687208492309
87386,0.0653739050031
87388,0.0189276989549
87389,0.0715883970261
87395,0.00977126788348
87397,0.0163353607059
87398,0.00822951830924
87399,0.055263929069
87401,0.00142142677214
87404,0.0164543166757
87405,0.0341473072767
87407,0.0173419825733
87408,0.00835552997887
87409,0.0576617345214
87411,0.0109942201525
87412,0.0114399753511
87415,0.0105506535619
87417,0.00580257363617
87418,0.0107014328241
87419,0.00395021634176
87420,0.00328515074216
87421,0.0211548972875
87425,0.0137715693563
87427,0.140539437532
87428,0.0108790639788
87429,0.00844593439251
87431,0.0268177986145
87437,0.179096341133
87441,0.0759975612164
87442,0.0108312284574
87443,0.00651588756591
87446,0.00589482020587
87447,0.0696206688881
87450,0.0481796450913
87451,0.00214274949394
87454,0.11085691303
87457,0.0588056445122
87459,0.0385941043496
87461,0.251297533512
87462,0.00207399739884
87464,0.0196028240025
87465,0.0694559067488
87466,0.00661229388788
87467,0.00191264564637
87468,0.0107461465523
87470,0.0160438418388
87471,0.174630403519
87472,0.030406748876
87477,0.0224744509906
87483,0.0117724603042
87485,0.0145522886887
87486,0.0986383408308
87489,0.0023571071215
87490,0.286508858204
87491,0.016746815294
87493,0.0721201002598
87494,0.0439565181732
87495,0.00256989616901
87496,0.189754262567
87499,0.146041467786
87500,0.0382399298251
87502,0.11974568665
87505,0.00509107019752
87507,0.00983175914735
87510,0.0324828848243
87514,0.0172679163516
87517,0.0348510816693
87520,0.00450607156381
87521,0.101815871894
87522,0.0231792330742
87524,0.0176397524774
87525,0.0180185455829
87526,0.00677198311314
87527,0.0270977243781
87528,0.0161117911339
87537,0.180871874094
87538,0.0364711135626
87542,0.0323709584773
87544,0.0537342429161
87547,0.11234408617
87549,0.198876202106
87551,0.0196028240025
87555,0.00196891184896
87556,0.0208593420684
87561,0.0435960441828
87564,0.00147362216376
87565,0.0492476709187
87566,0.0261779204011
87568,0.010770490393
87569,0.0105391209945
87570,0.0100600067526
87571,0.00478328764439
87572,0.00140001752879
87576,0.0353881455958
87577,0.00441712839529
87580,0.0040736743249
87581,0.00670750904828
87582,0.00954867899418
87584,0.00457445019856
87585,0.0349171049893
87586,0.166821137071
87591,0.0173419825733
87592,0.0306360274553
87594,0.00563344825059
87596,0.0102921426296
87597,0.00209702295251
87598,0.00314816925675
87599,0.0295517034829
87600,0.0107283536345
87607,0.0582765340805
87608,0.0168691668659
87610,0.00492622097954
87611,0.0858915448189
87612,0.0133494324982
87613,0.00898058526218
87614,0.00723801134154
87617,0.00949676334858
87618,0.0385740958154
87620,0.0733205154538
87621,0.0473571680486
87622,0.022729113698
87624,0.0236233137548
87627,0.07193287462
87629,0.0174186062068
87630,0.0128755848855
87631,0.00318126170896
87634,0.0233860518783
87635,0.00294622569345
87637,0.0082379328087
87639,0.0136329550296
87640,0.0173419825733
87641,0.0101726921275
87646,0.0128307174891
87647,0.0505826994777
87648,0.0506210811436
87651,0.0159948132932
87655,0.0171373747289
87658,0.00717133935541
87659,0.00457262713462
87660,0.00765119446442
87661,0.0132740493864
87662,0.00541483704001
87664,0.0375335514545
87665,0.00779605656862
87668,0.0880332738161
87669,0.163568839431
87672,0.113315321505
87674,0.0194331053644
87678,0.00440649501979
87681,0.00983871519566
87683,0.0348565019667
87685,0.00402075517923
87686,0.00118708319496
87694,0.037678360939
87695,0.00359713681974
87696,0.00267547182739
87698,0.0358778089285
87699,0.082716114819
87701,0.00243943370879
87704,0.0178108867258
87706,0.0327610783279
87712,0.0637689381838
87714,0.133801445365
87715,0.0125182382762
87720,0.0649352222681
87722,0.0228262506425
87723,0.0680584907532
87726,0.0732916221023
87727,0.00278051756322
87728,0.0372371450067
87730,0.00429064780474
87731,0.0378815345466
87736,0.0157547798008
87737,0.0355861149728
87738,0.0616196244955
87739,0.100525818765
87743,0.0277871768922
87745,0.00145119521767
87746,0.0104666855186
87747,0.00333358463831
87748,0.0490418076515
87749,0.0196028240025
87751,0.104779116809
87753,0.016227722168
87755,0.122570224106
87759,0.00997906085104
87765,0.0210198536515
87767,0.0126522853971
87768,0.0168774891645
87770,0.285221785307
87773,0.0118989888579
87775,0.00796850584447
87776,0.00226233433932
87777,0.00774165987968
87778,0.0135895935819
87779,0.010770490393
87780,0.00686925696209
87781,0.00948811508715
87782,0.0148458275944
87784,0.181151807308
87785,0.0104382969439
87792,0.0377665534616
87794,0.00810246635228
87795,0.0945522412658
87796,0.0175025034696
87798,0.00367076974362
87799,0.00389154418372
87804,0.00448114844039
87805,0.0317854508758
87806,0.00862666964531
87807,0.0220985990018
87811,0.0377539023757
87812,0.00268246629275
87813,0.0310164764524
87819,0.014798075892
87820,0.00933888182044
87822,0.0451331548393
87824,0.0339321009815
87825,0.0422192178667
87828,0.0137340435758
87831,0.0108726778999
87833,0.0255321282893
87835,0.00496827391908
87840,0.0327435024083
87842,0.0216743778437
87843,0.093271099031
87844,0.100155308843
87845,0.0339901708066
87849,0.0204611513764
87850,0.0467208698392
87851,0.0341037064791
87855,0.0165837500244
87856,0.0303836502135
87857,0.184662371874
87867,0.0157851688564
87869,0.136222720146
87871,0.0220985990018
87873,0.00434960145503
87876,0.00623526144773
87878,0.00258954172023
87879,0.036773417145
87886,0.0386791713536
87887,0.00678253965452
87889,0.0278555843979
87890,0.0370104759932
87892,0.0192740764469
87894,0.0105384895578
87895,0.001415689243
87897,0.0487922504544
87898,0.00220067123882
87901,0.00134415924549
87902,0.0933814942837
87903,0.0127965472639
87904,0.182862743735
87906,0.183093830943
87908,0.0295522566885
87910,0.277850598097
87911,0.0477275140584
87913,0.0133170066401
87914,0.100819587708
87915,0.00283358967863
87916,0.0290525332093
87920,0.0161109380424
87921,0.00295080663636
87925,0.00575113529339
87926,0.0493361391127
87927,0.0263075754046
87928,0.106341347098
87932,0.00270750490017
87933,0.0454978123307
87934,0.00874504540116
87936,0.00146638927981
87937,0.00971564464271
87943,0.0691302791238
87944,0.09789609164
87945,0.152214303613
87947,0.00702610239387
87952,0.0234347209334
87953,0.0174293331802
87954,0.00331703992561
87958,0.00895847193897
87959,0.180243894458
87960,0.175315007567
87961,0.245827972889
87963,0.00140001752879
87964,0.0822246298194
87967,0.00240706070326
87969,0.0110428351909
87972,0.00502623617649
87974,0.00639058183879
87976,0.0193814150989
87978,0.199474066496
87981,0.0270818397403
87984,0.00754721602425
87986,0.0389018282294
87987,0.0013937423937
87988,0.00845997035503
87990,0.00964300986379
87991,0.0114342933521
87992,0.0533006973565
87997,0.0144488094375
87998,0.00228613754734
88000,0.00123996951152
88001,0.0390875674784
88002,0.00412700325251
88003,0.004832287319
88004,0.0956566035748
88005,0.0259155146778
88011,0.13211171329
88013,0.00315398536623
88014,0.0111749954522
88016,0.0798956230283
88017,0.00815967097878
88023,0.0149269644171
88027,0.00249372865073
88029,0.00930370856076
88030,0.02634623833
88032,0.00667886342853
88033,0.0109236519784
88034,0.0563676580787
88035,0.0925232768059
88037,0.00346221867949
88038,0.0186924748123
88039,0.0248239506036
88041,0.00574236223474
88042,0.00402353843674
88044,0.00463063875213
88046,0.0600259192288
88048,0.00948811508715
88051,0.0221090409905
88052,0.00856428500265
88056,0.0255321282893
88057,0.0197568219155
88060,0.0139877619222
88062,0.00307041639462
88064,0.208114802837
88068,0.0141994468868
88069,0.00248421845026
88071,0.00419554905966
88075,0.00726925441995
88076,0.0032783083152
88079,0.0139877619222
88081,0.217748492956
88082,0.0687926337123
88083,0.0950445607305
88084,0.0318670943379
88085,0.016413345933
88089,0.0165370684117
88090,0.0410014279187
88091,0.0395810194314
88093,0.183093830943
88094,0.00872702058405
88098,0.00753127457574
88101,0.0103853885084
88103,0.00928439386189
88104,0.00811420567334
88105,0.0683336183429
88106,0.00277846097015
88108,0.178152903914
88109,0.0428775399923
88111,0.0043225409463
88112,0.0200768858194
88116,0.00224586436525
88117,0.0114710088819
88120,0.0523912832141
88121,0.175315007567
88122,0.107623703778
88123,0.0022086976096
88124,0.00172790023498
88128,0.0245023984462
88132,0.0181538201869
88134,0.0245316680521
88135,0.016429733485
88138,0.0566473677754
88142,0.0344653204083
88144,0.00166522699874
88145,0.0123263783753
88149,0.0882540047169
88150,0.0170957464725
88151,0.0337201729417
88152,0.00698690256104
88153,0.0860131680965
88160,0.0190040264279
88164,0.00315008219332
88171,0.00332481460646
88172,0.00944017246366
88183,0.00966317299753
88184,0.0566320791841
88189,0.00570754380897
88190,0.00581310456619
88192,0.348539888859
88193,0.0102378353477
88194,0.183018386364
88201,0.0219525080174
88202,0.00507219322026
88203,0.0303122382611
88206,0.00767890783027
88207,0.0830694064498
88210,0.131625369191
88211,0.237387374043
88212,0.00177684728988
88213,0.00843371544033
88215,0.0154300779104
88219,0.00269161700271
88224,0.00230819452554
88225,0.0148024978116
88226,0.0196028240025
88227,0.0221486184746
88229,0.00245609739795
88230,0.0409718230367
88239,0.00334228877909
88243,0.0101803774014
88245,0.0128560541198
88247,0.152147784829
88248,0.0183262191713
88249,0.0171314477921
88250,0.0330580435693
88252,0.24089166522
88253,0.00945342052728
88256,0.0077158389613
88257,0.0418056063354
88258,0.0481839850545
88262,0.024041865021
88265,0.00618932023644
88267,0.00145387044176
88270,0.00495724193752
88274,0.0309721790254
88276,0.00374970026314
88277,0.0220188554376
88280,0.0173419825733
88281,0.240236803889
88283,0.0166622586548
88286,0.00411930633709
88293,0.0139515902847
88294,0.0340476930141
88295,0.0172810796648
88296,0.00286772591062
88297,0.0316680558026
88298,0.0186050217599
88301,0.153181135654
88303,0.0689684078097
88306,0.115716688335
88307,0.0807276815176
88311,0.0391477160156
88312,0.00755236111581
88314,0.185651510954
88321,0.0358103848994
88323,0.0609561093152
88324,0.0289126746356
88325,0.00837169308215
88326,0.00718221766874
88327,0.0102743310854
88331,0.0634944215417
88335,0.0593202747405
88337,0.0178861655295
88338,0.0024052716326
88339,0.00290697836317
88340,0.00253439764492
88345,0.0296434499323
88347,0.031025711447
88348,0.00162899470888
88357,0.0176669172943
88358,0.0141994468868
88359,0.0414421595633
88360,0.00306317512877
88361,0.0422221086919
88363,0.00241825520061
88364,0.00270942668431
88368,0.00243320013396
88370,0.00898619741201
88371,0.011156979017
88373,0.00340551440604
88374,0.00608655903488
88375,0.0242073405534
88376,0.00434143794701
88379,0.00933947693557
88382,0.00626749033108
88383,0.00546009279788
88385,0.117837160826
88386,0.00319748697802
88389,0.00491701764986
88393,0.00581256998703
88396,0.217169135809
88397,0.0196028240025
88399,0.0104185743257
88401,0.0069106053561
88404,0.037146974355
88406,0.00604653358459
88409,0.00961712002754
88411,0.139729887247
88414,0.00287752156146
88416,0.00523481238633
88417,0.166511937976
88419,0.0315986350179
88422,0.0173419825733
88424,0.0018524157349
88425,0.0110428351909
88428,0.00569586874917
88429,0.0297773554921
88435,0.129513368011
88441,0.0264999028295
88442,0.00467827077955
88443,0.0169678349048
88450,0.0220142714679
88451,0.0127019360662
88453,0.00447661569342
88454,0.0227775797248
88455,0.197106927633
88456,0.00280114682391
88458,0.0160800218582
88459,0.014717835933
88460,0.0802269205451
88461,0.00470376014709
88462,0.00277746398933
88463,0.00257346150465
88464,0.0387180112302
88468,0.00565494317561
88469,0.00322502641939
88473,0.00526892580092
88476,0.0016022286145
88477,0.150433465838
88478,0.00457959715277
88480,0.00641928287223
88483,0.0197809468955
88485,0.00372875411995
88487,0.0364300496876
88488,0.0019590521697
88490,0.0110913645476
88491,0.00613661762327
88492,0.00623260578141
88493,0.00263207824901
88494,0.0894243866205
88496,0.0140911843628
88497,0.0115987882018
88498,0.00529159419239
88502,0.00625033304095
88503,0.0100486539304
88504,0.0196028240025
88511,0.00245313881896
88512,0.0221731681377
88513,0.186161994934
88515,0.0234494078904
88517,0.00116271944717
88522,0.0158581417054
88523,0.00403101695701
88525,0.00137558171991
88527,0.00460260687396
88530,0.0220291353762
88531,0.0272939968854
88536,0.0569003671408
88541,0.0168823227286
88546,0.0471011474729
88547,0.00670733489096
88548,0.00948811508715
88550,0.0196181833744
88551,0.0160546619445
88555,0.00766214262694
88556,0.0241247918457
88558,0.0327646024525
88559,0.022211747244
88560,0.018237253651
88561,0.00273730396293
88565,0.0352876186371
88566,0.109643496573
88570,0.0545477755368
88571,0.00709530012682
88572,0.0198842771351
88573,0.0106371138245
88574,0.0107013219967
88582,0.00251240259968
88586,0.0346840843558
88588,0.013739018701
88590,0.0773972049356
88594,0.134906709194
88599,0.00762540567666
88601,0.0293390918523
88602,0.00526784406975
88604,0.0016520897625
88605,0.0118423793465
88606,0.00258812471293
88609,0.00205524149351
88611,0.0255630407482
88612,0.00279424642213
88613,0.0107776205987
88614,0.0281089693308
88617,0.00313185853884
88618,0.00433524418622
88621,0.017953813076
88624,0.00164888077416
88627,0.0103757679462
88630,0.00626002019271
88631,0.00999536458403
88632,0.00609201658517
88636,0.00408400641754
88637,0.0109470970929
88638,0.234710514545
88639,0.00205801893026
88640,0.0553166083992
88641,0.00312831462361
88643,0.0137923024595
88645,0.00341826304793
88646,0.00584377441555
88647,0.0272956695408
88649,0.296508073807
88652,0.0359373092651
88653,0.00847098138183
88654,0.106341347098
88655,0.0789155364037
88659,0.0223171897233
88660,0.00375239108689
88661,0.059886816889
88662,0.0125643927604
88664,0.0104187270626
88666,0.0052349511534
88667,0.0809931755066
88670,0.00280366512015
88671,0.199315279722
88672,0.0199485570192
88674,0.0535755418241
88676,0.0220985990018
88677,0.0141994468868
88679,0.0696294382215
88680,0.0367194935679
88684,0.00881026312709
88688,0.0202774982899
88690,0.00290294666775
88691,0.029133271426
88695,0.273513138294
88698,0.002606427297
88702,0.00208301842213
88703,0.00409736763686
88704,0.00143995729741
88705,0.0178158581257
88709,0.0598698295653
88712,0.0186264161021
88714,0.0318670943379
88716,0.00202822871506
88717,0.0116680907086
88718,0.00248161680065
88719,0.0576621852815
88723,0.00948811508715
88725,0.0148458275944
88726,0.108786001801
88728,0.00239237723872
88730,0.0252581629902
88731,0.0139633901417
88732,0.0165158417076
88735,0.0196028240025
88736,0.0341473072767
88739,0.0161487273872
88740,0.0414187349379
88741,0.0180802326649
88743,0.00414458615705
88745,0.00821729935706
88747,0.00318631483242
88748,0.194455951452
88750,0.0161502286792
88751,0.0855488702655
88752,0.111336492002
88753,0.00150662264787
88755,0.21714143455
88756,0.117012873292
88759,0.05246873945
88761,0.00241441163234
88763,0.113732002676
88765,0.0736016184092
88767,0.0229676514864
88768,0.0037982231006
88769,0.00457057403401
88770,0.00247893971391
88771,0.00915733538568
88773,0.217471420765
88776,0.00277365627699
88779,0.00548918358982
88780,0.00275783077814
88781,0.0939353331923
88782,0.0128351813182
88783,0.00196622172371
88784,0.00692353397608
88785,0.0170797370374
88786,0.235789403319
88788,0.0172358136624
88794,0.0032522471156
88795,0.0545123592019
88796,0.00385838304646
88799,0.0289563909173
88801,0.00128567032516
88803,0.177686169744
88804,0.00149117852561
88807,0.0018684559036
88810,0.00301440199837
88811,0.0159947611392
88812,0.0196701977402
88814,0.0093826437369
88816,0.0120017062873
88819,0.00471345661208
88820,0.0177927780896
88821,0.0147967273369
88822,0.00130634114612
88826,0.00263512437232
88827,0.0363625362515
88828,0.0104721393436
88829,0.00242398004048
88831,0.164333090186
88832,0.0348334088922
88833,0.0190239846706
88837,0.00948858540505
88840,0.0143030071631
88841,0.0276335887611
88842,0.00218566786498
88843,0.00968385674059
88844,0.0196028240025
88845,0.0633293092251
88847,0.00559259485453
88848,0.00384728680365
88850,0.00499138841406
88851,0.00317591475323
88852,0.00309595069848
88853,0.00129866099451
88854,0.00627728691325
88855,0.0120729077607
88857,0.00973762571812
88863,0.0166914332658
88864,0.0533080920577
88867,0.00267790583894
88868,0.0104272551835
88869,0.0459602996707
88870,0.0352935269475
88871,0.0130327092484
88873,0.015674136579
88875,0.0182617008686
88877,0.00696864770725
88878,0.0325774885714
88884,0.00754719506949
88885,0.00948811508715
88886,0.0183252375573
88887,0.0242410860956
88888,0.0145423766226
88890,0.00305345025845
88891,0.094888523221
88892,0.0212880726904
88893,0.0196526665241
88894,0.00716045266017
88895,0.0168709214777
88898,0.037898875773
88900,0.0330152176321
88903,0.00761217391118
88904,0.136547550559
88907,0.00147274753544
88908,0.00954881403595
88913,0.00772573566064
88914,0.00251380586997
88915,0.0674728304148
88917,0.180243894458
88920,0.0220985990018
88921,0.00722506409511
88924,0.0348908565938
88926,0.0397563315928
88928,0.00264474004507
88929,0.0381469279528
88930,0.00933247804642
88933,0.183093830943
88934,0.00769523950294
88936,0.106341347098
88937,0.0117006991059
88944,0.0161531083286
88945,0.0154300779104
88947,0.00473510567099
88950,0.0294485446066
88951,0.169457599521
88953,0.00594169134274
88954,0.011146415025
88958,0.0188285838813
88959,0.158768460155
88961,0.00641577737406
88963,0.0024322301615
88964,0.219568014145
88965,0.141497537494
88967,0.184037417173
88970,0.0268935915083
88972,0.0018066422781
88975,0.0102169206366
88976,0.0188194904476
88984,0.112330824137
88985,0.0411040894687
88986,0.0307153761387
88989,0.0020939449314
88990,0.0134289935231
88991,0.0329290628433
88994,0.0163693856448
88995,0.0789850950241
89000,0.0471261180937
89006,0.00485396105796
89007,0.00783918239176
89008,0.0121200773865
89009,0.00206921622157
89011,0.0341385416687
89013,0.0165799167007
89015,0.0151103278622
89018,0.236227318645
89019,0.0122702354565
89021,0.0301175042987
89022,0.0196028240025
89023,0.0182049889117
89025,0.0219532903284
89026,0.0474343299866
89028,0.157445728779
89031,0.00132765818853
89033,0.0318670943379
89034,0.00479981582612
89035,0.0014293451095
89037,0.109282672405
89041,0.0112530412152
89042,0.0480940975249
89045,0.0407668873668
89046,0.0767215937376
89047,0.00860130507499
89048,0.00764714041725
89049,0.0238247364759
89050,0.0137657606974
89052,0.00527921039611
89053,0.0546593666077
89055,0.0244906228036
89057,0.00443448731676
89058,0.0170834995806
89059,0.0196028240025
89061,0.00515144737437
89063,0.0204506460577
89064,0.194171801209
89070,0.00627873884514
89073,0.0166230127215
89074,0.0205509122461
89077,0.0101390508935
89078,0.0884736180305
89082,0.00512927630916
89089,0.00226620165631
89090,0.00203380826861
89091,0.00138280529063
89093,0.00302960467525
89097,0.00284291920252
89099,0.26053956151
89100,0.069281861186
89102,0.0845180079341
89107,0.159653708339
89109,0.128259539604
89110,0.00679996889085
89111,0.00238480302505
89112,0.472933888435
89115,0.102605178952
89117,0.0032320083119
89118,0.0318670943379
89121,0.0191594772041
89122,0.00715890014544
89124,0.00197351397946
89128,0.216957822442
89129,0.00603538705036
89131,0.00125971343368
89134,0.0583481304348
89138,0.00664015021175
89140,0.00855962559581
89141,0.180243894458
89147,0.11988093704
89161,0.0358077511191
89166,0.00631926441565
89167,0.0447769127786
89169,0.018088946119
89170,0.00241519720294
89171,0.0145023399964
89173,0.00685314042494
89176,0.0127019360662
89178,0.0343682058156
89179,0.21115359664
89181,0.212051540613
89182,0.0344106517732
89184,0.0479496009648
89185,0.0173419825733
89186,0.0584212169051
89187,0.00335183576681
89188,0.00600480800495
89190,0.170857533813
89195,0.221837893128
89196,0.020498611033
89197,0.233702838421
89199,0.00345707312226
89201,0.003114474006
89202,0.0313373245299
89209,0.0334002226591
89211,0.146135479212
89213,0.00430571660399
89214,0.15491566062
89215,0.0157403834164
89216,0.0285140872002
89218,0.0617748387158
89221,0.00671729492024
89222,0.00292045460083
89225,0.145343109965
89226,0.0196028240025
89230,0.128895282745
89232,0.0250165443867
89233,0.00285577354953
89236,0.00943589769304
89238,0.003402502276
89239,0.00337041774765
89240,0.0840093269944
89241,0.0684982389212
89242,0.0232588071376
89245,0.0305697452277
89247,0.0103847850114
89249,0.0117225712165
89253,0.260215103626
89254,0.0133936870843
89256,0.00336253037676
89257,0.0444494634867
89258,0.0215522907674
89259,0.0103433411568
89260,0.00261244247667
89262,0.00392772676423
89264,0.0145402923226
89265,0.0755596384406
89266,0.0363219119608
89271,0.0549582540989
89274,0.00300477445126
89275,0.047919485718
89281,0.00412922585383
89284,0.00243156845681
89285,0.0237412992865
89287,0.0464783348143
89291,0.0257949195802
89292,0.0141994468868
89293,0.0792656615376
89294,0.00784516334534
89295,0.219081327319
89299,0.225401625037
89302,0.00966518558562
89303,0.0063745547086
89305,0.0446271859109
89308,0.00423265667632
89311,0.0103664249182
89313,0.0214881636202
89315,0.00591565482318
89316,0.014657731168
89318,0.0196028240025
89319,0.00926814414561
89320,0.0294225234538
89321,0.00243599899113
89325,0.222158655524
89327,0.182694420218
89328,0.128675058484
89329,0.00299322302453
89330,0.0237634405494
89331,0.0189315155149
89335,0.0121452249587
89336,0.0406074523926
89338,0.0208261106163
89339,0.0303087346256
89342,0.0131478980184
89343,0.0196028240025
89344,0.0176755338907
89348,0.0126584991813
89349,0.00315523589961
89350,0.00307194353081
89354,0.112330824137
89359,0.0331237614155
89362,0.00901974644512
89365,0.0153870359063
89366,0.0025832077954
89371,0.0268913321197
89374,0.00235561630689
89375,0.0298362392932
89376,0.00157527963165
89380,0.133105531335
89381,0.00325903412886
89384,0.00194772460964
89386,0.031212694943
89387,0.0131638133898
89388,0.00157683121506
89389,0.156180977821
89390,0.00423616729677
89393,0.0419845953584
89396,0.179096341133
89397,0.0196028240025
89402,0.00999754946679
89405,0.00417956570163
89407,0.00193719996605
89409,0.00205952255055
89410,0.0159751847386
89412,0.0181067828089
89414,0.0773064419627
89415,0.00532938353717
89417,0.0273206029087
89420,0.0322391279042
89421,0.0152997653931
89422,0.0218964386731
89426,0.011411360465
89435,0.167927995324
89437,0.0141994468868
89440,0.00636884011328
89441,0.303867131472
89451,0.0121496245265
89454,0.197227954865
89456,0.00926814414561
89458,0.0583656765521
89460,0.00132226350252
89463,0.00408029602841
89464,0.00520131597295
89468,0.0144053148106
89469,0.0510358922184
89470,0.00298715452664
89471,0.228166207671
89476,0.0178278945386
89480,0.00733756925911
89482,0.168633535504
89484,0.249813959002
89485,0.0145423766226
89487,0.00947208981961
89490,0.00905447266996
89494,0.0057656345889
89495,0.015273953788
89496,0.0882185921073
89497,0.00809770915657
89498,0.0336661189795
89503,0.010770490393
89504,0.00524879107252
89509,0.0141994468868
89511,0.00506379269063
89512,0.010800210759
89514,0.0104400264099
89520,0.102325074375
89523,0.303867131472
89526,0.0187276862562
89527,0.00698156142607
89528,0.0142697477713
89529,0.00948811508715
89532,0.0164501816034
89533,0.00851938687265
89537,0.00534863350913
89539,0.00948811508715
89541,0.10326679796
89545,0.00193366641179
89546,0.00381509005092
89548,0.0516889356077
89549,0.0161992851645
89550,0.131326138973
89553,0.00253731873818
89554,0.047498781234
89556,0.00263198185712
89559,0.0307153761387
89561,0.00191132898908
89562,0.0141994468868
89563,0.0429742746055
89564,0.153244554996
89569,0.0820008516312
89570,0.00320943957195
89576,0.00744432397187
89578,0.0919131189585
89579,0.00477329874411
89580,0.006699396763
89582,0.2235866189
89583,0.0104360021651
89584,0.00510027306154
89587,0.00334086432122
89589,0.0229490790516
89591,0.00622545368969
89594,0.055767647922
89596,0.0242706146091
89597,0.0189459975809
89598,0.11012353003
89600,0.0200783088803
89601,0.146840170026
89607,0.00143424619455
89610,0.0192635226995
89611,0.0156279429793
89613,0.0810612291098
89615,0.0181449111551
89617,0.00932539161295
89618,0.0377969034016
89619,0.0285441037267
89620,0.0106985159218
89621,0.0079404534772
89624,0.0145423766226
89629,0.00880332943052
89630,0.00207813456655
89632,0.0167137216777
89634,0.0141170443967
89635,0.0695542246103
89636,0.0595571659505
89638,0.00721944356337
89644,0.146135479212
89646,0.0172886997461
89648,0.0230318140239
89649,0.00595496315509
89650,0.00219136686064
89651,0.00605315994471
89652,0.00959403533489
89653,0.0374177210033
89655,0.202736780047
89657,0.0587606541812
89658,0.0212534610182
89659,0.209072783589
89660,0.0196028240025
89670,0.0721803382039
89673,0.00689219264314
89674,0.00252060173079
89675,0.123449273407
89676,0.0147726107389
89678,0.0232854001224
89680,0.0165465958416
89687,0.0277389381081
89690,0.0316680558026
89691,0.00318000535481
89692,0.0157547798008
89694,0.0319265425205
89695,0.19667096436
89696,0.00618449691683
89697,0.00517346803099
89698,0.0188097804785
89699,0.00399652961642
89703,0.210295155644
89705,0.0726987719536
89706,0.0196028240025
89709,0.0405923016369
89712,0.067257463932
89713,0.0310934539884
89714,0.243798583746
89715,0.00936860498041
89719,0.174475893378
89721,0.0251410361379
89723,0.00361529341899
89725,0.00513476878405
89726,0.015079177916
89727,0.0707077905536
89728,0.007867381908
89730,0.0193492416292
89732,0.0154685042799
89733,0.00266748853028
89735,0.0098859583959
89736,0.0171573590487
89737,0.0048713083379
89739,0.0339564234018
89742,0.0198699422181
89743,0.0253580026329
89744,0.0842898115516
89745,0.00194504123647
89746,0.007276377175
89747,0.00796079728752
89749,0.054897647351
89752,0.0116824619472
89754,0.010826238431
89755,0.0189208146185
89756,0.00205877888948
89757,0.115032069385
89758,0.115552946925
89760,0.0468728765845
89762,0.00460337800905
89764,0.0780803784728
89765,0.00196391739883
89766,0.0506340563297
89767,0.0176157392561
89768,0.0102276261896
89769,0.0162114631385
89772,0.010770490393
89773,0.00675901863724
89774,0.0158488415182
89775,0.157189056277
89776,0.00782553479075
89778,0.0257832389325
89779,0.0739375278354
89781,0.0198769457638
89783,0.0406074523926
89784,0.0375772044063
89785,0.173346236348
89786,0.00221879431047
89789,0.0210223514587
89792,0.0354772433639
89795,0.0191188100725
89797,0.0135069582611
89798,0.00268089375459
89801,0.0222818180919
89802,0.00232149334624
89804,0.0148288821802
89805,0.00344865443185
89809,0.00241554877721
89813,0.0112969381735
89814,0.00922947563231
89818,0.0065479320474
89819,0.0325886979699
89820,0.0826204195619
89821,0.0374610759318
89822,0.00605848385021
89824,0.00721554458141
89826,0.00524560501799
89828,0.0036273940932
89829,0.0139608811587
89830,0.219848498702
89836,0.0167439877987
89837,0.00239932956174
89838,0.00618391670287
89840,0.171088069677
89841,0.00148929678835
89844,0.0376098155975
89845,0.0136556988582
89848,0.00474823219702
89849,0.0246766563505
89852,0.00385356182232
89855,0.0026294272393
89856,0.00248161680065
89857,0.0158771444112
89859,0.00599104026332
89860,0.00557037675753
89862,0.10979783535
89867,0.0327610783279
89868,0.00167401367798
89869,0.0250812470913
89874,0.00133322330657
89875,0.0123213874176
89876,0.0091149546206
89878,0.00289900461212
89879,0.0830129534006
89880,0.0198759436607
89881,0.00200804346241
89888,0.0115713179111
89893,0.00664844596758
89896,0.183093830943
89899,0.100706748664
89900,0.0161979012191
89903,0.00598341180012
89905,0.00312637747265
89906,0.155280217528
89907,0.00648183934391
89908,0.00981073919684
89911,0.0180273391306
89916,0.00442408956587
89921,0.00948811508715
89922,0.109069608152
89925,0.0492977537215
89928,0.0344653204083
89932,0.0242857728153
89933,0.0407354533672
89934,0.00127895234618
89935,0.0146029153839
89936,0.00278541003354
89938,0.0431422516704
89946,0.106341347098
89947,0.0260728448629
89948,0.00500842556357
89949,0.0179750882089
89951,0.00260239420459
89952,0.00286772591062
89959,0.009695767425
89960,0.0241390038282
89962,0.157189056277
89966,0.118835158646
89968,0.020605398342
89970,0.0114310923964
89971,0.292237311602
89973,0.176684871316
89976,0.0157988052815
89978,0.0220985990018
89979,0.0127695826814
89980,0.00250680674799
89982,0.103904806077
89983,0.0127695826814
89984,0.00973762571812
89985,0.0298068467528
89986,0.226397290826
89991,0.0197366438806
89998,0.120413176715
89999,0.197273865342
90002,0.0128812585026
90003,0.0534377023578
90004,0.0113421166316
90005,0.0265132468194
90006,0.0302814543247
90008,0.12618303299
90010,0.0030393130146
90013,0.00655270088464
90017,0.0211482774466
90019,0.0146731594577
90021,0.0526373051107
90022,0.00365385599434
90023,0.289452880621
90024,0.00236929138191
90026,0.183065578341
90028,0.036017395556
90034,0.019219012931
90038,0.0227084755898
90040,0.00524752121419
90044,0.183093830943
90047,0.00450927484781
90052,0.0453833006322
90055,0.215081125498
90058,0.0024297463242
90059,0.031102757901
90061,0.0154949761927
90062,0.00830553285778
90063,0.00888898596168
90064,0.00393281923607
90065,0.0239786636084
90066,0.0047846022062
90067,0.0167464632541
90071,0.0100887194276
90073,0.00116271944717
90074,0.00161796435714
90076,0.00241429661401
90078,0.00280905771069
90080,0.00260531925596
90081,0.0133729912341
90083,0.176056653261
90084,0.0097935590893
90089,0.00278245401569
90091,0.0349171049893
90092,0.253528177738
90093,0.100706748664
90098,0.265641123056
90101,0.0037031956017
90104,0.00125235051382
90107,0.00302438670769
90109,0.0148777738214
90110,0.0215362925082
90111,0.00337893678807
90113,0.222753569484
90114,0.0239110514522
90115,0.0364357978106
90118,0.010693914257
90119,0.00189418019727
90120,0.0118402084336
90121,0.00740516278893
90124,0.00293204654008
90129,0.0236519332975
90132,0.00185131747276
90133,0.108757853508
90135,0.0302657596767
90137,0.00723948469386
90140,0.0154429050162
90143,0.00374741200358
90147,0.0173309836537
90148,0.184171840549
90149,0.0152046121657
90151,0.0514418780804
90154,0.0068536857143
90158,0.00270072929561
90161,0.180243894458
90164,0.0114676775411
90166,0.00308423023671
90168,0.00212404131889
90171,0.120047196746
90173,0.0045929979533
90175,0.00948811508715
90177,0.0327064394951
90179,0.0571510121226
90180,0.012530404143
90181,0.0296434499323
90182,0.00955542735755
90183,0.0256750062108
90184,0.0819421857595
90185,0.0196526665241
90186,0.0093826437369
90188,0.00265928334557
90190,0.0180050265044
90191,0.0110781928524
90194,0.0464690811932
90196,0.00508871302009
90200,0.00301852612756
90202,0.128027424216
90204,0.0345430001616
90205,0.281813025475
90208,0.00202586641535
90211,0.0288403872401
90214,0.00895577203482
90215,0.00287094293162
90216,0.00274256756529
90217,0.0163311641663
90221,0.0144786769524
90222,0.0302047468722
90224,0.0196028240025
90225,0.0990368574858
90226,0.0448217540979
90229,0.0405100174248
90232,0.00296208937652
90233,0.111632630229
90238,0.059747852385
90239,0.00882916338742
90240,0.00210501207039
90241,0.00164136337116
90247,0.0456964708865
90248,0.0149907758459
90249,0.0588929504156
90250,0.00220082094893
90251,0.00522051425651
90253,0.0331474244595
90254,0.173081427813
90257,0.00948766618967
90260,0.0495247580111
90262,0.0108069628477
90264,0.00394482212141
90268,0.0433095060289
90270,0.0242706146091
90272,0.00317591475323
90275,0.0147008020431
90277,0.0246845297515
90278,0.00642696395516
90280,0.0252015162259
90282,0.0154300779104
90283,0.0115264216438
90284,0.0103895198554
90286,0.0173231903464
90288,0.0093846693635
90291,0.111465595663
90292,0.0114658614621
90293,0.0480404682457
90294,0.00537752639502
90296,0.153144389391
90298,0.241804152727
90300,0.0103319846094
90301,0.0226602423936
90303,0.0071842414327
90304,0.0319528244436
90306,0.00138863699976
90309,0.187361717224
90313,0.158441826701
90314,0.227852612734
90315,0.00235870014876
90316,0.0691322609782
90319,0.0148609746248
90320,0.0024488568306
90321,0.00419710716233
90322,0.00558181433007
90323,0.0101514915004
90325,0.0039121042937
90326,0.0064158225432
90328,0.00631347624585
90330,0.0153645705432
90331,0.238555639982
90333,0.224767044187
90334,0.011086365208
90335,0.0210079047829
90341,0.0150048090145
90342,0.00300185312517
90343,0.0905966162682
90345,0.019054081291
90346,0.00317606260069
90347,0.026363382116
90349,0.0553247593343
90352,0.0109758079052
90354,0.0196028240025
90358,0.00702204462141
90360,0.0128230126575
90363,0.00303116184659
90364,0.0800204649568
90366,0.00360246095806
90369,0.00712531385943
90371,0.014629391022
90372,0.00500917900354
90374,0.00260637258179
90378,0.0124012744054
90379,0.00948811508715
90380,0.023975616321
90386,0.00323845120147
90388,0.0255321282893
90389,0.0077341068536
90392,0.0431734248996
90394,0.0426691658795
90396,0.00287381745875
90399,0.00363461021334
90405,0.156876057386
90406,0.0560365207493
90407,0.00266621517949
90408,0.00737142330036
90409,0.0208203494549
90413,0.0180172249675
90414,0.0124012744054
90415,0.0154300779104
90416,0.0804403349757
90418,0.0309451669455
90420,0.012517365627
90423,0.0423387140036
90424,0.0936256945133
90425,0.0901968479156
90427,0.0330580435693
90430,0.24705389142
90431,0.0435186028481
90432,0.0165611281991
90435,0.0379272773862
90438,0.0472818799317
90439,0.0129922525957
90440,0.0224081929773
90448,0.017388002947
90449,0.0447337180376
90452,0.00780849717557
90454,0.00948811508715
90455,0.164334267378
90456,0.0196028240025
90457,0.0515824444592
90459,0.121282868087
90460,0.0751639530063
90463,0.0550658367574
90468,0.0138613535091
90469,0.0177446417511
90470,0.00792645197362
90471,0.229478180408
90473,0.0238848160952
90475,0.015172438696
90477,0.0834514796734
90481,0.00250214780681
90486,0.00166555668693
90488,0.0377504751086
90489,0.256098568439
90493,0.0185972750187
90495,0.289452880621
90496,0.135062471032
90497,0.00319375493564
90498,0.00257078232244
90499,0.233702838421
90503,0.00235952041112
90504,0.0109647158533
90508,0.0131907928735
90513,0.00877490267158
90521,0.00863770768046
90523,0.0270032547414
90524,0.0130767533556
90525,0.0309671517462
90527,0.187840536237
90528,0.260215103626
90530,0.0346851870418
90540,0.0382399298251
90542,0.019731413573
90543,0.018375730142
90544,0.0061103166081
90547,0.038173802197
90548,0.00246493495069
90549,0.0499631538987
90550,0.117949604988
90553,0.0106280148029
90556,0.00399991916493
90557,0.020426236093
90560,0.1792999506
90562,0.00971564464271
90563,0.00280286534689
90565,0.00219596014358
90566,0.25013628602
90569,0.0985816866159
90579,0.0220142714679
90582,0.325842261314
90583,0.0307153761387
90584,0.00497996527702
90586,0.00493006035686
90588,0.198691383004
90590,0.010770490393
90591,0.00197763112374
90593,0.00216127373278
90595,0.0135147506371
90599,0.0322181209922
90601,0.00450404640287
90605,0.0707966685295
90609,0.00850335974246
90612,0.0335471518338
90613,0.00705575291067
90614,0.0186338275671
90615,0.0218013264239
90617,0.067131139338
90620,0.105421550572
90623,0.00382931367494
90625,0.141299918294
90628,0.00223061419092
90629,0.0141994468868
90630,0.00382211897522
90631,0.0119526376948
90633,0.0123308319598
90634,0.0104455733672
90635,0.00432898756117
90637,0.0854481905699
90638,0.00118414114695
90640,0.00986526627094
90641,0.0101313684136
90642,0.0161387231201
90643,0.0207647252828
90644,0.225221693516
90645,0.0197368934751
90648,0.002296223538
90649,0.172752872109
90650,0.0710880681872
90652,0.0151526797563
90653,0.00638570031151
90654,0.0185478311032
90655,0.0314973630011
90658,0.00419221911579
90659,0.0406378358603
90661,0.186029553413
90662,0.00556477392092
90663,0.0240532550961
90664,0.129806265235
90666,0.0307260174304
90670,0.0302531048656
90671,0.0114162294194
90672,0.0464210249484
90674,0.0325426757336
90678,0.00383154628798
90680,0.0196028240025
90681,0.011032871902
90689,0.00418581999838
90690,0.00168262526859
90691,0.00258733937517
90693,0.00827940925956
90694,0.0314075313509
90696,0.00191717152484
90697,0.0106844091788
90698,0.0149907758459
90699,0.0168711524457
90700,0.0152279986069
90703,0.144174739718
90707,0.00958743132651
90708,0.0158727858216
90709,0.0196028240025
90711,0.00263786269352
90712,0.0637780055404
90713,0.0817320272326
90714,0.0245566740632
90716,0.0567534901202
90717,0.00137356575578
90722,0.0196028240025
90723,0.178160771728
90726,0.00672196084633
90727,0.225757718086
90729,0.0851584300399
90730,0.00223460583948
90731,0.0125094279647
90732,0.166220039129
90734,0.0332303829491
90735,0.164333090186
90736,0.149692520499
90737,0.00568741420284
90744,0.0154887065291
90748,0.00308649614453
90750,0.00376277999021
90751,0.065839715302
90755,0.00217429245822
90757,0.0240103844553
90763,0.00237439223565
90766,0.203772425652
90770,0.00952379032969
90774,0.0313974767923
90775,0.0152716366574
90776,0.0313876271248
90779,0.19291998446
90781,0.0119806965813
90784,0.0606492049992
90786,0.0676153078675
90787,0.002534319181
90791,0.0292380731553
90795,0.0640698671341
90796,0.0121838562191
90802,0.0177191868424
90806,0.0367192812264
90807,0.182661965489
90808,0.0137934377417
90809,0.007678729482
90810,0.01817455329
90811,0.063647583127
90814,0.00261162640527
90815,0.00701562734321
90816,0.0392916873097
90819,0.0348621606827
90821,0.0386892519891
90822,0.00225043017417
90823,0.00912945438176
90824,0.182862743735
90826,0.199514046311
90828,0.0839608088136
90830,0.00543043483049
90835,0.0314762368798
90836,0.186126962304
90837,0.014566835016
90841,0.00589057710022
90842,0.00693672290072
90845,0.014724386856
90847,0.00200804346241
90848,0.0154730658978
90849,0.026028752327
90850,0.00366089167073
90854,0.0109014278278
90855,0.289144873619
90856,0.00207121321
90857,0.00257016136311
90858,0.0095576569438
90861,0.0588032305241
90862,0.0159228667617
90863,0.0125039517879
90864,0.00388154410757
90865,0.00256989616901
90867,0.00635324325413
90868,0.268057852983
90872,0.0227097086608
90874,0.0321904458106
90875,0.0105658117682
90880,0.0233719833195
90881,0.0304951369762
90882,0.0179737415165
90883,0.0130329113454
90889,0.00913363974541
90890,0.00433595851064
90894,0.00579757429659
90895,0.0362563617527
90896,0.00233825063333
90898,0.00325021357276
90899,0.00333205307834
90900,0.00820499658585
90905,0.00257491227239
90910,0.0460222810507
90911,0.00245486292988
90914,0.0502692759037
90917,0.00273049273528
90918,0.00936044752598
90919,0.0726491063833
90920,0.0109121678397
90921,0.00142196158413
90927,0.0775813236833
90929,0.0216816347092
90930,0.0420194864273
90931,0.0113328751177
90932,0.00767434900627
90934,0.00234871008433
90935,0.086069650948
90936,0.00355359632522
90939,0.0198759436607
90940,0.0997265279293
90944,0.0119998920709
90946,0.108562223613
90948,0.0272182580084
90955,0.018512699753
90957,0.0172445066273
90958,0.0163393691182
90960,0.00723651004955
90961,0.00943285413086
90964,0.00975699350238
90966,0.0241576898843
90967,0.0264378581196
90970,0.0355863906443
90971,0.00614574132487
90972,0.0023299860768
90973,0.0315584167838
90974,0.0173367913812
90976,0.0222656950355
90978,0.191217407584
90979,0.0034608701244
90981,0.00294348713942
90983,0.0201983321458
90984,0.00371688674204
90986,0.0405922494829
90987,0.35430547595
90990,0.010332881473
90992,0.00860903784633
90995,0.0109836263582
91002,0.00960756465793
91004,0.010770490393
91005,0.00215455680154
91006,0.017993433401
91007,0.040980104357
91008,0.00203382084146
91010,0.0144930873066
91011,0.00374805321917
91013,0.0116422027349
91014,0.00247984798625
91015,0.00238768290728
91016,0.00355227105319
91018,0.0165810920298
91019,0.0102819716558
91021,0.0797805786133
91025,0.0046956660226
91026,0.271309763193
91028,0.10319378227
91031,0.00141772790812
91042,0.0148001126945
91043,0.167927995324
91045,0.00576033676043
91047,0.0286045409739
91049,0.00890327617526
91050,0.0300159528852
91052,0.0423159152269
91056,0.00426057493314
91057,0.00424365000799
91058,0.0256017073989
91059,0.0159219615161
91061,0.0387698672712
91062,0.00677315657958
91064,0.00319462502375
91065,0.00339188612998
91068,0.0128237614408
91069,0.00318880239502
91070,0.00169881130569
91071,0.122351400554
91074,0.00356097379699
91075,0.0969168916345
91081,0.00315511901863
91082,0.00303608970717
91084,0.00989484041929
91086,0.00371818663552
91087,0.0196028240025
91088,0.00400464609265
91089,0.00230815401301
91090,0.00321690156125
91092,0.00860475376248
91098,0.0213346779346
91100,0.0101140523329
91101,0.009695767425
91102,0.00316734425724
91103,0.014546778053
91105,0.0121413646266
91107,0.0162198990583
91109,0.00290476903319
91110,0.0074654254131
91112,0.0535428375006
91113,0.0310287605971
91115,0.159422114491
91120,0.0213144160807
91122,0.00298747536726
91125,0.0140506280586
91128,0.0022183530964
91129,0.00192517461255
91130,0.0775939002633
91133,0.0196028240025
91134,0.00936860498041
91135,0.00229026773013
91137,0.284042745829
91142,0.00206921622157
91143,0.00423088856041
91145,0.00244260346517
91147,0.0764929130673
91148,0.0700264573097
91150,0.0113605624065
91153,0.0394029580057
91155,0.0119279911742
91156,0.00948811508715
91157,0.15905880928
91160,0.00288253184408
91165,0.00259745703079
91167,0.00419882545248
91168,0.176368325949
91169,0.00406438950449
91170,0.00941293220967
91173,0.0105739198625
91178,0.0184452626854
91179,0.0408321581781
91181,0.00389030040242
91182,0.0205348785967
91188,0.0134651325643
91191,0.00154822447803
91192,0.0233099162579
91193,0.00361782964319
91195,0.00256360555068
91196,0.0902756080031
91198,0.00204655062407
91199,0.0172274075449
91206,0.157189056277
91207,0.0155191291124
91209,0.0114368963987
91210,0.0196028240025
91211,0.00402667140588
91212,0.0185573864728
91213,0.00948784593493
91214,0.0274606775492
91216,0.0324150659144
91220,0.00173559703398
91223,0.27381747961
91226,0.0183064807206
91228,0.044185757637
91230,0.0198013819754
91231,0.217169135809
91234,0.0304810348898
91235,0.00188721541781
91237,0.0220985990018
91238,0.00279429042712
91239,0.00292983395047
91240,0.0322870723903
91241,0.0121325710788
91242,0.00412227492779
91250,0.04707178846
91251,0.00583584513515
91255,0.0212604161352
91259,0.0029289117083
91260,0.00266106589697
91263,0.00265807448886
91264,0.00124886981212
91266,0.00315063190646
91267,0.00193961407058
91272,0.014359716326
91273,0.0423942953348
91274,0.00489304307848
91281,0.130138725042
91282,0.0372911430895
91284,0.0140014411882
91286,0.237674891949
91288,0.00400853948668
91289,0.00339556136169
91290,0.00303280935623
91291,0.00280905771069
91292,0.0161186717451
91293,0.0268812011927
91294,0.0512543283403
91295,0.00200804346241
91296,0.242018252611
91297,0.261687576771
91299,0.0202147793025
91301,0.121616624296
91303,0.0214072279632
91309,0.00794344116002
91310,0.0155253512785
91312,0.00128492049407
91315,0.0154300779104
91317,0.011755486019
91319,0.0262512303889
91320,0.00970020517707
91321,0.127993628383
91322,0.0755379721522
91326,0.0168994739652
91327,0.00870124809444
91332,0.00691641354933
91333,0.009821055457
91334,0.00755033828318
91335,0.0797245875001
91336,0.00425284588709
91337,0.0196028240025
91341,0.307585328817
91343,0.00321602099575
91346,0.0398114621639
91347,0.0250337645411
91349,0.016208505258
91350,0.00138704502024
91351,0.115118868649
91352,0.150433465838
91353,0.00560479331762
91355,0.0270760767162
91357,0.174861595035
91360,0.0464105159044
91363,0.00412032194436
91364,0.0552162602544
91367,0.00624675070867
91370,0.00973762571812
91371,0.0530306622386
91374,0.00333339953795
91379,0.0302113387734
91380,0.0147027364001
91382,0.00971965491772
91385,0.0197137147188
91389,0.0442056171596
91390,0.00319191557355
91391,0.0358853079379
91392,0.00936230551451
91397,0.00230219913647
91399,0.0426600538194
91401,0.0142792491242
91402,0.0129691101611
91403,0.018778283149
91404,0.010425331071
91405,0.00400592433289
91406,0.0502947233617
91407,0.00512770470232
91410,0.0484789200127
91414,0.00667051691562
91415,0.0221349466592
91416,0.0273380372673
91419,0.070013128221
91421,0.0627674087882
91424,0.0196028240025
91425,0.082248263061
91427,0.0308382641524
91428,0.00258204597048
91429,0.0241610892117
91432,0.00308711547405
91434,0.00227615656331
91435,0.057274453342
91437,0.006574397441
91438,0.019982881844
91442,0.009695767425
91444,0.164333090186
91448,0.0197441056371
91452,0.0166095402092
91455,0.027744686231
91460,0.206952065229
91462,0.0234101098031
91463,0.00248815421946
91464,0.0261645466089
91468,0.0159225892276
91470,0.0026229636278
91474,0.00513929873705
91477,0.00353963300586
91478,0.190225943923
91480,0.013178601861
91482,0.0634716749191
91490,0.0445421822369
91492,0.062175065279
91494,0.104752399027
91495,0.127793610096
91497,0.00242024939507
91498,0.00404678378254
91499,0.238555639982
91501,0.199616760015
91502,0.0317279398441
91503,0.0177695006132
91505,0.00901257246733
91506,0.0516370125115
91508,0.0417707301676
91509,0.00669583166018
91510,0.00213171588257
91511,0.00973656866699
91513,0.00826374720782
91514,0.0415120944381
91517,0.00821621064097
91518,0.0108256656677
91520,0.00403868965805
91524,0.0241993553936
91526,0.183099895716
91529,0.00662783253938
91530,0.00238023791462
91531,0.010584956035
91532,0.0107788760215
91535,0.0213758535683
91536,0.133341595531
91537,0.0139033002779
91539,0.0404924936593
91541,0.00268246629275
91543,0.185028523207
91544,0.0747966989875
91546,0.0139053342864
91550,0.00210370426066
91552,0.00498202629387
91553,0.00509755918756
91554,0.0285836067051
91555,0.209767341614
91557,0.0348313748837
91558,0.111946128309
91559,0.0241675265133
91560,0.164334267378
91561,0.00281414715573
91562,0.0152428727597
91563,0.0106934644282
91564,0.0378182828426
91565,0.0248277615756
91568,0.0652920380235
91569,0.0118588237092
91572,0.264754623175
91574,0.0295875184238
91577,0.0159947611392
91578,0.0230983048677
91579,0.0096503039822
91580,0.00409290287644
91581,0.0154300779104
91582,0.0284961275756
91591,0.0114263081923
91593,0.0351958982646
91594,0.00159150548279
91595,0.0857155025005
91596,0.0165611281991
91597,0.0236136149615
91598,0.28742313385
91601,0.0143010374159
91607,0.00368225248531
91610,0.00319389160722
91611,0.0045556188561
91612,0.101784721017
91615,0.00989735778421
91616,0.0225125681609
91620,0.00856094062328
91622,0.0642093718052
91624,0.0134081551805
91625,0.0567951127887
91626,0.0141994468868
91627,0.0296434499323
91628,0.0180525444448
91630,0.171088069677
91634,0.0512656345963
91635,0.0330121852458
91643,0.0111206537113
91644,0.0504125505686
91649,0.165311917663
91650,0.00613351259381
91651,0.0439968034625
91653,0.0122323930264
91654,0.0272182580084
91655,0.0294698886573
91657,0.0343426913023
91659,0.0296404473484
91662,0.026037113741
91666,0.0365245863795
91668,0.0233747754246
91670,0.00227177282795
91671,0.00876566208899
91673,0.0190452337265
91674,0.00278113270178
91675,0.00246389769018
91677,0.0409622788429
91679,0.0141994468868
91680,0.0357180535793
91681,0.00674692587927
91682,0.00840680208057
91686,0.00367256300524
91693,0.0135097289458
91694,0.0112804658711
91695,0.00403792783618
91696,0.00931372493505
91699,0.0734426602721
91700,0.0147368861362
91703,0.0123630231246
91705,0.0145694557577
91709,0.00973931793123
91710,0.0222857128829
91712,0.0151974949986
91713,0.0533682592213
91714,0.0117655443028
91715,0.0249527674168
91717,0.00140001752879
91722,0.0380135774612
91723,0.0020304324571
91725,0.0351720303297
91726,0.206494793296
91727,0.00287660094909
91736,0.0229452792555
91737,0.0149907758459
91739,0.181996449828
91740,0.0348309278488
91741,0.00258714123629
91745,0.010910465382
91746,0.152603775263
91748,0.00190024520271
91749,0.00688931765035
91750,0.0117036495358
91752,0.00996443443
91753,0.175810948014
91755,0.0132550215349
91760,0.00139950634912
91761,0.0699379295111
91763,0.109096810222
91764,0.0196028240025
91765,0.0606492049992
91768,0.00300595443696
91769,0.0185478311032
91770,0.0154300779104
91772,0.00442812172696
91773,0.011287946254
91774,0.00881063845009
91776,0.0107736000791
91778,0.0196181833744
91779,0.0264550689608
91780,0.0071522668004
91781,0.00807427242398
91782,0.00433894246817
91783,0.00210952525958
91787,0.115015931427
91791,0.0166528765112
91792,0.00572519795969
91795,0.027989724651
91797,0.0336246937513
91803,0.00430764677003
91804,0.00142142677214
91806,0.00948811508715
91810,0.0541545525193
91811,0.00295087415725
91812,0.036017678678
91813,0.201362207532
91815,0.0385782793164
91817,0.0273770224303
91818,0.0248121004552
91820,0.00728949485347
91822,0.00234873150475
91824,0.0689095705748
91825,0.00330337043852
91826,0.00435321265832
91832,0.00263586128131
91833,0.00316682341509
91835,0.0235828571022
91836,0.0194203834981
91838,0.00985924061388
91841,0.0124976588413
91842,0.0103310672566
91843,0.00193556130398
91846,0.00262211053632
91848,0.0104785347357
91850,0.0018066422781
91851,0.00233600265346
91854,0.0278064403683
91855,0.0108269480988
91856,0.0306489393115
91859,0.0486539974809
91861,0.023202046752
91862,0.0046096094884
91863,0.0320765599608
91864,0.0375596769154
91866,0.154896631837
91870,0.00894340965897
91872,0.00345839909278
91873,0.00703557999805
91876,0.0482123680413
91879,0.0529274381697
91880,0.135651960969
91881,0.00840915925801
91883,0.172150194645
91884,0.00235821306705
91887,0.00539446203038
91888,0.00473050354049
91890,0.0382560826838
91891,0.0154300779104
91892,0.193510815501
91893,0.0284666586667
91895,0.00561530608684
91897,0.0830914378166
91900,0.0817891433835
91902,0.150459140539
91905,0.0154300779104
91906,0.0262512303889
91907,0.0420194864273
91910,0.00248049199581
91912,0.00364868855104
91913,0.00263873115182
91914,0.0266142226756
91915,0.0891902968287
91916,0.0167036540806
91918,0.009695767425
91924,0.129806265235
91926,0.00506376614794
91928,0.00427499227226
91929,0.0213119927794
91932,0.00372111657634
91933,0.180243894458
91935,0.125895157456
91936,0.0168758351356
91939,0.0110024353489
91944,0.236078619957
91945,0.0255321282893
91946,0.00363357411698
91947,0.17356787622
91948,0.00279745156877
91953,0.00313240778632
91954,0.0123837729916
91960,0.0108109042048
91963,0.0168938431889
91964,0.0196028240025
91966,0.0123107600957
91967,0.264119058847
91968,0.0075729964301
91969,0.00174930971116
91970,0.0196028240025
91971,0.127959281206
91972,0.0262512303889
91973,0.00564301060513
91974,0.00518125621602
91978,0.00255912379362
91979,0.00224367063493
91981,0.0053005469963
91982,0.0222992710769
91983,0.183093830943
91984,0.205377459526
91986,0.00824422668666
91989,0.0939127728343
91992,0.0618406198919
91993,0.00971786491573
91994,0.0107505125925
91995,0.00407002354041
91997,0.00496147759259
91998,0.00905531086028
91999,0.00628583831713
92001,0.041637737304
92002,0.217258125544
92003,0.0216535851359
92004,0.136319965124
92005,0.0207090172917
92006,0.00694843288511
92008,0.0120421051979
92009,0.00239378307015
92012,0.112579517066
92019,0.00324079790153
92020,0.00349636049941
92021,0.0158735532314
92022,0.00946197006851
92024,0.0124012744054
92025,0.0639581158757
92026,0.0113485669717
92027,0.0022567184642
92028,0.00131437275559
92030,0.00621371204033
92031,0.0225792173296
92032,0.0177067741752
92033,0.180871874094
92036,0.00456076581031
92037,0.0235307812691
92039,0.00485184509307
92041,0.0160809792578
92044,0.189319074154
92046,0.0748795345426
92051,0.00266250758432
92052,0.00207685143687
92054,0.00922442320734
92055,0.00241983844899
92056,0.0526307448745
92057,0.0330130234361
92058,0.162858620286
92059,0.00766093609855
92060,0.010290466249
92062,0.058484043926
92074,0.00263659469783
92078,0.00537939881906
92082,0.0023694219999
92085,0.0698919147253
92086,0.0016379498411
92088,0.00173154112417
92089,0.00156026054174
92092,0.0157663263381
92093,0.0276471097022
92094,0.117929637432
92097,0.0292900912464
92098,0.0385782793164
92101,0.020953277126
92106,0.0239468049258
92107,0.0898809432983
92112,0.0104771954939
92114,0.00381154171191
92115,0.0604328103364
92118,0.0319152474403
92119,0.130264922976
92120,0.0188402608037
92121,0.0391521565616
92122,0.00595504185185
92123,0.074001647532
92126,0.00954195670784
92128,0.021482385695
92130,0.00412476761267
92134,0.0214964523911
92135,0.0220291353762
92138,0.0442960374057
92140,0.0367920771241
92141,0.0105907758698
92142,0.00953383464366
92143,0.020250627771
92145,0.0146840000525
92146,0.00751300202683
92149,0.0790096074343
92153,0.0019540397916
92157,0.0422920659184
92161,0.104722842574
92164,0.159745484591
92165,0.010770490393
92166,0.0653848722577
92167,0.0325959101319
92171,0.0235219355673
92173,0.00356443226337
92175,0.00212700059637
92177,0.0107043869793
92179,0.00223979260772
92180,0.00215219822712
92181,0.0026534772478
92184,0.0014601884177
92186,0.00676312716678
92187,0.0136167611927
92188,0.0108226435259
92189,0.0032606406603
92190,0.0233120266348
92192,0.0269450526685
92196,0.0558520853519
92198,0.0149907758459
92199,0.0852727890015
92200,0.0567158609629
92201,0.00160892971326
92202,0.182694420218
92206,0.00695538846776
92211,0.0301028005779
92212,0.0392790175974
92215,0.187179386616
92216,0.00640869885683
92218,0.0246058609337
92219,0.154896631837
92220,0.0105489362031
92221,0.00158178096171
92222,0.00179321411997
92224,0.196613028646
92227,0.00465416908264
92229,0.00401794584468
92230,0.0503784380853
92233,0.0561693832278
92235,0.000969310873188
92236,0.00275811296888
92237,0.00985734164715
92240,0.00580235617235
92241,0.0196028240025
92242,0.0318670943379
92243,0.0859807059169
92244,0.0467090643942
92245,0.0130983768031
92248,0.156686350703
92249,0.00350236985832
92250,0.0161975361407
92256,0.0141845894977
92258,0.00847059302032
92259,0.00221709441394
92260,0.00333924056031
92261,0.0068799094297
92264,0.0032393517904
92265,0.172150194645
92266,0.20641438663
92269,0.00222575454973
92272,0.0440821610391
92273,0.0592625401914
92274,0.0942041054368
92275,0.0239555388689
92278,0.0023965141736
92281,0.00222950428724
92283,0.0196028240025
92284,0.00338058290072
92285,0.0131889069453
92288,0.00268585281447
92293,0.11560536176
92294,0.0088424263522
92296,0.0100744906813
92299,0.00825157109648
92303,0.211272507906
92304,0.0102570159361
92305,0.0711872801185
92310,0.0190261565149
92311,0.00920412875712
92314,0.0016787762288
92317,0.041273035109
92320,0.153199002147
92322,0.0810911878943
92323,0.0786304622889
92324,0.0220985990018
92329,0.0203893203288
92330,0.00243561784737
92334,0.00225178850815
92336,0.0409752503037
92337,0.0145853133872
92338,0.229911342263
92343,0.00303871487267
92344,0.0169142559171
92346,0.00966691970825
92350,0.00690653920174
92352,0.0352991037071
92353,0.003126130905
92354,0.0206674076617
92355,0.00973656866699
92356,0.0209465194494
92357,0.00761281512678
92360,0.205541998148
92361,0.0136959487572
92362,0.0018066422781
92363,0.00268246629275
92364,0.208073496819
92365,0.00366697693244
92368,0.0695856660604
92369,0.00532637676224
92370,0.00654808385298
92371,0.0970463007689
92372,0.00973762571812
92373,0.109745651484
92374,0.0868807137012
92375,0.00945593975484
92383,0.0089529408142
92385,0.00261162640527
92387,0.107567474246
92388,0.00247163302265
92392,0.00827142596245
92394,0.0233436804265
92395,0.0457357242703
92399,0.103884585202
92400,0.00161376327742
92401,0.225221693516
92404,0.0108556197956
92406,0.00238907476887
92409,0.0272011552006
92411,0.00261162640527
92414,0.0278705786914
92418,0.0496088601649
92419,0.0142339495942
92420,0.0188144408166
92421,0.0625203922391
92425,0.010895778425
92426,0.0013710395433
92427,0.0351442657411
92428,0.0289301089942
92431,0.00282753049396
92433,0.0117454472929
92436,0.0671837925911
92437,0.00654794136062
92439,0.17837163806
92443,0.00229798723012
92444,0.0298091620207
92447,0.0106476070359
92449,0.00752593064681
92450,0.188634380698
92451,0.0573664009571
92458,0.00401875283569
92459,0.232698395848
92460,0.076252669096
92462,0.059712331742
92463,0.00834127515554
92465,0.00218900642358
92467,0.185079306364
92471,0.0301702860743
92473,0.0119626251981
92474,0.17204734683
92477,0.0154992230237
92480,0.00758214108646
92481,0.00328316073865
92483,0.136737957597
92484,0.00263438257389
92485,0.0107992738485
92489,0.0307181328535
92492,0.187917977571
92493,0.0247863736004
92496,0.00931372493505
92499,0.0296448878944
92500,0.009695767425
92501,0.0980721712112
92503,0.0167900621891
92505,0.0103903729469
92506,0.0322990231216
92507,0.0232792180032
92510,0.0029809421394
92513,0.00138808100019
92514,0.0048856837675
92516,0.0197884887457
92517,0.00144032412209
92519,0.018372502178
92520,0.256093233824
92521,0.0244942568243
92522,0.0214058049023
92523,0.0368425287306
92524,0.0686183124781
92525,0.0221471656114
92526,0.0192301888019
92527,0.00426470348611
92535,0.00265954504721
92537,0.00364524382167
92541,0.0152866393328
92545,0.00948811508715
92546,0.0491511411965
92547,0.0717965587974
92551,0.0265364106745
92552,0.00212630140595
92555,0.00465458398685
92556,0.00525983422995
92558,0.0104989297688
92559,0.00518138892949
92563,0.0366018302739
92564,0.00396355940029
92565,0.226785778999
92566,0.0149907758459
92567,0.00990004558116
92568,0.00946167111397
92570,0.00395012833178
92571,0.0064650150016
92573,0.00266199605539
92578,0.00220881751738
92579,0.130311250687
92580,0.223464876413
92581,0.00290443352424
92585,0.063953615725
92587,0.0598550252616
92588,0.0198472514749
92590,0.00143675890286
92592,0.0199632719159
92593,0.0281800851226
92594,0.0100500863045
92596,0.00541495764628
92597,0.228212311864
92600,0.00822473224252
92602,0.0517250448465
92604,0.063953615725
92607,0.0237365812063
92608,0.0204387959093
92609,0.00213984888978
92610,0.0912158340216
92611,0.00755364773795
92614,0.0171388834715
92616,0.0159441139549
92617,0.00651345821097
92618,0.00240100338124
92619,0.0390863232315
92620,0.0215281061828
92621,0.00484932214022
92624,0.0154300779104
92625,0.00885322783142
92626,0.0843501240015
92627,0.0354877747595
92628,0.0352935269475
92630,0.0366564802825
92637,0.0439128540456
92640,0.00802262686193
92642,0.0827028080821
92643,0.00426722923294
92646,0.0185478311032
92650,0.0757320672274
92652,0.0205004233867
92653,0.00321690645069
92654,0.128405064344
92656,0.2235866189
92657,0.00415568146855
92658,0.00621526362374
92660,0.08908919245
92663,0.130556613207
92665,0.0034370648209
92671,0.0181318707764
92672,0.0170294586569
92673,0.0474931709468
92675,0.00825109519064
92678,0.00284296530299
92681,0.00315256579779
92688,0.00701087899506
92690,0.078862786293
92692,0.159745484591
92694,0.00319706136361
92695,0.0172935705632
92697,0.25663536787
92701,0.00649662641808
92702,0.0196028240025
92703,0.00257493695244
92705,0.150433465838
92706,0.00751388771459
92707,0.00952652469277
92710,0.00243599899113
92711,0.00318406638689
92713,0.23796762526
92715,0.00696126325056
92716,0.00963910855353
92718,0.167927995324
92723,0.0426662862301
92724,0.0190949849784
92725,0.020945854485
92726,0.268042743206
92729,0.0141994468868
92731,0.0222545266151
92733,0.00805632676929
92738,0.0196028240025
92742,0.0026373246219
92743,0.0239477921277
92744,0.0168691668659
92745,0.0180129781365
92749,0.0381146520376
92754,0.0602606460452
92755,0.00332657829858
92756,0.00973656866699
92757,0.0232533160597
92760,0.00227650511079
92763,0.0116273257881
92764,0.0166512150317
92765,0.0737129673362
92766,0.196888580918
92769,0.0018452659715
92771,0.185390144587
92772,0.00221697497182
92773,0.00746832415462
92774,0.0167091991752
92775,0.0039357887581
92776,0.0130845764652
92778,0.183093830943
92779,0.00161376327742
92780,0.0211355723441
92784,0.00787205435336
92785,0.0142530174926
92789,0.00239889905788
92790,0.0248897764832
92791,0.00969745218754
92792,0.0078068790026
92798,0.0235219355673
92799,0.00322104338557
92800,0.0243365745991
92803,0.183093830943
92804,0.00243837200105
92808,0.0555532313883
92811,0.0163693856448
92812,0.252765029669
92813,0.0789134949446
92815,0.0677023380995
92818,0.00605834601447
92820,0.00263786269352
92823,0.0037618719507
92824,0.0242706146091
92827,0.0224745571613
92830,0.0104030650109
92831,0.00202005007304
92833,0.00829736795276
92835,0.0145494509488
92836,0.0141994468868
92839,0.00266372482292
92840,0.0888760387897
92841,0.00390787003562
92843,0.00895086396486
92844,0.00277911010198
92848,0.00543239247054
92854,0.0196028240025
92855,0.0600075349212
92856,0.0315120816231
92863,0.0453435108066
92864,0.0150214200839
92866,0.0419785901904
92868,0.101807191968
92869,0.00454369327053
92873,0.102548331022
92874,0.0129691101611
92875,0.0153894638643
92877,0.0332910008729
92878,0.0185478311032
92879,0.00997906085104
92880,0.0217648651451
92884,0.0177695006132
92885,0.026686348021
92886,0.00271358899772
92888,0.00362119311467
92893,0.00303659052588
92894,0.00929468963295
92896,0.0106094144285
92897,0.0533083379269
92898,0.0492285639048
92900,0.00249628489837
92904,0.175998926163
92906,0.242018252611
92907,0.208906143904
92909,0.00123032019474
92911,0.060769751668
92912,0.00776934204623
92914,0.022378411144
92918,0.00286190956831
92920,0.030155999586
92922,0.00331104220822
92924,0.0302378032357
92926,0.0136674949899
92928,0.00296207377687
92929,0.158524408937
92930,0.40189358592
92931,0.0325619950891
92933,0.0473805591464
92939,0.0022503992077
92943,0.0381249040365
92945,0.0434885434806
92947,0.00561969541013
92949,0.138560056686
92953,0.0169061142951
92957,0.00687334081158
92958,0.00210438808426
92961,0.0446686781943
92965,0.00639658328146
92966,0.0582163222134
92971,0.0151114845648
92972,0.0223178248852
92973,0.00863494817168
92978,0.0135895935819
92984,0.015356217511
92985,0.0539034083486
92990,0.0218183621764
92993,0.00373346172273
92994,0.00923037342727
93002,0.00786594487727
93003,0.0642573609948
93005,0.0169486366212
93008,0.0084219602868
93011,0.0150970416144
93012,0.0266864653677
93013,0.038170132786
93017,0.00402565067634
93018,0.0111206537113
93019,0.0693353489041
93023,0.0399656444788
93024,0.00280712964013
93025,0.0387737825513
93026,0.0136564048007
93027,0.0108177745715
93028,0.0151468878612
93029,0.00267194979824
93032,0.00511099118739
93033,0.0140210511163
93034,0.058847066015
93037,0.00914201512933
93040,0.185847118497
93042,0.109006300569
93051,0.00139915314503
93054,0.0327610783279
93058,0.00483652669936
93059,0.0363930650055
93060,0.0678929686546
93066,0.0334985181689
93070,0.00236022984609
93073,0.017119737342
93074,0.0105635039508
93075,0.157422751188
93079,0.0196028240025
93080,0.0254055634141
93082,0.0124237854034
93083,0.0306360274553
93084,0.0302626807243
93086,0.00353172025643
93087,0.0155890034512
93089,0.026892317459
93090,0.00374351348728
93092,0.00140001752879
93093,0.0149492975324
93094,0.063293620944
93095,0.00803394336253
93098,0.00281104049645
93100,0.0307153761387
93108,0.00853858422488
93109,0.0139877619222
93110,0.0148840164766
93111,0.00430120294914
93112,0.00349555490538
93113,0.108766637743
93119,0.013687829487
93122,0.0848294049501
93123,0.12643545866
93124,0.0099292062223
93126,0.0165179632604
93131,0.0941908583045
93135,0.054135736078
93136,0.00243937806226
93139,0.0242162849754
93143,0.185684517026
93144,0.0279000177979
93145,0.0333312936127
93146,0.0503512024879
93148,0.00897220335901
93151,0.0154300779104
93152,0.00254758540541
93157,0.225192204118
93159,0.0258211940527
93162,0.0403667129576
93164,0.242977306247
93167,0.0382330492139
93169,0.00422409782186
93171,0.00992495566607
93173,0.0406967513263
93175,0.0059332200326
93177,0.0177393816411
93179,0.00317335408181
93184,0.260215103626
93185,0.0107575580478
93191,0.0159106012434
93192,0.009695767425
93193,0.0247576087713
93194,0.00762678403407
93195,0.0129131413996
93196,0.114168524742
93197,0.0191881228238
93198,0.00356359267607
93199,0.0562184043229
93200,0.0185478311032
93202,0.0168497785926
93203,0.0056662610732
93204,0.00403637671843
93206,0.00291508040391
93207,0.0365245863795
93208,0.00246842671186
93209,0.0173419825733
93212,0.00964100193232
93213,0.00151064654347
93214,0.0104966564104
93215,0.023617060855
93216,0.0210639219731
93218,0.0101670511067
93219,0.0104532316327
93223,0.0224603451788
93229,0.00387759855948
93230,0.0324177406728
93231,0.00844822637737
93232,0.0930626764894
93233,0.0297379679978
93234,0.00272231316194
93239,0.142393872142
93240,0.00562753994018
93241,0.00155520346016
93243,0.065572693944
93244,0.0422166623175
93246,0.0034044852946
93247,0.00585249299183
93248,0.14269733429
93251,0.0328964628279
93252,0.00531178945675
93253,0.0341090001166
93259,0.00353520736098
93262,0.0217528380454
93265,0.0655834004283
93268,0.023803723976
93269,0.0127454521134
93272,0.140323162079
93274,0.0187877491117
93275,0.154348865151
93277,0.0459403172135
93279,0.0177513919771
93280,0.0196526665241
93281,0.0162865258753
93289,0.0084036430344
93291,0.0208826065063
93293,0.0172085501254
93297,0.0387118905783
93298,0.00158617133275
93299,0.00238325959072
93302,0.00973762571812
93303,0.0810268893838
93304,0.0158902779222
93305,0.0285659767687
93306,0.00641174195334
93308,0.0179674793035
93313,0.0104299616069
93315,0.0376760028303
93316,0.0229582432657
93318,0.035644043237
93319,0.0175244193524
93321,0.00825669616461
93325,0.00562223512679
93327,0.00392446713522
93329,0.0508627593517
93331,0.149897843599
93332,0.0404318384826
93333,0.0341043435037
93336,0.0199302360415
93337,0.216709852219
93341,0.271898061037
93344,0.00344539480284
93345,0.010770490393
93347,0.049755781889
93349,0.0128961391747
93352,0.00141414382961
93356,0.0141994468868
93360,0.0016418172745
93361,0.115993179381
93362,0.00366613222286
93363,0.0176157392561
93365,0.00339693180285
93366,0.00412954157218
93367,0.00857018958777
93368,0.0221560504287
93372,0.0174992084503
93373,0.0461291186512
93374,0.00566228665411
93375,0.00341353775002
93378,0.0817418694496
93379,0.010770490393
93380,0.0115611562505
93381,0.0827824771404
93384,0.254357606173
93386,0.00725004449487
93387,0.146215051413
93388,0.00265627144836
93389,0.265275686979
93392,0.0141096059233
93393,0.0789598301053
93400,0.0138079682365
93401,0.00355530856177
93403,0.00666035432369
93405,0.0196028240025
93406,0.0210426598787
93410,0.0879388153553
93411,0.0180786959827
93413,0.0138216959313
93419,0.0124012744054
93420,0.00933653488755
93421,0.0345368236303
93422,0.0175305604935
93423,0.00142931181472
93426,0.00643743155524
93430,0.00963910855353
93431,0.0306614935398
93436,0.00459037628025
93441,0.00212323782034
93443,0.00459413183853
93446,0.0281488504261
93447,0.0157074984163
93448,0.0302386637777
93454,0.194776684046
93455,0.0114126028493
93457,0.00254814652726
93458,0.0174956582487
93460,0.031120236963
93462,0.0385871492326
93463,0.0460880212486
93465,0.0118947569281
93466,0.00880645867437
93468,0.0174090843648
93471,0.0173197966069
93473,0.0313837938011
93477,0.0507863350213
93483,0.00933610275388
93484,0.00480730645359
93485,0.0303276367486
93488,0.346998393536
93489,0.00362475309521
93491,0.00850421190262
93492,0.0030056303367
93493,0.0141994468868
93495,0.0144938100129
93497,0.00136000162456
93499,0.0134695107117
93501,0.173955738544
93503,0.0131278308108
93504,0.031222583726
93509,0.00815393403172
93512,0.00249793473631
93515,0.105811662972
93521,0.0373649001122
93523,0.0166339613497
93527,0.00993385817856
93528,0.00351640721783
93531,0.0145423766226
93533,0.00215129717253
93536,0.0286001935601
93538,0.0377280153334
93539,0.00658262753859
93541,0.00249637523666
93543,0.0107723297551
93545,0.177686169744
93546,0.0013279147679
93548,0.1846485883
93551,0.0110587133095
93552,0.0118046235293
93555,0.0467291735113
93557,0.00819251127541
93559,0.00481170462444
93561,0.0187706016004
93563,0.00189124012832
93565,0.00684027466923
93568,0.0287046860904
93570,0.00161717412993
93573,0.0522415973246
93575,0.0285346657038
93577,0.00309880124405
93579,0.0137247852981
93580,0.0149581963196
93583,0.0566666200757
93585,0.0161252748221
93586,0.0111160147935
93587,0.00138863699976
93588,0.00418548053131
93591,0.0192648172379
93592,0.0669808089733
93594,0.0177500285208
93599,0.0370798520744
93603,0.00636956188828
93607,0.00252988841385
93610,0.0197964627296
93612,0.00186193559784
93613,0.100876159966
93615,0.00284085329622
93617,0.0370120219886
93618,0.183344006538
93619,0.0390744954348
93623,0.00792704802006
93624,0.00279240147211
93627,0.0340624935925
93631,0.0997265279293
93632,0.0384206734598
93633,0.0365415662527
93635,0.0899749100208
93637,0.0225362051278
93638,0.0110929962248
93639,0.00344957225025
93641,0.0635079815984
93643,0.0330254100263
93644,0.00307584810071
93652,0.00350442924537
93653,0.0259283669293
93661,0.00428283028305
93663,0.0318354256451
93664,0.00786661077291
93665,0.174581825733
93666,0.00606107199565
93667,0.0989112183452
93671,0.051964096725
93677,0.0196028240025
93679,0.00361469597556
93680,0.017306452617
93682,0.0998284891248
93683,0.0226211324334
93684,0.130308568478
93685,0.0268574506044
93691,0.183093830943
93692,0.00532310362905
93694,0.0313403569162
93696,0.0254185777158
93698,0.0207204371691
93699,0.00585203245282
93700,0.0317232236266
93705,0.00200371467508
93707,0.00686087599024
93716,0.00854397099465
93718,0.0338506922126
93719,0.0028913510032
93722,0.0100063262507
93724,0.0220672488213
93725,0.0720570236444
93731,0.00947633571923
93734,0.101815871894
93736,0.0147917158902
93737,0.0189092494547
93740,0.0165912955999
93743,0.0196028240025
93744,0.0114041594788
93746,0.00184473989066
93748,0.0061640390195
93753,0.0194698926061
93758,0.00369883514941
93759,0.148503661156
93760,0.0140735218301
93768,0.00566963385791
93769,0.0200482849032
93773,0.0330010987818
93775,0.0142071638256
93776,0.0708285793662
93779,0.00200408929959
93786,0.210061132908
93788,0.0113801592961
93789,0.00349581753835
93791,0.00134189403616
93793,0.0151124913245
93794,0.0290910732001
93796,0.00319210090674
93798,0.11892606318
93799,0.0266953296959
93800,0.0180680416524
93802,0.00320871197619
93805,0.00232464401051
93806,0.0255321282893
93812,0.0239119622856
93814,0.0357107035816
93817,0.0189278889447
93821,0.00398208480328
93822,0.0378431044519
93829,0.00946197006851
93833,0.0517288260162
93834,0.00206544273533
93836,0.00643489742652
93837,0.101686410606
93846,0.0531634166837
93847,0.162858620286
93849,0.0187523830682
93851,0.151360690594
93852,0.0218964386731
93853,0.0967879891396
93855,0.00240568025038
93858,0.179177001119
93859,0.00136953417677
93860,0.00649202056229
93863,0.101108163595
93865,0.0168691668659
93866,0.014303881675
93869,0.0339627824724
93871,0.0668556392193
93872,0.00675898650661
93873,0.157931134105
93876,0.00408880179748
93877,0.00492592668161
93878,0.00999254826456
93880,0.0201696325094
93881,0.153244554996
93882,0.0119338035583
93886,0.0171889737248
93887,0.245969876647
93888,0.0013965027174
93889,0.0703170001507
93890,0.0265793725848
93891,0.00267225736752
93894,0.002049788367
93899,0.00138605060056
93901,0.00251222215593
93902,0.0933660939336
93903,0.0168393403292
93907,0.0059682582505
93910,0.0137592768297
93914,0.0149714527652
93917,0.0926470458508
93921,0.018262417987
93925,0.103461928666
93926,0.00647613639012
93927,0.0412954948843
93928,0.00261285738088
93929,0.002597654704
93930,0.0183575395495
93933,0.0308270510286
93935,0.0101938443258
93936,0.00572168966755
93939,0.0606492049992
93941,0.00136953417677
93942,0.0284219011664
93943,0.00112696026918
93949,0.00637013791129
93950,0.00417264318094
93952,0.06753487885
93954,0.0112217767164
93956,0.0196028240025
93957,0.0730938762426
93960,0.0727658718824
93961,0.0390905328095
93963,0.00664017535746
93966,0.0128490179777
93969,0.00390416313894
93976,0.0427046790719
93977,0.0097580216825
93978,0.017916765064
93980,0.015500430949
93981,0.00135810358915
93982,0.00180350546725
93983,0.00486547313631
93985,0.0420942939818
93987,0.012337773107
93988,0.0018807083834
93990,0.0196028240025
93992,0.00606295652688
93993,0.010985952802
93995,0.0013678825926
93997,0.00281053269282
93999,0.00965690985322
94000,0.0675882697105
94001,0.21919824183
94002,0.159367904067
94008,0.00948811508715
94009,0.0997265279293
94010,0.0179540142417
94011,0.0151862241328
94015,0.0702563673258
94018,0.198978558183
94021,0.0784417018294
94023,0.0174902994186
94024,0.00663189264014
94025,0.0108192805201
94028,0.0257546659559
94030,0.0471720658243
94031,0.0505705289543
94032,0.039240591228
94034,0.00834395736456
94035,0.0028412961401
94036,0.0432704016566
94040,0.00817318167537
94041,0.0204561203718
94045,0.0131770027801
94046,0.0311544407159
94048,0.0204753093421
94049,0.056188415736
94050,0.00156549294479
94051,0.00741651281714
94052,0.00234907655977
94054,0.00191459199414
94056,0.00282191485167
94059,0.184662371874
94060,0.0107014235109
94062,0.00436273450032
94069,0.0465465039015
94071,0.0175545420498
94072,0.266703218222
94075,0.0172269791365
94076,0.0396304540336
94078,0.00859987363219
94079,0.0979888364673
94084,0.0354655198753
94085,0.00139915314503
94086,0.00259263231419
94089,0.00303172529675
94094,0.00304506742395
94096,0.033141978085
94097,0.038584060967
94099,0.012646199204
94101,0.033632285893
94102,0.00363298039883
94103,0.0318670943379
94104,0.00537821510807
94109,0.00264335563406
94110,0.00473847566172
94111,0.014000268653
94116,0.00481154024601
94120,0.00200488697737
94121,0.0341614969075
94124,0.0286373328418
94126,0.0176009666175
94128,0.234441190958
94129,0.0128933722153
94130,0.00946197006851
94132,0.0130656501278
94134,0.00264624878764
94136,0.114249400795
94138,0.00597128598019
94139,0.00321279442869
94140,0.0443176738918
94141,0.00506757060066
94142,0.0321518369019
94145,0.0244600698352
94149,0.00546411331743
94151,0.0148458275944
94152,0.00243156845681
94155,0.0196028240025
94156,0.00520058814436
94159,0.0355648696423
94160,0.00223460583948
94161,0.0595791824162
94162,0.0171544086188
94163,0.00532930530608
94164,0.0139953847975
94165,0.214786231518
94167,0.10869268328
94169,0.00258254585788
94170,0.133300498128
94171,0.0135932452977
94172,0.0127714043483
94173,0.040161114186
94175,0.0180544760078
94176,0.00360023695976
94177,0.0892715603113
94178,0.105913825333
94179,0.00257099047303
94181,0.00788917019963
94182,0.00402204645798
94184,0.0141994468868
94185,0.0120729077607
94186,0.142393872142
94189,0.0824280381203
94191,0.00576679082587
94195,0.00182986073196
94197,0.00332462973893
94198,0.0332801006734
94204,0.0367035977542
94206,0.0304793734103
94207,0.00572944246233
94208,0.00881037209183
94209,0.0149907758459
94210,0.0387707017362
94211,0.0382501035929
94213,0.017068406567
94214,0.183093830943
94215,0.0078363083303
94217,0.00794404558837
94219,0.0121205402538
94222,0.0352935269475
94226,0.0320855826139
94228,0.0401595421135
94230,0.0701973512769
94231,0.0383515842259
94232,0.0923813283443
94233,0.0155258476734
94240,0.143625333905
94242,0.0112969381735
94248,0.158467903733
94253,0.00808729697019
94254,0.011731153354
94255,0.0215420331806
94256,0.0664831846952
94257,0.0180273391306
94260,0.00310526718386
94262,0.0154654486105
94263,0.042877394706
94264,0.00178029539529
94266,0.00137007888407
94267,0.002296223538
94268,0.00254814652726
94270,0.206774368882
94272,0.0407413057983
94273,0.00631629163399
94276,0.00646296003833
94280,0.00845181848854
94283,0.00442580739036
94284,0.0347787216306
94288,0.0406074523926
94290,0.0183376707137
94291,0.0305857099593
94292,0.00806686654687
94293,0.00838651042432
94296,0.0266358815134
94298,0.0248561240733
94304,0.072808124125
94305,0.00241006934084
94308,0.00250391103327
94309,0.00332310376689
94313,0.00995975919068
94314,0.00272741727531
94316,0.180243894458
94317,0.0466257333755
94320,0.0383329577744
94325,0.00621832488105
94326,0.00293438113295
94329,0.0327610783279
94333,0.00694419629872
94336,0.0124012744054
94337,0.00887562055141
94341,0.0187539663166
94342,0.0105673475191
94343,0.103160053492
94347,0.013392300345
94351,0.0145413381979
94352,0.0997227355838
94354,0.0176836661994
94357,0.253528177738
94359,0.0022161831148
94360,0.0518035367131
94361,0.0250197853893
94363,0.0355966538191
94364,0.00489556277171
94365,0.00948811508715
94366,0.00305639114231
94367,0.119929268956
94368,0.00451829750091
94370,0.0308775529265
94371,0.154561817646
94372,0.0197744425386
94373,0.154348865151
94378,0.0986546948552
94379,0.0086205471307
94380,0.032286670059
94381,0.0211279317737
94382,0.00562179274857
94383,0.157240748405
94384,0.103527180851
94385,0.116929717362
94388,0.00885630771518
94391,0.017126262188
94393,0.114759258926
94394,0.00268346280791
94398,0.0796055048704
94399,0.00959126278758
94400,0.0558713749051
94401,0.0149909099564
94402,0.0137692522258
94404,0.211272507906
94406,0.0318677835166
94407,0.00495011825114
94413,0.00346628995612
94414,0.0126960705966
94415,0.0261153969914
94422,0.00249383645132
94426,0.00546092633158
94429,0.179165035486
94432,0.0188046898693
94435,0.00948811508715
94438,0.00174632295966
94439,0.0550064072013
94440,0.0177506338805
94441,0.0266618169844
94443,0.00613700132817
94444,0.00815263111144
94446,0.0104030650109
94447,0.100192293525
94448,0.00957129430026
94449,0.0143755916506
94451,0.0183034129441
94455,0.028091147542
94457,0.0014140146086
94462,0.0337544344366
94469,0.0144558949396
94471,0.0106389857829
94473,0.00637751864269
94474,0.00147111259867
94476,0.174025997519
94477,0.00688842730597
94478,0.0157891996205
94481,0.14153188467
94482,0.0173427630216
94488,0.239402085543
94490,0.0196028240025
94491,0.0181249082088
94492,0.0166460312903
94493,0.0173029638827
94494,0.0294558983296
94495,0.0099175972864
94496,0.15477900207
94498,0.0436173453927
94501,0.0282170977443
94505,0.115962944925
94506,0.0196028240025
94509,0.118437834084
94512,0.00948811508715
94516,0.0164603758603
94519,0.00236595841125
94520,0.084676489234
94522,0.00858593266457
94524,0.0232644788921
94532,0.00245278631337
94534,0.0107747791335
94536,0.0239193551242
94537,0.0155182685703
94541,0.222360879183
94543,0.00475047901273
94546,0.0288061629981
94549,0.186370700598
94557,0.0102051086724
94558,0.208356887102
94559,0.00788497552276
94561,0.206662788987
94562,0.0347513109446
94563,0.0120845446363
94564,0.163735419512
94566,0.111153669655
94568,0.0328727737069
94569,0.00258254585788
94570,0.0771668702364
94572,0.0160071030259
94575,0.0779342129827
94577,0.0278368480504
94579,0.00203044875525
94580,0.0188402608037
94582,0.0134988278151
94584,0.00951771996915
94587,0.0235918685794
94589,0.0226497575641
94590,0.024544114247
94592,0.0489221587777
94594,0.0039562638849
94597,0.212079241872
94599,0.00273450789973
94600,0.194836109877
94602,0.0340869314969
94604,0.0145423766226
94606,0.248930871487
94609,0.00703650619835
94610,0.052895758301
94611,0.0187344122678
94612,0.00318631483242
94614,0.0165611281991
94617,0.00319657684304
94620,0.0761456117034
94621,0.0203762110323
94623,0.00391387334093
94624,0.00280171935447
94625,0.0336506441236
94629,0.0312060657889
94630,0.0917791649699
94631,0.00388708058745
94636,0.0145694557577
94639,0.0030716881156
94642,0.00227615656331
94644,0.0426978953183
94648,0.0123944850639
94649,0.260215103626
94650,0.0552383884788
94651,0.0146917561069
94656,0.00616417918354
94658,0.188242390752
94659,0.00586510216817
94660,0.05864424631
94667,0.0174791831523
94670,0.081034861505
94673,0.0209698099643
94674,0.011439807713
94677,0.0301577933133
94679,0.0117743359879
94684,0.026439961046
94686,0.05334142223
94687,0.00140001752879
94688,0.0258291661739
94689,0.012529312633
94692,0.0154091352597
94693,0.0089614149183
94694,0.00257374672219
94696,0.0178699828684
94697,0.00749749038368
94699,0.0285455528647
94700,0.21818614006
94703,0.0121330395341
94704,0.0196028240025
94705,0.00494241341949
94706,0.0459650158882
94707,0.00987019576132
94708,0.0209292285144
94709,0.0114716785029
94713,0.0704819560051
94716,0.186985477805
94717,0.0129528539255
94720,0.0326774269342
94721,0.0159228742123
94725,0.00580907426775
94726,0.00222074822523
94728,0.0934914126992
94731,0.0137602919713
94733,0.0694282576442
94735,0.00363790988922
94737,0.00239198701456
94738,0.00184799055569
94741,0.0122417416424
94742,0.0581569112837
94744,0.00178081146441
94746,0.0104594230652
94748,0.00277127791196
94750,0.0176603812724
94752,0.0167410057038
94753,0.0380135774612
94755,0.0170693174005
94757,0.271069288254
94758,0.00267574423924
94760,0.00199694558978
94763,0.00172470288817
94764,0.00320198875852
94765,0.00754858087748
94766,0.0156071241945
94767,0.0202934425324
94769,0.00607244344428
94770,0.00263486243784
94771,0.00318631483242
94774,0.0460631735623
94775,0.00275330618024
94776,0.00279288203456
94777,0.0199103523046
94778,0.00151449651457
94779,0.0397567301989
94780,0.00139031151775
94781,0.18611587584
94783,0.0176840387285
94786,0.0220402795821
94790,0.00368147226982
94791,0.00158065627329
94795,0.0265364106745
94796,0.00511909089983
94797,0.054305292666
94798,0.181907817721
94802,0.158892720938
94803,0.0565940961242
94804,0.0413366109133
94809,0.01146528963
94810,0.0189863350242
94812,0.097402907908
94813,0.0224060304463
94816,0.0261218640953
94817,0.0218937173486
94818,0.0295989103615
94819,0.0107283536345
94821,0.00375450402498
94823,0.0553822889924
94825,0.210475981236
94827,0.0227137282491
94829,0.0169333983213
94832,0.0709460899234
94833,0.0160071030259
94835,0.109392248094
94836,0.0105864237994
94837,0.00608445052058
94838,0.00292708654888
94839,0.00314467702992
94840,0.0245344229043
94844,0.00263305730186
94847,0.0357074774802
94848,0.0403383933008
94849,0.0228092502803
94850,0.0154706696048
94852,0.00320570892654
94858,0.00519022997469
94859,0.0102362316102
94862,0.0050558373332
94863,0.0376946777105
94869,0.00265373592265
94870,0.0102051086724
94871,0.0213720742613
94873,0.00267277215607
94874,0.00297794351354
94876,0.0199103523046
94879,0.0160486083478
94882,0.00965719670057
94883,0.0862828865647
94885,0.00245278631337
94889,0.0122928870842
94890,0.0166032966226
94896,0.259322315454
94897,0.00678049074486
94898,0.00232884893194
94901,0.0387946106493
94905,0.0203735306859
94906,0.0108256312087
94907,0.0445254333317
94908,0.00549861229956
94909,0.00806053075939
94910,0.00263533601537
94911,0.00167291657999
94915,0.2061624825
94918,0.00752395717427
94921,0.164334267378
94922,0.0046000299044
94924,0.00390030234121
94925,0.0565334819257
94926,0.0118918307126
94927,0.0196028240025
94928,0.0255125202239
94931,0.00288433209062
94935,0.063953615725
94937,0.00470376014709
94938,0.0105621833354
94939,0.018289282918
94942,0.00867199618369
94943,0.0191421899945
94945,0.00256594759412
94946,0.214254781604
94949,0.0101501839235
94950,0.012268114835
94951,0.00462783547118
94952,0.00221854820848
94957,0.00366683583707
94958,0.0993131175637
94961,0.0173419825733
94963,0.0183603409678
94967,0.0428237691522
94969,0.0385871492326
94971,0.0537899211049
94974,0.151835769415
94976,0.0569003671408
94978,0.171088069677
94983,0.0276563037187
94984,0.0206310153008
94985,0.0109763825312
94986,0.0162324365228
94987,0.0188078265637
94992,0.0481599792838
94993,0.0357180535793
94995,0.0055009201169
94999,0.0174935925752
95002,0.00254814652726
95003,0.00220857490785
95005,0.0146368993446
95006,0.0152789819986
95008,0.203788921237
95010,0.00243272446096
95012,0.00203885696828
95013,0.00535634346306
95014,0.0207952540368
95015,0.171646714211
95017,0.00221302406862
95021,0.0172041002661
95027,0.00215747742914
95028,0.104592323303
95030,0.0130419861525
95031,0.00941958092153
95035,0.00358258280903
95037,0.0349171049893
95039,0.0182436294854
95043,0.283122479916
95045,0.014729782939
95047,0.0696537494659
95048,0.0113386791199
95051,0.0885499864817
95052,0.0659314393997
95054,0.0141994468868
95055,0.009695767425
95059,0.0062914849259
95062,0.00309673370793
95065,0.00251494930126
95067,0.0414689444005
95068,0.229549765587
95074,0.00798202678561
95076,0.00142136507202
95078,0.111946128309
95079,0.0215824022889
95082,0.0121880341321
95083,0.0196028240025
95087,0.0185568612069
95088,0.0358916446567
95090,0.0960986763239
95091,0.0124012744054
95093,0.253528177738
95094,0.00192438310478
95095,0.0119523499161
95097,0.0103028966114
95098,0.00382436532527
95100,0.00783918239176
95102,0.0723470374942
95103,0.011265813373
95104,0.0456541441381
95105,0.00213171588257
95107,0.00251855119132
95108,0.0556410364807
95109,0.0274387635291
95111,0.00661761127412
95112,0.00697524659336
95116,0.0311454348266
95117,0.00931372493505
95118,0.0570115111768
95119,0.0116189178079
95121,0.00657842494547
95125,0.00272741727531
95126,0.0940205156803
95127,0.219874501228
95132,0.0107283536345
95134,0.0187048204243
95139,0.0159947611392
95140,0.00327480630949
95141,0.210154429078
95143,0.00850898586214
95145,0.0102203544229
95148,0.0427801534534
95149,0.0276849120855
95151,0.00708292098716
95154,0.00889990665019
95155,0.130948722363
95156,0.0283160414547
95157,0.106341347098
95160,0.00216284580529
95161,0.00254814652726
95164,0.0163311641663
95166,0.00563344825059
95174,0.0529259964824
95175,0.0616196244955
95179,0.182694420218
95180,0.00518851866946
95181,0.00344803812914
95186,0.0141994468868
95187,0.0182773731649
95188,0.00160767172929
95191,0.00287762959488
95193,0.103272020817
95195,0.0171388108283
95196,0.0148519100621
95198,0.0205414164811
95200,0.0271511580795
95201,0.0464436039329
95202,0.0361578091979
95207,0.00141367258038
95208,0.00573122734204
95209,0.00623052939773
95211,0.00673355907202
95212,0.0103000476956
95213,0.00167401367798
95214,0.0210681650788
95216,0.0172332040966
95217,0.0154568534344
95219,0.00632366444916
95221,0.0368001721799
95224,0.027431730181
95226,0.0104758795351
95228,0.129045948386
95230,0.0171853154898
95233,0.00819434784353
95234,0.0053946566768
95235,0.190419524908
95237,0.0157036054879
95239,0.176160693169
95242,0.0134896431118
95243,0.006407645531
95246,0.0247985757887
95248,0.0287702139467
95249,0.0108774639666
95250,0.0166194755584
95252,0.134662404656
95253,0.28894841671
95254,0.00293887127191
95255,0.052143741399
95256,0.00700890785083
95257,0.0424836054444
95264,0.10722181946
95266,0.0217648651451
95267,0.0438030585647
95268,0.159745484591
95271,0.0154300779104
95273,0.0355864726007
95275,0.0323965474963
95276,0.0306903664023
95277,0.0139807583764
95278,0.00288696913049
95279,0.0146206766367
95280,0.00278459279798
95281,0.0233378857374
95282,0.146041467786
95284,0.0055853491649
95287,0.0347243696451
95288,0.00168926338665
95289,0.00711445277557
95291,0.0280472300947
95295,0.0287356451154
95299,0.009695767425
95304,0.00124170037452
95306,0.00689104059711
95309,0.0327168516815
95313,0.0102690383792
95316,0.0663509145379
95317,0.00261162640527
95318,0.00383627181873
95319,0.00303095718846
95321,0.0921387076378
95322,0.0154300779104
95323,0.096889950335
95325,0.0144243314862
95326,0.0185478311032
95328,0.0206184033304
95330,0.00227768276818
95331,0.0388179607689
95333,0.0154820466414
95336,0.0318670943379
95338,0.0347706787288
95339,0.00401036581025
95340,0.0527667291462
95341,0.00210865400732
95342,0.00573449954391
95343,0.0130800325423
95346,0.0361450016499
95348,0.0196028240025
95349,0.0247642342001
95352,0.0503094978631
95353,0.0196028240025
95354,0.185794532299
95355,0.0369797721505
95356,0.0196028240025
95357,0.100806333125
95360,0.0250383969396
95361,0.0178654976189
95364,0.104665987194
95368,0.011481567286
95371,0.00827512331307
95372,0.00289513147436
95373,0.040812317282
95374,0.306418120861
95375,0.211862429976
95377,0.0125956777483
95381,0.0367920771241
95386,0.151835769415
95389,0.0320855826139
95392,0.00603724690154
95393,0.0178161431104
95394,0.180243894458
95396,0.0571900121868
95398,0.0125842792913
95401,0.0220985990018
95402,0.00608233734965
95404,0.0196028240025
95405,0.0232644788921
95406,0.0065461951308
95407,0.0450342409313
95408,0.0376280397177
95410,0.0578544922173
95411,0.0176862254739
95413,0.00233304291032
95421,0.0440821610391
95422,0.0658965334296
95423,0.009695767425
95426,0.216129004955
95429,0.00915680360049
95430,0.00622672215104
95433,0.0401797555387
95434,0.159745484591
95437,0.0200990475714
95438,0.00456135021523
95439,0.0365133024752
95443,0.00636130990461
95444,0.0102051086724
95446,0.0894717127085
95449,0.0144243314862
95450,0.0243104975671
95453,0.183093830943
95457,0.011917963624
95458,0.0331783331931
95459,0.0223171897233
95462,0.0262646842748
95463,0.00138863699976
95464,0.216149300337
95465,0.0223469547927
95466,0.0180210266262
95467,0.0218997206539
95469,0.0276106894016
95470,0.00328908930533
95473,0.140539437532
95474,0.0129464361817
95476,0.00834731943905
95477,0.152990862727
95478,0.00263173924759
95479,0.0196028240025
95480,0.00366020132788
95482,0.0625496655703
95483,0.0032768426463
95484,0.0233747754246
95485,0.00513360928744
95487,0.00863175652921
95489,0.00924714282155
95490,0.234975859523
95491,0.0207028016448
95492,0.0145423766226
95493,0.00267808302306
95497,0.0376229025424
95498,0.00708482973278
95502,0.0091585861519
95504,0.223979651928
95505,0.0292952619493
95508,0.00628750631586
95509,0.00831473246217
95510,0.164333090186
95511,0.109343938529
95512,0.00154103513341
95513,0.071878656745
95516,0.0157547798008
95517,0.0134037416428
95519,0.112438969314
95520,0.0133545519784
95522,0.00821417104453
95525,0.0074064489454
95526,0.00521231163293
95528,0.00484463945031
95530,0.207445293665
95532,0.00812263041735
95534,0.0023965141736
95535,0.00129466014914
95536,0.00163166306447
95538,0.00422506034374
95539,0.00134018063545
95545,0.00932539161295
95546,0.066861756146
95547,0.0136776678264
95552,0.0273884069175
95555,0.00216127373278
95558,0.078180000186
95559,0.0414892584085
95560,0.0262512303889
95561,0.0257616546005
95562,0.0944910645485
95565,0.00648537185043
95566,0.203161180019
95568,0.0059682582505
95570,0.0165611281991
95573,0.00697014573961
95579,0.0104030650109
95581,0.0148458275944
95587,0.0170769039541
95589,0.0271870270371
95590,0.0958699285984
95591,0.0420998483896
95592,0.0332118161023
95593,0.00780329992995
95594,0.00948811508715
95596,0.00579889351502
95598,0.105631880462
95599,0.0381328463554
95601,0.00139917852357
95602,0.0012312597828
95604,0.0221096947789
95609,0.0359047278762
95613,0.0404797159135
95614,0.0565940961242
95618,0.031556352973
95620,0.00235802237876
95621,0.0390953943133
95622,0.100706748664
95624,0.102549418807
95625,0.0605307854712
95626,0.0036788827274
95627,0.0141708608717
95630,0.180243894458
95633,0.184308931231
95634,0.227852612734
95635,0.00202005007304
95639,0.0128137022257
95641,0.0855250358582
95643,0.00447913026437
95644,0.0121110100299
95645,0.0112109510228
95646,0.0170926470309
95649,0.0236648954451
95650,0.00577481463552
95652,0.00817959569395
95653,0.00830576848239
95654,0.0185478311032
95656,0.183093830943
95658,0.00760086812079
95659,0.00486501818523
95660,0.0152317183092
95661,0.00175512139685
95668,0.0341878421605
95672,0.0497400946915
95673,0.077916637063
95675,0.0127695826814
95676,0.0140716088936
95678,0.0858949646354
95680,0.0225105322897
95681,0.00768144754693
95682,0.00252856034786
95684,0.00248023844324
95685,0.044577434659
95688,0.00275811296888
95689,0.127138763666
95690,0.0212182328105
95691,0.00420427974313
95693,0.0257572326809
95694,0.0217553190887
95696,0.0352877639234
95698,0.0615072883666
95700,0.0279253199697
95701,0.0118244988844
95704,0.0137312151492
95707,0.0297642573714
95708,0.0487608723342
95711,0.0562184043229
95714,0.00951165240258
95717,0.184171840549
95719,0.0159226264805
95721,0.0552446991205
95722,0.0302426964045
95724,0.0180367957801
95725,0.0533627048135
95726,0.00135943386704
95729,0.00191752554383
95732,0.0223142504692
95735,0.0163311641663
95737,0.0227717142552
95738,0.00599617604166
95739,0.0769272074103
95740,0.0020114579238
95743,0.022906916216
95744,0.0127438092604
95746,0.00948811508715
95747,0.0557025149465
95748,0.0124746114016
95751,0.210061132908
95753,0.0523641146719
95758,0.00220082094893
95759,0.106525309384
95761,0.0204540621489
95762,0.048881880939
95767,0.00729121034965
95768,0.219848498702
95769,0.065500959754
95770,0.019012644887
95771,0.00935465283692
95775,0.009551204741
95776,0.183344006538
95778,0.0208642967045
95779,0.0145481731743
95780,0.00222573219799
95781,0.0728097632527
95783,0.00863807927817
95784,0.00282435142435
95785,0.0114440685138
95787,0.00411401642486
95788,0.00303863827139
95789,0.00505523523316
95790,0.0168863907456
95794,0.0659069344401
95796,0.01872510463
95798,0.00527860177681
95804,0.00280192866921
95808,0.0182633344084
95809,0.0170923750848
95812,0.0432332754135
95816,0.00125270546414
95820,0.0434600450099
95821,0.00126810045913
95828,0.0112701533362
95830,0.00319018214941
95832,0.127608075738
95833,0.00469102850184
95834,0.00320478272624
95839,0.203772425652
95843,0.0179392751306
95844,0.0502732396126
95845,0.00136330921669
95846,0.0324001125991
95853,0.0254055634141
95855,0.00732956174761
95857,0.144091948867
95859,0.0438143908978
95860,0.033632285893
95862,0.00190337421373
95864,0.00183180649765
95865,0.271724522114
95866,0.156427338719
95867,0.0255321282893
95868,0.00315456558019
95869,0.0590042173862
95872,0.0241168513894
95873,0.0188064109534
95876,0.00189869583119
95877,0.0374064557254
95879,0.00668643834069
95883,0.0303837843239
95884,0.00414832308888
95885,0.0205805432051
95888,0.00729888305068
95889,0.0100088538602
95890,0.00243127834983
95891,0.0300691574812
95894,0.00254814652726
95895,0.237997487187
95896,0.00821124296635
95897,0.0175545420498
95899,0.0165611281991
95901,0.00605848385021
95906,0.0109304999933
95909,0.0353671647608
95910,0.0884689316154
95912,0.104809112847
95915,0.00240568025038
95917,0.0314779654145
95920,0.00853218045086
95921,0.0480526573956
95923,0.0468830838799
95924,0.285262674093
95926,0.21298854053
95929,0.0296434499323
95931,0.160397693515
95933,0.00206921622157
95936,0.0466488525271
95938,0.00122058484703
95942,0.0372527129948
95943,0.0979788079858
95944,0.0141994468868
95946,0.00313114980236
95948,0.0108073502779
95954,0.0180203896016
95955,0.0703888833523
95956,0.0174992084503
95958,0.00293176085688
95963,0.0145083852112
95965,0.00799770373851
95967,0.0201237276196
95969,0.00717499293387
95970,0.0259283669293
95972,0.00346614979208
95973,0.0517891198397
95975,0.0243288110942
95977,0.0246338564903
95978,0.0199302360415
95980,0.210295155644
95981,0.259198784828
95982,0.00610669190064
95983,0.00321176205762
95987,0.203161180019
95988,0.00419403705746
95989,0.00873432960361
95992,0.0172445308417
95995,0.0988978073001
95996,0.07724429667
95997,0.00142931181472
95999,0.00305126374587
96001,0.0131812309846
96002,0.00135692569893
96005,0.02807960473
96007,0.0335295312107
96010,0.0460844859481
96012,0.0184395704418
96013,0.0608958303928
96015,0.0406074523926
96017,0.0050064874813
96019,0.0172531399876
96021,0.00308134034276
96022,0.0725669711828
96027,0.0894606858492
96028,0.0371376536787
96029,0.0343497730792
96032,0.033184543252
96033,0.0785402804613
96037,0.00633039465174
96040,0.0557889565825
96041,0.0110592236742
96043,0.0128384744748
96045,0.272236704826
96049,0.00282529578544
96051,0.0270174592733
96052,0.00834166910499
96053,0.011984275654
96056,0.0333714932203
96057,0.0109093328938
96061,0.0196028240025
96062,0.00193047127686
96063,0.00323081365786
96064,0.0165611281991
96066,0.00652213208377
96068,0.0287395827472
96071,0.0313403569162
96073,0.024733223021
96074,0.00641959626228
96075,0.00602128123865
96078,0.0800470039248
96079,0.00127895234618
96080,0.0440627560019
96084,0.00250691268593
96086,0.0222317911685
96087,0.00260140304454
96088,0.0484451539814
96089,0.01141496934
96091,0.0129120470956
96095,0.00882208533585
96099,0.0220985990018
96101,0.00616535916924
96105,0.0594508498907
96108,0.00219929264858
96113,0.0222219005227
96115,0.180243894458
96118,0.132976710796
96120,0.050742123276
96122,0.0679766610265
96123,0.00668545952067
96128,0.0718155652285
96129,0.0460269413888
96130,0.00396113935858
96132,0.235738784075
96135,0.0022837035358
96136,0.146675467491
96137,0.204462751746
96139,0.0412627123296
96142,0.138158321381
96143,0.00594984740019
96145,0.0288412682712
96149,0.00462642963976
96151,0.152385652065
96152,0.00459587667137
96155,0.13211171329
96156,0.0306360274553
96157,0.132715344429
96160,0.00874342117459
96161,0.14812913537
96162,0.00312341121025
96164,0.0314981080592
96165,0.0183362290263
96167,0.00144566968083
96170,0.044880207628
96173,0.0196028240025
96175,0.00888587720692
96177,0.00489228172228
96178,0.00517006032169
96182,0.00255213933997
96186,0.0210681650788
96189,0.187217563391
96190,0.00157520826906
96193,0.0102847423404
96196,0.00139143224806
96198,0.00655463244766
96203,0.00536503084004
96207,0.0244225841016
96209,0.172094896436
96212,0.059890806675
96214,0.0113068968058
96215,0.00327205541544
96216,0.09679274261
96217,0.00427648657933
96221,0.00424971105531
96223,0.00605491315946
96226,0.00244153384119
96228,0.0152202285826
96229,0.0286033209413
96230,0.0122063560411
96231,0.228212311864
96232,0.00428077112883
96233,0.0265216529369
96237,0.0565068237484
96240,0.00184354803059
96242,0.00220656441525
96243,0.00526638235897
96244,0.0118402084336
96245,0.00414781691507
96247,0.0200968310237
96248,0.104809112847
96249,0.055138591677
96251,0.0388367474079
96252,0.00749932928011
96255,0.103571623564
96256,0.00284257577732
96257,0.00747855938971
96259,0.00615587085485
96260,0.0277882777154
96261,0.0130900582299
96263,0.0071397703141
96264,0.0359960272908
96265,0.159217968583
96268,0.0148458275944
96273,0.00288635701872
96276,0.256770730019
96277,0.00594519311562
96279,0.00125964556355
96280,0.0272182580084
96281,0.00249428860843
96282,0.0236622635275
96283,0.109392248094
96284,0.199474066496
96287,0.00932539161295
96290,0.00450152391568
96292,0.00227684760466
96295,0.0103897899389
96301,0.00320483907126
96303,0.00389164756052
96304,0.0680287480354
96305,0.0125510301441
96306,0.0137564027682
96307,0.0175062920898
96308,0.031647387892
96309,0.00409644749016
96311,0.0385699756444
96314,0.109876088798
96315,0.0102815013379
96317,0.00348600721918
96318,0.00564992334694
96320,0.0333238169551
96321,0.0321851223707
96323,0.0049864128232
96324,0.0517924018204
96325,0.00322833261453
96326,0.0334082953632
96327,0.159745484591
96330,0.0807498246431
96332,0.00274690217339
96335,0.0437784865499
96337,0.00989148113877
96338,0.00945730134845
96339,0.0395807214081
96341,0.0168227702379
96346,0.0220164414495
96347,0.0323858931661
96349,0.00494876783341
96352,0.00778513168916
96353,0.00837055686861
96355,0.047508072108
96358,0.0432014539838
96361,0.00691698305309
96365,0.00942932162434
96366,0.0812252163887
96373,0.0261215232313
96374,0.0438362509012
96375,0.00423735380173
96376,0.0566991642118
96378,0.0134147368371
96379,0.0175533909351
96381,0.0291186347604
96383,0.02495912835
96385,0.0162706058472
96389,0.00478285178542
96390,0.00614323746413
96391,0.018934154883
96394,0.0196028240025
96397,0.0102051086724
96398,0.0064324378036
96399,0.144977480173
96400,0.00948811508715
96402,0.0250463597476
96405,0.015265500173
96408,0.00755875743926
96409,0.0558840297163
96410,0.0156127288938
96412,0.0281442534178
96413,0.0246528424323
96415,0.158768460155
96417,0.020945854485
96418,0.0084177441895
96419,0.0367920771241
96424,0.0104283764958
96426,0.00911434739828
96427,0.00149689847603
96428,0.267345130444
96429,0.0163311641663
96430,0.0118583654985
96432,0.00147785781883
96433,0.0130236959085
96434,0.0134945185855
96435,0.0100009953603
96436,0.00217131106183
96437,0.00411201035604
96439,0.00310602155514
96441,0.0103024840355
96444,0.236382871866
96450,0.00385603914037
96451,0.0214708857238
96458,0.177686169744
96460,0.00869765412062
96462,0.0026388715487
96464,0.200852110982
96465,0.0466901510954
96466,0.02217977494
96470,0.0474932044744
96471,0.0310731455684
96472,0.0289813615382
96473,0.00638017803431
96474,0.0177325773984
96476,0.03691252321
96477,0.00825857464224
96478,0.0529787950218
96479,0.00748972082511
96480,0.00293033244088
96481,0.0154820466414
96483,0.199567005038
96484,0.00455992808565
96485,0.00278868735768
96486,0.00429485877976
96487,0.0161265600473
96488,0.0363535806537
96491,0.0166302490979
96494,0.0112554607913
96495,0.00636534066871
96499,0.204082429409
96500,0.00252693844959
96505,0.0144369248301
96511,0.00514805410057
96512,0.0336890146136
96514,0.0174992084503
96515,0.00519171729684
96516,0.00709363352507
96517,0.0287164468318
96521,0.0085396785289
96524,0.0247927755117
96525,0.0222656950355
96528,0.123432472348
96534,0.161897733808
96538,0.00931372493505
96539,0.219848498702
96540,0.00163421279285
96541,0.00244763400406
96545,0.00275217648596
96548,0.00934023130685
96549,0.0743706077337
96550,0.0217368528247
96551,0.0281420871615
96552,0.0592886693776
96554,0.0128113748506
96555,0.0196526665241
96557,0.0196028240025
96563,0.0982079058886
96564,0.183344006538
96567,0.0103233531117
96568,0.00963910855353
96570,0.268664628267
96571,0.00631522620097
96578,0.0409752503037
96579,0.0173213724047
96582,0.0535431653261
96583,0.313232690096
96584,0.0284949205816
96585,0.0225926283747
96586,0.00818751100451
96587,0.0534698851407
96591,0.0121406437829
96601,0.00236891815439
96603,0.00254449620843
96604,0.00593516370282
96606,0.0194204095751
96607,0.00755061767995
96608,0.00193626515102
96609,0.0225298404694
96610,0.0110224969685
96617,0.0158440601081
96618,0.038079790771
96620,0.0194788929075
96621,0.103022307158
96627,0.00146622443572
96628,0.00467316247523
96629,0.00141440774314
96630,0.0516930110753
96631,0.0162570104003
96632,0.0109779201448
96633,0.00402293680236
96635,0.00201466144063
96637,0.00905540492386
96638,0.00261733238585
96640,0.00304793519899
96641,0.0132447155192
96642,0.0526765547693
96646,0.0148386657238
96647,0.0013787971111
96650,0.00761766266078
96651,0.00143917242531
96652,0.0271043293178
96653,0.0374889820814
96657,0.00433877762407
96658,0.0023965141736
96660,0.00227391696535
96662,0.00948811508715
96665,0.0169981010258
96666,0.0023965141736
96668,0.00127843965311
96670,0.00772664183751
96675,0.0347513109446
96677,0.223221719265
96679,0.00740461191162
96681,0.219568014145
96682,0.0153870359063
96693,0.00746480748057
96695,0.0875543951988
96696,0.0254055634141
96698,0.0509393773973
96699,0.0101385964081
96701,0.0143511146307
96704,0.0409752503037
96705,0.0185478311032
96712,0.00206782040186
96714,0.0037572751753
96717,0.0177513752133
96718,0.0193819608539
96720,0.0168630946428
96721,0.0355528257787
96725,0.0145423766226
96727,0.159054338932
96730,0.0196028240025
96731,0.0400292053819
96732,0.0155117586255
96733,0.00539433443919
96735,0.0103147914633
96736,0.0191498100758
96738,0.0735366344452
96739,0.0544469691813
96740,0.00185056950431
96741,0.00364408548921
96744,0.0114705599844
96746,0.00859635323286
96747,0.011057482101
96748,0.0531988479197
96749,0.0140459313989
96750,0.00342349102721
96752,0.12213306874
96755,0.0141481962055
96757,0.107376262546
96758,0.0127826221287
96760,0.0159948132932
96761,0.038313459605
96763,0.0025226646103
96765,0.0582251660526
96766,0.295387536287
96769,0.0141994468868
96771,0.0713917389512
96773,0.0272936820984
96774,0.0147726107389
96775,0.0400827266276
96776,0.00668602017686
96777,0.176366254687
96787,0.00475192908198
96788,0.0188957173377
96790,0.0156685374677
96791,0.106598123908
96793,0.0378269441426
96795,0.0670672655106
96796,0.0148891275749
96797,0.0385701172054
96803,0.0141994468868
96805,0.0997265279293
96806,0.0891397893429
96807,0.0344327911735
96808,0.0276340264827
96810,0.180243894458
96812,0.0094245839864
96815,0.00216626096517
96817,0.00310494680889
96818,0.365119546652
96820,0.0102471029386
96821,0.0180276315659
96824,0.194807603955
96825,0.181669875979
96827,0.0132637172937
96830,0.0124217905104
96831,0.00294082937762
96834,0.00857141707093
96835,0.0225154384971
96837,0.0333551764488
96842,0.0353551208973
96843,0.0732787176967
96845,0.00610192446038
96846,0.00276472955011
96847,0.00369445141405
96850,0.0210257023573
96852,0.014573296532
96854,0.0134113729
96857,0.108419530094
96861,0.00436961604282
96864,0.221661090851
96865,0.00689050229266
96867,0.0527842119336
96871,0.00518071325496
96872,0.0211510509253
96873,0.0454817637801
96875,0.00420937919989
96876,0.03879166767
96878,0.101445138454
96879,0.0102819176391
96882,0.0152159268036
96888,0.00331000541337
96889,0.0395782366395
96890,0.10398067534
96891,0.0337874181569
96892,0.11862770468
96894,0.0337990969419
96897,0.124037019908
96901,0.00284227449447
96903,0.00238127517514
96910,0.0364864394069
96911,0.0593437217176
96912,0.183093830943
96913,0.00264437915757
96914,0.0881382226944
96916,0.0962313637137
96918,0.0157705377787
96922,0.00179864978418
96925,0.00300406594761
96931,0.026742734015
96933,0.00800063274801
96934,0.216395944357
96940,0.026696857065
96941,0.00817401986569
96943,0.00451961439103
96944,0.00595496315509
96945,0.0112905483693
96946,0.0224624294788
96948,0.00349355745129
96949,0.0116544710472
96952,0.00894223432988
96953,0.0112058827654
96957,0.0105840219185
96960,0.00273049273528
96962,0.00141440774314
96964,0.0229817796499
96965,0.0168502684683
96966,0.00514842756093
96968,0.00226057623513
96969,0.174728617072
96970,0.025842545554
96971,0.0259672868997
96973,0.00133647979237
96977,0.0506814047694
96978,0.109231516719
96981,0.0146274315193
96983,0.00595480483025
96984,0.0290974378586
96988,0.0327347405255
96989,0.00400868244469
96990,0.00322125456296
96991,0.0756206437945
96992,0.00275811296888
96993,0.0157317407429
96994,0.0436856038868
96997,0.0102059617639
97001,0.0100818593055
97004,0.0805485323071
97007,0.012808740139
97009,0.0017487128498
97010,0.0307278260589
97011,0.00226506660692
97012,0.0618962980807
97013,0.0284986626357
97015,0.0465443134308
97018,0.0177833884954
97021,0.00513677624986
97022,0.0330314934254
97023,0.00684493780136
97026,0.0186160989106
97027,0.00424799043685
97028,0.00649318611249
97029,0.00240568025038
97030,0.00431811250746
97031,0.0266660489142
97032,0.0657311230898
97033,0.00484180776402
97034,0.00411763414741
97038,0.13224118948
97039,0.242018252611
97042,0.00185051758308
97045,0.00200429442339
97046,0.00943997688591
97047,0.02269875817
97049,0.00667866133153
97051,0.177846685052
97052,0.0409790351987
97054,0.09984523803
97056,0.0119055435061
97060,0.00685679959133
97062,0.050155300647
97063,0.0235223136842
97066,0.0013750276994
97073,0.0066779111512
97077,0.0241073016077
97082,0.00861488375813
97084,0.0299764089286
97085,0.0210745055228
97088,0.00781139358878
97096,0.0140716554597
97097,0.0164869986475
97099,0.00119273213204
97100,0.0341918021441
97104,0.0239146500826
97107,0.00911431293935
97109,0.0655875653028
97110,0.0230007320642
97112,0.0105764744803
97113,0.00803109072149
97115,0.00878280680627
97117,0.00221919850446
97120,0.00670840172097
97124,0.00893409084529
97125,0.0029992912896
97127,0.00712253432721
97128,0.0080393422395
97129,0.00304755708203
97130,0.206662788987
97131,0.155054047704
97132,0.0568883642554
97133,0.00777338026091
97134,0.00923366285861
97135,0.0156537629664
97136,0.137305468321
97139,0.0121910031885
97141,0.0817403867841
97142,0.0150020113215
97143,0.196613028646
97144,0.02912876755
97145,0.00761077273637
97146,0.00229559000582
97147,0.0141994468868
97150,0.0390291512012
97153,0.00493079749867
97155,0.0394582152367
97156,0.0439155884087
97163,0.023501271382
97164,0.0141994468868
97165,0.00743895536289
97170,0.00505401706323
97172,0.00872406363487
97173,0.00512875569984
97177,0.0137990890071
97180,0.00461012125015
97181,0.00396457966417
97183,0.0032397643663
97185,0.00359304435551
97189,0.00745228677988
97191,0.0249825511128
97194,0.0185478311032
97197,0.00394838163629
97198,0.0357253365219
97200,0.004390145652
97203,0.0122233228758
97204,0.0256334040314
97205,0.00605848385021
97207,0.161717802286
97209,0.0108846276999
97210,0.0186751987785
97211,0.00116271944717
97213,0.0168863907456
97217,0.0128864068538
97219,0.00602006865665
97221,0.0122966617346
97223,0.0116067072377
97225,0.00470854435116
97226,0.0222656950355
97227,0.0144254285842
97229,0.0894917026162
97234,0.0161367170513
97235,0.0224107578397
97236,0.0081616891548
97238,0.0308218114078
97241,0.00168259488419
97243,0.0131883667782
97244,0.0320321284235
97247,0.0135920755565
97249,0.00963910855353
97252,0.101289652288
97253,0.00234175287187
97254,0.103347718716
97256,0.0359875559807
97258,0.00550743518397
97259,0.00482171354815
97260,0.0314937569201
97261,0.0184629261494
97262,0.0284930709749
97272,0.00772695615888
97275,0.184786275029
97278,0.0821344479918
97279,0.149125427008
97280,0.0143559100106
97283,0.0075823161751
97284,0.346796691418
97287,0.0100397355855
97288,0.0769030824304
97289,0.00307722133584
97290,0.00173504941631
97293,0.0187122784555
97297,0.0451647825539
97300,0.00679708365351
97301,0.0233099162579
97306,0.0340597480536
97307,0.0351165868342
97308,0.0447190888226
97309,0.034210421145
97312,0.0058963932097
97313,0.00830975640565
97314,0.0349099375308
97316,0.00792452413589
97318,0.0396603532135
97322,0.0185478311032
97323,0.00229107402265
97326,0.00627218186855
97329,0.0212573409081
97330,0.0661013424397
97331,0.0157613325864
97332,0.0193997360766
97333,0.00448548980057
97334,0.00256989616901
97338,0.00185557559598
97340,0.00978791434318
97341,0.0358858853579
97344,0.0990417674184
97347,0.086121506989
97348,0.0283361077309
97349,0.0147708076984
97350,0.0182725302875
97351,0.122070662677
97353,0.0363562516868
97358,0.00802332255989
97365,0.0226077158004
97366,0.222380340099
97367,0.0212665982544
97369,0.0230336636305
97370,0.018635366112
97371,0.0140991834924
97372,0.0549527294934
97374,0.0196028240025
97375,0.0196028240025
97377,0.0475693754852
97378,0.0166355669498
97379,0.0816935524344
97380,0.0196526665241
97382,0.003150152741
97383,0.00223749852739
97384,0.0262195318937
97386,0.00376486452296
97387,0.00974004063755
97388,0.0251212175936
97391,0.0190303884447
97392,0.0181976780295
97394,0.194581106305
97395,0.0357107035816
97396,0.0173756815493
97397,0.0137595748529
97405,0.0138703845441
97406,0.296508073807
97409,0.0127164684236
97411,0.00276506366208
97412,0.0161809343845
97413,0.201547667384
97414,0.0030352845788
97417,0.00236660358496
97418,0.00673049828038
97421,0.0494834706187
97422,0.00469211256132
97423,0.0676589310169
97424,0.00236477586441
97425,0.0234259981662
97428,0.0888477340341
97429,0.155522719026
97430,0.00375839602202
97437,0.0107411136851
97439,0.0248822420835
97440,0.059918101877
97443,0.0123364264145
97446,0.0229181982577
97447,0.0196028240025
97448,0.00721944356337
97453,0.006942815613
97456,0.0251878611743
97457,0.00194642087445
97458,0.063953615725
97464,0.00147582567297
97467,0.00779435364529
97470,0.00314135453664
97473,0.0177829805762
97474,0.0404319688678
97475,0.0158021431416
97477,0.210154429078
97481,0.253446757793
97482,0.12871183455
97483,0.0024052716326
97484,0.0135307349265
97485,0.00183981377631
97487,0.00721943611279
97488,0.0577150024474
97491,0.0171918235719
97492,0.00758133409545
97493,0.00626002019271
97495,0.0106942476705
97496,0.0632411316037
97498,0.00211396743543
97499,0.00149794074241
97501,0.227852612734
97502,0.0120222484693
97504,0.00479858182371
97505,0.0079865064472
97506,0.0108726778999
97507,0.0504460036755
97508,0.00280286534689
97509,0.00347100221552
97512,0.00474559376016
97513,0.0628338158131
97514,0.002389612142
97517,0.0827381014824
97520,0.0108439829201
97521,0.0210778508335
97524,0.00989148113877
97526,0.0501296408474
97529,0.0417702235281
97530,0.010958082974
97532,0.00545858358964
97533,0.0244720838964
97535,0.00909542758018
97536,0.00284272176214
97539,0.0671122968197
97540,0.00298430980183
97541,0.0110183078796
97543,0.0159947611392
97544,0.0288158766925
97546,0.0117772705853
97547,0.00186920387205
97551,0.0146785229445
97552,0.00221277563833
97553,0.00219487491995
97559,0.00253105955198
97560,0.00686938082799
97562,0.00787466857582
97565,0.00428841961548
97566,0.0322990231216
97567,0.00818387232721
97569,0.00723418500274
97570,0.0323489010334
97572,0.00594585295767
97573,0.00397082511336
97575,0.00457173259929
97576,0.0014222364407
97577,0.0611787214875
97578,0.0190042480826
97583,0.00261128111742
97584,0.0071522668004
97587,0.0295813325793
97588,0.107528068125
97589,0.00273049273528
97590,0.00610727956519
97592,0.0163693856448
97595,0.0132193006575
97596,0.00199908483773
97599,0.0300011411309
97600,0.00580156687647
97602,0.00288474629633
97606,0.00610088324174
97607,0.0659860670567
97611,0.00215478427708
97612,0.0566473677754
97613,0.00848816055804
97614,0.0102568659931
97615,0.0616916827857
97620,0.00128342641983
97623,0.0378821864724
97624,0.0305697452277
97625,0.00887194275856
97627,0.0110993906856
97628,0.0217858850956
97629,0.163735419512
97633,0.00269238231704
97634,0.0172589048743
97635,0.0185494422913
97641,0.0122197428718
97642,0.00329012889415
97646,0.0290646869689
97647,0.0523289777339
97648,0.0194185264409
97650,0.00229355087504
97651,0.0141995595768
97655,0.00963975954801
97656,0.00288179470226
97663,0.0237999893725
97666,0.00246737268753
97667,0.0290239565074
97670,0.0358652323484
97672,0.188330560923
97674,0.00276841316372
97675,0.0061560664326
97676,0.0109438337386
97677,0.0173419825733
97679,0.0104030650109
97680,0.0210840441287
97682,0.00780147733167
97683,0.0925102457404
97685,0.0339351482689
97687,0.126102820039
97688,0.222981482744
97691,0.239461824298
97692,0.00277369562536
97695,0.0953427404165
97696,0.235649988055
97697,0.00694014318287
97699,0.00262486655265
97700,0.0245130397379
97703,0.00241983844899
97704,0.0592743083835
97705,0.0048012053594
97706,0.0266015268862
97710,0.159163072705
97716,0.0842552036047
97717,0.0192853584886
97718,0.0188446715474
97722,0.00430337246507
97724,0.00623549800366
97725,0.00928219221532
97726,0.00363862561062
97728,0.0141994468868
97729,0.0390176251531
97732,0.012370634824
97734,0.02451187931
97735,0.0174668468535
97736,0.00409997999668
97737,0.0321999415755
97740,0.0390727743506
97741,0.00585492933169
97747,0.0696904957294
97748,0.00921933446079
97750,0.00465887226164
97753,0.0113552240655
97754,0.0108519336209
97755,0.0330895558
97758,0.00713581917807
97759,0.203772425652
97761,0.0242724325508
97764,0.00564734404907
97766,0.016518753022
97767,0.0135864820331
97768,0.0076684653759
97771,0.0110967475921
97772,0.00243232166395
97775,0.00595181109384
97776,0.0822293460369
97779,0.219693779945
97781,0.147949114442
97782,0.181322932243
97783,0.124993294477
97785,0.10768853873
97786,0.0198769457638
97788,0.0306710787117
97791,0.041786249727
97796,0.0100698079914
97797,0.0117267593741
97798,0.0572349764407
97799,0.0394414551556
97805,0.00254523940384
97808,0.0476716123521
97810,0.196613028646
97811,0.0164114739746
97813,0.0603588148952
97821,0.109392248094
97822,0.00206115702167
97823,0.0220435634255
97824,0.0357311964035
97827,0.0337822511792
97831,0.0241781827062
97833,0.00373487710021
97834,0.011009208858
97837,0.041082996875
97839,0.0145072191954
97842,0.180871874094
97843,0.0841860622168
97846,0.0180362053216
97847,0.00217090500519
97848,0.0789134949446
97849,0.0609196871519
97850,0.05931327492
97852,0.00736735621467
97855,0.00145229569171
97856,0.00390824116766
97859,0.0107283536345
97860,0.00663415202871
97866,0.162858620286
97870,0.0410993546247
97872,0.00288082612678
97879,0.00341962790117
97880,0.0333238169551
97882,0.0140438321978
97885,0.0113753322512
97888,0.00884830392897
97889,0.00906985811889
97891,0.00843175407499
97894,0.00796850584447
97896,0.174728617072
97897,0.040917083621
97899,0.00346914539114
97900,0.00693969940767
97901,0.0254055634141
97902,0.201362207532
97904,0.266209065914
97906,0.00204337644391
97909,0.0253545381129
97911,0.0057908501476
97915,0.100204095244
97917,0.0185478311032
97918,0.0196028240025
97919,0.0212902911007
97922,0.0110860681161
97929,0.0405674166977
97933,0.0196028240025
97934,0.0998414456844
97935,0.0250867027789
97938,0.0145840784535
97940,0.00710748741403
97942,0.0264684837312
97945,0.0153407966718
97946,0.0796769335866
97947,0.0255321282893
97948,0.00170965539292
97950,0.0168823227286
97953,0.0318670943379
97954,0.0190695915371
97955,0.0145750977099
97958,0.00280873035081
97959,0.0166512150317
97960,0.21854826808
97961,0.00512438779697
97964,0.0295835901052
97966,0.00268911966123
97968,0.0245827361941
97971,0.00948811508715
97972,0.00948811508715
97974,0.00301450374536
97977,0.0528062321246
97978,0.0494488999248
97982,0.0239555388689
97983,0.0167314317077
97984,0.0245689786971
97987,0.00564632145688
97988,0.040248811245
97989,0.0481411218643
97990,0.00125270546414
97994,0.0141994468868
97996,0.00998206157237
97997,0.0303488057107
98002,0.0370120219886
98005,0.0196028240025
98008,0.0151181844994
98013,0.00272393715568
98014,0.0426466837525
98015,0.0165008530021
98019,0.0370120219886
98020,0.00200429442339
98026,0.144853398204
98028,0.183093830943
98029,0.00293964962475
98032,0.0462885424495
98033,0.108766637743
98034,0.00235821306705
98039,0.0505564846098
98044,0.0170468837023
98048,0.0219833850861
98051,0.0176806841046
98052,0.0570165999234
98055,0.0163879226893
98057,0.0078212339431
98060,0.00543541228399
98063,0.051716171205
98065,0.00760363088921
98068,0.0296611506492
98069,0.0247018877417
98070,0.0196028240025
98071,0.0166993942112
98074,0.00443390617147
98076,0.0262646842748
98078,0.00433013448492
98079,0.003646873869
98081,0.0340623371303
98082,0.00250789197162
98084,0.157189056277
98085,0.019459059462
98086,0.00328791583888
98087,0.045543204993
98088,0.0251685921103
98089,0.0250351857394
98091,0.067451313138
98094,0.307792514563
98096,0.218215063214
98101,0.062046431005
98103,0.00173728889786
98104,0.22380015254
98106,0.00946662854403
98107,0.169955760241
98110,0.0196526665241
98113,0.00269672391005
98117,0.0292178317904
98119,0.00350327510387
98120,0.0154820466414
98121,0.0120322611183
98122,0.0216032899916
98125,0.0357134528458
98128,0.00211507431231
98129,0.0121194794774
98135,0.0288204606622
98136,0.0272835865617
98140,0.004935357254
98142,0.0118225095794
98147,0.006462152116
98149,0.0115400934592
98152,0.0202870219946
98154,0.00650942698121
98156,0.00286930380389
98157,0.00221934961155
98161,0.00437249010429
98162,0.031025711447
98164,0.0185478311032
98166,0.0196028240025
98167,0.0813123136759
98172,0.00814589392394
98176,0.0222746916115
98181,0.0664343684912
98184,0.016423009336
98186,0.0318670943379
98188,0.0336364991963
98190,0.00466159498319
98191,0.00883565936238
98194,0.0401176624
98196,0.00432270299643
98203,0.0039548589848
98205,0.0101849567145
98207,0.0141245378181
98208,0.00501617090777
98209,0.080419242382
98211,0.0941197499633
98212,0.00257078232244
98214,0.00900045502931
98217,0.0196526665241
98218,0.109041787684
98220,0.0095576569438
98221,0.0249333456159
98222,0.00313433352858
98223,0.0111473668367
98225,0.0180894192308
98232,0.0919131189585
98233,0.00212270743214
98235,0.00841848086566
98237,0.0412674024701
98247,0.0602877698839
98248,0.019448466599
98249,0.0163046717644
98251,0.0625503510237
98253,0.12231746316
98261,0.00855591986328
98263,0.0344322137535
98264,0.00578237045556
98265,0.00141516490839
98266,0.00845558382571
98268,0.0441117100418
98271,0.0388906523585
98273,0.0848045647144
98274,0.00526868086308
98275,0.0371777527034
98276,0.00310605554841
98277,0.00963508524001
98278,0.00337273790501
98281,0.16013713181
98282,0.0274494960904
98283,0.211666554213
98284,0.0382153876126
98285,0.00853858422488
98288,0.045952796936
98290,0.0370944291353
98293,0.0402365885675
98294,0.00288798101246
98295,0.0150750782341
98297,0.0326774269342
98298,0.136319965124
98302,0.00905611552298
98305,0.0222115404904
98307,0.013585427776
98309,0.00254939869046
98311,0.00833685044199
98312,0.0124207725748
98319,0.00508871302009
98320,0.0200455542654
98322,0.0134347816929
98324,0.0446457862854
98326,0.168881654739
98327,0.109556831419
98328,0.00241475598887
98329,0.0147282620892
98331,0.0291084032506
98332,0.00126130424906
98336,0.032730255276
98340,0.0187105312943
98342,0.00395425967872
98343,0.199837774038
98346,0.0404035970569
98349,0.00763047346845
98350,0.0387308783829
98354,0.0233582090586
98361,0.0019866921939
98362,0.00576342083514
98363,0.0231372825801
98367,0.0132710952312
98369,0.070335097611
98373,0.0168823227286
98375,0.138911098242
98376,0.0130419861525
98378,0.00298729911447
98380,0.0555441603065
98385,0.00297996145673
98388,0.00207132147625
98391,0.0433136820793
98393,0.00885937642306
98395,0.00902438536286
98396,0.0260998848826
98398,0.136832535267
98401,0.00706401932985
98402,0.107467800379
98406,0.00946191698313
98409,0.120880939066
98410,0.159745484591
98411,0.0265788864344
98412,0.0585656501353
98414,0.00499380473047
98416,0.0633596926928
98417,0.0202467385679
98418,0.030497521162
98419,0.0226225052029
98420,0.0172391012311
98421,0.235649988055
98424,0.037165902555
98425,0.0148307643831
98429,0.0571296140552
98431,0.0196028240025
98434,0.00851635448635
98440,0.0485047064722
98442,0.0145694557577
98443,0.0250088367611
98447,0.0081803239882
98449,0.0530632026494
98451,0.0399656444788
98452,0.0278127398342
98453,0.0167773775756
98455,0.0030339283403
98456,0.0248918421566
98457,0.0150750782341
98460,0.0171922836453
98463,0.00254814652726
98464,0.00971564464271
98466,0.0340585447848
98468,0.0110521502793
98469,0.0166581403464
98470,0.0255572088063
98473,0.0183870457113
98474,0.00471178162843
98476,0.179869145155
98477,0.109392248094
98479,0.0352809391916
98480,0.00833685044199
98481,0.0079735852778
98485,0.00248815421946
98486,0.193703815341
98492,0.167083248496
98493,0.00246868142858
98497,0.0141994468868
98499,0.00872378703207
98502,0.120091766119
98506,0.0196028240025
98507,0.0651182457805
98508,0.00709333177656
98511,0.0216967444867
98513,0.159745484591
98514,0.0316752679646
98516,0.0150439990684
98517,0.00441681174561
98518,0.0224924460053
98519,0.229772403836
98520,0.0167978964746
98521,0.175586149096
98522,0.00313065154478
98525,0.00322295748629
98527,0.00776858488098
98528,0.00369671639055
98529,0.195582047105
98530,0.0404930226505
98531,0.405389934778
98535,0.0345430001616
98536,0.0168925747275
98537,0.0508778877556
98539,0.014222391881
98540,0.0144753223285
98542,0.00163954752497
98543,0.112073332071
98545,0.0124757047743
98546,0.019213212654
98550,0.00563344825059
98555,0.0101154660806
98556,0.0154300779104
98557,0.00425382936373
98558,0.0124626038596
98559,0.00973656866699
98560,0.00553630152717
98562,0.0778471902013
98566,0.033179089427
98570,0.0013614356285
98572,0.112330824137
98574,0.041093390435
98576,0.0683987513185
98577,0.210154429078
98578,0.0123429223895
98583,0.00138824363239
98584,0.0045990976505
98586,0.0356354601681
98587,0.0686049684882
98590,0.0253484416753
98591,0.0269212964922
98592,0.0232311561704
98594,0.0065822340548
98599,0.0270393434912
98600,0.0196028240025
98602,0.00877241045237
98603,0.00615803897381
98604,0.0175882745534
98605,0.0095576569438
98606,0.0106978239492
98607,0.0154513902962
98609,0.19155909121
98610,0.00647088000551
98611,0.0173378158361
98614,0.00723159313202
98615,0.183778479695
98616,0.00431020185351
98618,0.0098925512284
98619,0.172150194645
98621,0.00840082205832
98622,0.208220049739
98625,0.0118402084336
98626,0.0557025149465
98630,0.00766474334523
98631,0.116397880018
98632,0.0150046041235
98633,0.00481496145949
98637,0.0493283011019
98640,0.197879076004
98643,0.00986665859818
98644,0.0304463412613
98646,0.0196526665241
98647,0.0223527364433
98650,0.0299339126796
98652,0.180243894458
98654,0.0208363365382
98655,0.0056034643203
98656,0.0102086691186
98657,0.0198374986649
98659,0.00142243155278
98662,0.0031965689268
98665,0.0185478311032
98668,0.0165254101157
98670,0.0112143876031
98671,0.0876967534423
98673,0.0361450016499
98674,0.0181191414595
98675,0.00639448920265
98676,0.0880703702569
98677,0.00285294372588
98679,0.00424180272967
98680,0.0025824487675
98683,0.149897843599
98686,0.0110945869237
98687,0.138374209404
98694,0.0113867549226
98695,0.0173332095146
98696,0.0332068540156
98697,0.0128476759419
98698,0.0952235162258
98704,0.00661134533584
98705,0.00966074131429
98707,0.0277918167412
98709,0.0198754090816
98710,0.171088069677
98713,0.00196891184896
98714,0.0114633599296
98715,0.00160851003602
98716,0.0385871492326
98719,0.00404003402218
98723,0.0178975630552
98728,0.00349591718987
98730,0.184308931231
98734,0.0513977445662
98736,0.00681471545249
98739,0.0134324999526
98745,0.102530896664
98747,0.00801218673587
98748,0.0204505678266
98749,0.0196823459119
98755,0.0242818091065
98758,0.0147027364001
98760,0.00260946480557
98762,0.0167330484837
98763,0.0260965507478
98766,0.0293100737035
98767,0.00548631558195
98770,0.0144209023565
98771,0.0239885356277
98776,0.0738798752427
98777,0.00237977923825
98778,0.00948811508715
98779,0.0118241580203
98784,0.107232816517
98785,0.0571316555142
98787,0.029365401715
98790,0.00297631998546
98792,0.00948811508715
98794,0.0509383641183
98795,0.0343687832355
98797,0.00478554656729
98799,0.00319308554754
98801,0.153244554996
98802,0.0665003061295
98803,0.0479762963951
98804,0.0148350149393
98814,0.0042105326429
98815,0.0162865258753
98816,0.0634822323918
98818,0.00836992356926
98819,0.00483527826145
98821,0.00414189882576
98822,0.00686051556841
98823,0.0115932198241
98824,0.209598660469
98826,0.00992786604911
98828,0.0353551208973
98829,0.00464795064181
98840,0.122679382563
98845,0.00168525381014
98846,0.0028676809743
98847,0.115993179381
98849,0.0116707673296
98855,0.0158554986119
98860,0.00646524131298
98861,0.00610669190064
98862,0.00477906037122
98863,0.0258205290884
98864,0.00900591816753
98865,0.00800635293126
98867,0.0259283669293
98870,0.0136866448447
98874,0.0038239879068
98876,0.00663712807
98878,0.119330585003
98879,0.0219369921833
98881,0.0388488322496
98883,0.033632285893
98887,0.104663826525
98889,0.00877018366009
98891,0.0027198754251
98892,0.197519287467
98893,0.0474162437022
98894,0.0135462358594
98895,0.0250529162586
98900,0.0125503381714
98902,0.0501621849835
98903,0.00368483876809
98904,0.14630562067
98908,0.014382599853
98909,0.0180891063064
98911,0.0858585685492
98913,0.0565940961242
98914,0.0169040299952
98918,0.0171939283609
98919,0.0385528020561
98921,0.0254468247294
98922,0.180243894458
98923,0.00426274212077
98928,0.0254055634141
98929,0.0143773145974
98932,0.0175014790148
98933,0.009695767425
98938,0.0413576588035
98939,0.0198430027813
98940,0.0176651217043
98941,0.201246112585
98943,0.0113720875233
98944,0.00222575454973
98945,0.0660150647163
98946,0.00231625093147
98947,0.0298667512834
98948,0.00721944356337
98949,0.146676123142
98950,0.00808255560696
98951,0.0254055634141
98953,0.00608631689101
98956,0.0101786181331
98957,0.0104979239404
98958,0.00137670361437
98959,0.015674136579
98960,0.0014034936903
98961,0.00912945438176
98962,0.00248815421946
98963,0.0547610633075
98966,0.0085446704179
98967,0.00948811508715
98968,0.0260677840561
98970,0.217358142138
98971,0.00988124031574
98974,0.183093830943
98977,0.0111019769683
98978,0.0383807905018
98979,0.00985003355891
98980,0.036541774869
98981,0.00379453692585
98987,0.0117225823924
98988,0.00216301647015
98989,0.0278414431959
98992,0.0176284871995
98993,0.0100916773081
98995,0.0145694557577
98998,0.00155668728985
99004,0.0137529494241
99007,0.0103847263381
99008,0.0217395350337
99010,0.0235888864845
99013,0.0582380890846
99014,0.0792262852192
99017,0.0861520022154
99020,0.00353279104456
99025,0.00391059368849
99035,0.00262060458772
99037,0.00948811508715
99040,0.00283932732418
99042,0.0125677119941
99045,0.00141886039637
99048,0.220864579082
99050,0.0926877632737
99051,0.0895714461803
99052,0.00254496815614
99053,0.0141994468868
99055,0.00738520082086
99058,0.0194733571261
99073,0.114821664989
99074,0.0163583569229
99077,0.156160280108
99078,0.0021920602303
99079,0.181669875979
99084,0.00742754992098
99085,0.0043610567227
99087,0.00135155965108
99088,0.0421010442078
99091,0.204067900777
99094,0.0295833852142
99096,0.0392566397786
99097,0.0065294643864
99098,0.0187734998763
99099,0.00672960001975
99102,0.0404271297157
99104,0.0165611281991
99106,0.0144753223285
99109,0.00162677129265
99110,0.0318670943379
99111,0.0196028240025
99113,0.266253173351
99114,0.0176009666175
99115,0.0333238169551
99117,0.00336253037676
99120,0.125263661146
99121,0.0209271162748
99122,0.0363864526153
99126,0.00225327257067
99127,0.011538695544
99130,0.00420272070915
99134,0.00875423848629
99137,0.00257493695244
99138,0.00140860746615
99142,0.00377144291997
99144,0.0141994468868
99149,0.00315487757325
99150,0.0141466734931
99152,0.0565427318215
99153,0.0107823750004
99154,0.0197617150843
99156,0.210154429078
99157,0.00580878229812
99159,0.0349233224988
99160,0.185989946127
99162,0.00188565766439
99163,0.00142196158413
99166,0.0029327950906
99169,0.0132565861568
99171,0.00944748334587
99172,0.0173835791647
99174,0.0339579805732
99175,0.00482931360602
99177,0.0185543783009
99181,0.117373920977
99182,0.00309880124405
99192,0.0126962019131
99193,0.00310547975823
99195,0.00400314619765
99196,0.0134116197005
99198,0.0137911671773
99200,0.00507067283615
99201,0.00969249010086
99202,0.0153059447184
99203,0.00620925519615
99204,0.234683185816
99208,0.132245287299
99209,0.00964167620987
99211,0.019961565733
99218,0.0222961306572
99220,0.00822633132339
99221,0.00871542934328
99222,0.0106218997389
99225,0.0206372123212
99226,0.00207374151796
99228,0.0122538916767
99231,0.059419080615
99233,0.00153185101226
99234,0.00146413512994
99238,0.00319558754563
99239,0.0524988174438
99242,0.109243735671
99243,0.0130643034354
99244,0.0268177986145
99245,0.00226865895092
99246,0.00577467214316
99247,0.0294460635632
99250,0.00880713295192
99256,0.0041960189119
99259,0.00502537051216
99260,0.00154561654199
99264,0.00429535843432
99265,0.417936533689
99267,0.159718349576
99269,0.0234184116125
99272,0.0301527958363
99273,0.0268291197717
99274,0.0120493965223
99275,0.00469062104821
99276,0.00372836971655
99277,0.00323590333574
99278,0.0419716797769
99279,0.0284400954843
99280,0.00334620801732
99282,0.00226823589765
99283,0.0150291481987
99284,0.058787766844
99286,0.0169748906046
99287,0.00313105317764
99288,0.0165413431823
99289,0.0124646592885
99290,0.00651714392006
99291,0.0132430884987
99294,0.0166315268725
99296,0.0235253199935
99297,0.011955791153
99302,0.0145626524463
99306,0.0166290085763
99309,0.0117795746773
99310,0.0253011789173
99311,0.0098486142233
99315,0.00985700637102
99317,0.00271875155158
99318,0.0670243874192
99319,0.0109312376007
99321,0.00258720782585
99322,0.0255333222449
99325,0.0204230677336
99326,0.00515992427245
99328,0.0151083404198
99330,0.151835769415
99334,0.00285477028228
99336,0.0214754454792
99338,0.0218333322555
99339,0.0149907758459
99340,0.00973762571812
99344,0.0322124250233
99346,0.0224894173443
99347,0.0371305458248
99349,0.0296434499323
99353,0.172118544579
99355,0.0253656115383
99356,0.236987560987
99357,0.0200104527175
99358,0.019325401634
99359,0.00366985797882
99360,0.0110141830519
99361,0.0758122131228
99364,0.101815871894
99367,0.0673236772418
99368,0.00251639238559
99369,0.0139877619222
99371,0.00245429086499
99373,0.0209639817476
99376,0.00763100013137
99380,0.00929377600551
99384,0.00360047980212
99385,0.00411008158699
99387,0.0104030650109
99388,0.0229190587997
99390,0.0269922520965
99392,0.158768460155
99395,0.0295904688537
99396,0.0181752219796
99397,0.0226629097015
99398,0.00558392470703
99400,0.00272688292898
99404,0.0171819832176
99405,0.0124012744054
99407,0.0179782863706
99410,0.0225533023477
99411,0.035887978971
99413,0.012294803746
99414,0.00960655324161
99418,0.0363683253527
99419,0.167927995324
99423,0.0121050039306
99424,0.00210091820918
99426,0.00567702297121
99427,0.00948811508715
99429,0.0220985990018
99431,0.00599938305095
99438,0.102497734129
99440,0.00241154641844
99441,0.00233353464864
99445,0.0278262943029
99447,0.0134826460853
99448,0.183093830943
99450,0.166411846876
99451,0.00293575855903
99454,0.146135479212
99456,0.0551609918475
99461,0.0885605141521
99466,0.0113623188809
99467,0.0115997884423
99468,0.0105033442378
99469,0.0678013339639
99470,0.0290923938155
99474,0.00234806328081
99476,0.0019767654594
99480,0.0560407973826
99483,0.00995460804552
99486,0.074008770287
99487,0.0172889605165
99489,0.00343872141093
99490,0.202125325799
99492,0.00232805591077
99493,0.0042978534475
99494,0.0136419292539
99498,0.00203970214352
99499,0.063953615725
99500,0.011015300639
99502,0.00268491799943
99503,0.0307153761387
99504,0.00234531704336
99505,0.0357628315687
99506,0.0155262630433
99507,0.0372371450067
99509,0.00844059325755
99510,0.00186326622497
99513,0.0616916827857
99514,0.00221782014705
99518,0.0182284917682
99520,0.180243894458
99521,0.0318670943379
99523,0.00307043408975
99525,0.00929782073945
99526,0.128259539604
99527,0.0109904771671
99528,0.0288830436766
99531,0.0107197090983
99535,0.0189219675958
99537,0.00317868613638
99538,0.0107261976227
99539,0.00889904424548
99541,0.118379019201
99542,0.00544929271564
99543,0.00127932208125
99547,0.00242781825364
99550,0.00352260982618
99551,0.0251991264522
99552,0.0182436294854
99553,0.0909975990653
99557,0.0148523561656
99559,0.0111909303814
99560,0.0317247249186
99561,0.00287752156146
99562,0.00569245358929
99567,0.002534319181
99568,0.00415349751711
99570,0.00282067945227
99571,0.00645927153528
99574,0.0196526665241
99575,0.0265537239611
99578,0.00332385720685
99579,0.0201107747853
99580,0.222300127149
99581,0.00439939647913
99583,0.0174747947603
99584,0.112380750477
99587,0.00896883290261
99589,0.0185478311032
99590,0.00416216719896
99591,0.0418553464115
99595,0.00305362441577
99596,0.0105528188869
99597,0.0184521917254
99598,0.00800628867
99599,0.0123957758769
99600,0.115302279592
99602,0.0852835699916
99604,0.0356432944536
99607,0.00360221113078
99608,0.274089276791
99614,0.00204041856341
99615,0.00235244608484
99617,0.192174762487
99618,0.0536535345018
99620,0.0460163019598
99621,0.0835795328021
99626,0.0867708474398
99629,0.137589931488
99631,0.00567578244954
99633,0.00231113703921
99635,0.0148926181719
99636,0.0124232759699
99638,0.0139771038666
99640,0.00883327517658
99641,0.010770490393
99643,0.00300845643505
99650,0.0402596779168
99654,0.192763894796
99657,0.00449705170467
99660,0.00260292412713
99661,0.160237267613
99662,0.0214755516499
99664,0.00405197031796
99666,0.0193065684289
99668,0.00277837668546
99671,0.063953615725
99672,0.0611487813294
99673,0.00247338530608
99677,0.00523383170366
99683,0.00835967063904
99684,0.00283634499647
99686,0.00864830147475
99687,0.00641500530764
99689,0.0616196244955
99690,0.00304822763428
99691,0.0028412961401
99692,0.00306519400328
99693,0.00691002327949
99694,0.0292357448488
99695,0.108266547322
99697,0.0144183058292
99698,0.0210815202445
99699,0.104914158583
99700,0.209704861045
99701,0.00935752503574
99702,0.0336693972349
99704,0.00847122166306
99707,0.00816957186908
99710,0.00617089215666
99712,0.00486131897196
99713,0.0262646842748
99715,0.0583594627678
99716,0.0159140136093
99718,0.116580359638
99719,0.00311102787964
99722,0.0305739454925
99725,0.0106927696615
99726,0.165555849671
99728,0.0294905435294
99731,0.0141994468868
99732,0.0290654283017
99736,0.0210517831147
99737,0.0261828675866
99740,0.0220985990018
99741,0.00821367371827
99742,0.159212216735
99746,0.0154845686629
99747,0.00816759373993
99749,0.136319965124
99750,0.0191493667662
99753,0.00995560828596
99755,0.0215315502137
99758,0.0386218354106
99762,0.0363215617836
99766,0.00888490770012
99771,0.00252856034786
99772,0.0205903574824
99773,0.0761561244726
99776,0.00578731484711
99780,0.00971564464271
99782,0.00295280525461
99784,0.00374698871747
99785,0.0106985159218
99786,0.0307153761387
99788,0.00415973272175
99791,0.175810948014
99796,0.106598265469
99798,0.18514919281
99799,0.0110909193754
99802,0.0127911036834
99803,0.158330887556
99805,0.00825720001012
99807,0.130921959877
99808,0.00364189455286
99810,0.044512450695
99811,0.052853371948
99813,0.023037372157
99815,0.0217507127672
99819,0.0668654739857
99827,0.0127101242542
99828,0.00856052804738
99829,0.00815002899617
99830,0.0110245868564
99831,0.119833573699
99837,0.0142674818635
99838,0.108707882464
99840,0.0185478311032
99841,0.0203315895051
99844,0.0277142506093
99845,0.158768460155
99846,0.00125270546414
99847,0.0240360181779
99848,0.00815676152706
99850,0.0247653517872
99852,0.0261378865689
99854,0.122428648174
99855,0.024321615696
99857,0.0385699756444
99858,0.00830459501594
99859,0.020091291517
99860,0.0363689363003
99861,0.00643334584311
99862,0.0186249259859
99863,0.0180080160499
99864,0.00886542815715
99865,0.00428005727008
99866,0.00334978173487
99869,0.00344097404741
99871,0.0470817796886
99873,0.0103761004284
99875,0.158467903733
99877,0.00240925559774
99880,0.0123415682465
99883,0.0169620774686
99884,0.0225141700357
99887,0.182694420218
99888,0.0495470725
99889,0.0123379416764
99890,0.129757761955
99891,0.00425410410389
99899,0.00301185669377
99900,0.00599500583485
99901,0.0327213853598
99904,0.0645840987563
99905,0.0171827077866
99907,0.0262646842748
99908,0.013370632194
99909,0.0240413043648
99910,0.0107669550925
99912,0.0403550304472
99914,0.0636528804898
99915,0.0145423766226
99916,0.00268491799943
99921,0.00622392538935
99922,0.00129941513296
99924,0.0377729721367
99925,0.0262512303889
99926,0.06415014714
99928,0.233249098063
99929,0.00334942364134
99930,0.149263605475
99936,0.0234699137509
99938,0.00302263442427
99939,0.0553840361536
99940,0.102530896664
99944,0.0542152561247
99946,0.0173419825733
99948,0.00863097701222
99951,0.00354552594945
99954,0.0044874898158
99955,0.25028398633
99956,0.00497366534546
99957,0.0325086452067
99958,0.0334135778248
99961,0.203926369548
99967,0.00338078243658
99969,0.00842486042529
99970,0.0192920658737
99971,0.0668406039476
99973,0.0181318707764
99975,0.0297781303525
99976,0.0113904532045
99978,0.00847471132874
99979,0.299077183008
99980,0.0148458275944
99982,0.00235802237876
99983,0.00267077982426
99988,0.00980150699615
99989,0.009695767425
99991,0.0163967031986
99993,0.00584905641153
99995,0.0281043257564
99998,0.0382399298251
100000,0.0592849887908
100001,0.0467792414129
100005,0.0245915018022
100007,0.308423042297
100008,0.0188783761114
100011,0.0342404134572
100012,0.0125880427659
100013,0.0374845378101
100014,0.025077842176
100015,0.0385894998908
100016,0.0170923750848
100018,0.0262512303889
100019,0.0296720340848
100022,0.0019446441438
100025,0.0736295357347
100026,0.0166682433337
100029,0.00250317621976
100030,0.00199633161537
100033,0.0195777304471
100034,0.00522145070136
100035,0.00353903439827
100036,0.00427609868348
100037,0.0239015687257
100038,0.130226060748
100039,0.00381146720611
100042,0.0115329157561
100044,0.0361846759915
100045,0.0156557392329
100046,0.217243850231
100048,0.00296509172767
100049,0.112951353192
100051,0.0163338053972
100052,0.0176157392561
100055,0.022245908156
100061,0.00262060458772
100062,0.0139553565532
100064,0.0322870723903
100066,0.00170607003383
100067,0.0437977649271
100069,0.092472024262
100070,0.0475038737059
100072,0.0167215280235
100073,0.00927625689656
100079,0.0120629649609
100080,0.00138235767372
100083,0.0242706146091
100084,0.00482784956694
100087,0.00436175474897
100088,0.00697088846937
100090,0.0425288043916
100091,0.014293490909
100092,0.00544025562704
100096,0.00861129723489
100097,0.00599687872455
100099,0.00637671817094
100100,0.0626226365566
100102,0.0260677840561
100104,0.0322989337146
100105,0.0396575219929
100106,0.00838817190379
100107,0.00503082154319
100109,0.0220291353762
100111,0.04648020491
100112,0.00577427539974
100113,0.00624462869018
100115,0.149162650108
100116,0.0412087701261
100118,0.099543556571
100123,0.234311670065
100126,0.006818711292
100127,0.0182682592422
100128,0.0236445069313
100129,0.0271428786218
100130,0.00776745704934
100131,0.0372371450067
100133,0.00204509031028
100134,0.00144445244223
100138,0.00185585999861
100140,0.031025711447
100141,0.0343469753861
100146,0.0553173311055
100148,0.0557025149465
100149,0.00973656866699
100154,0.00368650932796
100155,0.0135351084173
100156,0.0159000698477
100158,0.00474176649004
100161,0.00197656312957
100163,0.0310657341033
100165,0.0463679134846
100166,0.00243156845681
100167,0.0193824768066
100169,0.0254800394177
100171,0.0241349022835
100172,0.00465957727283
100174,0.00680381851271
100177,0.00524698849767
100178,0.0661207735538
100183,0.00146688160021
100184,0.00443256972358
100185,0.00241925963201
100188,0.0376511402428
100191,0.0522531308234
100192,0.0219552163035
100193,0.00382908456959
100195,0.0271578077227
100197,0.0820700526237
100202,0.0748242586851
100203,0.0111238434911
100204,0.0298491176218
100208,0.00959980022162
100210,0.206952065229
100212,0.0174251273274
100214,0.0700194761157
100224,0.0183148346841
100226,0.070390149951
100227,0.0333978757262
100228,0.0216373428702
100231,0.0493940599263
100232,0.205377459526
100234,0.181403696537
100235,0.00661852397025
100239,0.0167459361255
100242,0.0141994468868
100244,0.00591390533373
100245,0.21298854053
100246,0.0174157731235
100249,0.0101703442633
100254,0.0245492123067
100255,0.0152495531365
100256,0.00426041102037
100263,0.0171345863491
100264,0.0655987560749
100266,0.00297359889373
100268,0.0254055634141
100270,0.0182277448475
100275,0.0108637018129
100279,0.0499659813941
100281,0.0142697216943
100284,0.0407153517008
100290,0.0138895586133
100292,0.0164608247578
100293,0.183997526765
100294,0.126481577754
100296,0.0544085428119
100297,0.00550276460126
100298,0.00445542763919
100301,0.0196028240025
100302,0.0272835865617
100304,0.0364911593497
100305,0.0145083852112
100306,0.0104823531583
100310,0.152214303613
100311,0.00809069070965
100312,0.00454412028193
100314,0.00682949600741
100315,0.0162337683141
100317,0.00250375736505
100324,0.00523714954033
100326,0.00794404558837
100328,0.0857945159078
100332,0.00290932459757
100333,0.00613310560584
100334,0.00290437834337
100335,0.0171574484557
100339,0.0107670770958
100340,0.0120471548289
100345,0.00912873353809
100348,0.00364741124213
100350,0.00461974367499
100351,0.114461578429
100353,0.00994097441435
100357,0.013087070547
100358,0.00523554254323
100363,0.0374287813902
100364,0.0286887343973
100365,0.0121868979186
100369,0.193703815341
100370,0.0315276123583
100373,0.00417350325733
100374,0.00266975257546
100379,0.00872900988907
100381,0.0988843217492
100382,0.00858792569488
100383,0.0442298538983
100384,0.00255190394819
100385,0.00822199042886
100388,0.0265597887337
100390,0.00563344825059
100391,0.20057092607
100392,0.0172884985805
100393,0.0141994468868
100394,0.0176018159837
100397,0.00755061767995
100398,0.00580938253552
100399,0.0443710796535
100400,0.00766660738736
100402,0.0069236648269
100404,0.0550661534071
100405,0.0154718095437
100406,0.0266343839467
100408,0.0280627403408
100410,0.0387968234718
100411,0.0197036806494
100413,0.00254024961032
100414,0.00315523589961
100417,0.17385391891
100418,0.0436511337757
100419,0.230237990618
100420,0.00411335378885
100421,0.152377322316
100422,0.0175105258822
100426,0.00195198669098
100427,0.0265798158944
100428,0.00902955047786
100430,0.00461547449231
100432,0.0703271627426
100434,0.0198046304286
100435,0.101452067494
100438,0.234441190958
100440,0.133340835571
100448,0.0134803373367
100450,0.00642289081588
100451,0.00128740910441
100452,0.00728909531608
100453,0.109392248094
100454,0.234441190958
100455,0.00306943850592
100456,0.0565185211599
100458,0.00739757111296
100461,0.0202322863042
100462,0.203772425652
100463,0.0266618169844
100464,0.0038795331493
100466,0.00924710836262
100467,0.0242162849754
100468,0.00400300696492
100470,0.0154300779104
100471,0.00589146511629
100474,0.0149085475132
100475,0.0228502377868
100476,0.00442172307521
100478,0.0320855826139
100479,0.00248168059625
100481,0.10869166255
100483,0.00931372493505
100489,0.0094484789297
100490,0.0367170199752
100492,0.0052475836128
100494,0.0653596520424
100499,0.137440651655
100500,0.0123567245901
100502,0.0108243590221
100507,0.00849768426269
100508,0.00380274513736
100509,0.0246336944401
100510,0.00416601868346
100512,0.00774567574263
100514,0.00486557465047
100517,0.00498080439866
100518,0.00196629553102
100519,0.0270249508321
100520,0.0116684194654
100521,0.0256822351366
100523,0.0365963801742
100524,0.00326532567851
100526,0.00900860317051
100527,0.0168983656913
100534,0.0266227722168
100537,0.0682329311967
100538,0.0659859925508
100539,0.00806100387126
100540,0.0344322137535
100541,0.0181538201869
100542,0.0298491176218
100543,0.0148929683492
100544,0.0348334088922
100547,0.00600323406979
100550,0.0630977079272
100551,0.119425721467
100552,0.199444398284
100553,0.0131771760061
100558,0.00948811508715
100559,0.00246101384982
100560,0.00441022031009
100565,0.00638319877908
100568,0.0224343854934
100569,0.00322641385719
100570,0.0175948105752
100572,0.0166314579546
100576,0.00695670256391
100578,0.0976582616568
100580,0.0157939568162
100581,0.0226107314229
100582,0.00924906507134
100588,0.00151794427074
100590,0.0613650903106
100591,0.0112340264022
100595,0.00388907734305
100596,0.00944382511079
100600,0.00407570041716
100601,0.0071154399775
100602,0.00256572687067
100603,0.0188873242587
100606,0.00882750749588
100608,0.0368621870875
100612,0.0149907758459
100614,0.00767769059166
100615,0.00302363047376
100616,0.0107706068084
100617,0.00337107619271
100618,0.00641220388934
100621,0.0369279459119
100623,0.0066840974614
100625,0.0235951021314
100626,0.0232676547021
100629,0.150332346559
100630,0.238096162677
100633,0.0153894638643
100638,0.0880332738161
100641,0.00867834780365
100646,0.0720852166414
100650,0.0526521727443
100651,0.00484809838235
100654,0.177686169744
100655,0.285282880068
100659,0.00864386744797
100660,0.0136009836569
100661,0.0249586924911
100662,0.0963540375233
100663,0.00417175982147
100664,0.0037190488074
100666,0.21142180264
100668,0.0747199803591
100670,0.0239604953676
100674,0.0362144485116
100677,0.0364931635559
100678,0.0344314910471
100680,0.00329275568947
100682,0.015876011923
100685,0.00712253432721
100686,0.00215985509567
100687,0.0190571211278
100688,0.14771656692
100689,0.00483084283769
100691,0.009695767425
100694,0.0233747754246
100695,0.230075880885
100697,0.0645603388548
100699,0.191742062569
100700,0.0312430951744
100701,0.0936256945133
100702,0.142393872142
100704,0.0510473959148
100705,0.00303961499594
100706,0.00972715765238
100707,0.00401029735804
100711,0.280814111233
100716,0.310907930136
100717,0.0128267556429
100718,0.0288880523294
100719,0.0103635638952
100720,0.00329227489419
100722,0.0154215907678
100723,0.0191768500954
100725,0.00321606406942
100726,0.140886366367
100728,0.0126705504954
100733,0.0303476117551
100736,0.0154300779104
100737,0.0509436093271
100740,0.0181642305106
100743,0.0584467835724
100745,0.00181264663115
100747,0.00422835210338
100749,0.22142007947
100751,0.101538270712
100752,0.0100969709456
100753,0.0137801794335
100755,0.0372993685305
100760,0.216578155756
100762,0.0161397531629
100763,0.13002383709
100764,0.00474049337208
100765,0.00135692569893
100766,0.00239142379723
100768,0.0481922738254
100770,0.00971564464271
100771,0.0140189882368
100773,0.0018066422781
100774,0.0332360230386
100775,0.027742145583
100776,0.0173213724047
100779,0.0024052716326
100780,0.0138976862654
100782,0.0244384612888
100783,0.0022481167689
100785,0.0317441187799
100787,0.00165809586179
100788,0.0137781891972
100789,0.017325008288
100791,0.0175791885704
100797,0.0399656444788
100801,0.00292720342986
100804,0.0362817458808
100807,0.0278248544782
100810,0.0154300779104
100811,0.00311102787964
100813,0.00777484010905
100815,0.00678885122761
100818,0.0107003934681
100819,0.179046839476
100824,0.0201224926859
100825,0.097604483366
100828,0.0217395350337
100829,0.00419781263918
100830,0.00592319108546
100832,0.0104100285098
100833,0.011477178894
100834,0.0141994468868
100836,0.0526525638998
100837,0.00702580949292
100842,0.00343653559685
100846,0.00354191591032
100851,0.00242789671756
100852,0.00341505510733
100853,0.00907983630896
100854,0.185976445675
100859,0.0176744163036
100861,0.0467160604894
100865,0.269200026989
100866,0.200751915574
100869,0.00897530745715
100874,0.10881190002
100875,0.00736174779013
100882,0.0243994854391
100886,0.260347425938
100887,0.00594039075077
100888,0.263519465923
100889,0.00556621234864
100890,0.00206733145751
100892,0.00653743417934
100894,0.0128661515191
100895,0.0167232379317
100898,0.0721123665571
100900,0.0231814626604
100901,0.0303545296192
100905,0.00221277563833
100911,0.00626002019271
100913,0.00238525122404
100915,0.0315502621233
100922,0.0128235081211
100924,0.00255968235433
100926,0.0646484717727
100928,0.00158629217185
100929,0.013364776969
100930,0.153916731477
100931,0.0117567162961
100933,0.00538274692371
100937,0.0196028240025
100940,0.00465004891157
100941,0.0167980156839
100942,0.0172946080565
100944,0.0160518530756
100945,0.010770490393
100946,0.00433126324788
100947,0.12789554894
100949,0.00927900895476
100950,0.0196526665241
100952,0.00430620927364
100954,0.00189869583119
100956,0.0102794002742
100958,0.0109442723915
100959,0.00507237622514
100962,0.0115611562505
100966,0.0355966538191
100968,0.0178599674255
100970,0.00303096743301
100971,0.0575971975923
100973,0.0251048151404
100975,0.0201888792217
100976,0.0278665497899
100979,0.00569378957152
100981,0.00971564464271
100982,0.0144707867876
100983,0.00699563510716
100984,0.0264217704535
100985,0.0135703422129
100986,0.00309417210519
100987,0.0148458275944
100988,0.0428616218269
100990,0.0341556333005
100992,0.00618178956211
100993,0.0149907758459
100994,0.0247059948742
100997,0.0762295946479
100998,0.0189937613904
101000,0.174636662006
101001,0.00902446638793
101002,0.00249213259667
101007,0.010770490393
101008,0.151322588325
101009,0.00877241045237
101011,0.00150579807814
101014,0.00130513485055
101015,0.0405773855746
101020,0.0615212023258
101021,0.0223258435726
101023,0.00746947247535
101028,0.0307153761387
101030,0.0123224500567
101031,0.00291112903506
101033,0.00175716110971
101034,0.0023965141736
101035,0.0052369334735
101039,0.00263674510643
101041,0.111812777817
101042,0.0141994468868
101043,0.0180984158069
101044,0.15013808012
101048,0.064616240561
101050,0.149572148919
101052,0.00469880271703
101053,0.0138741610572
101057,0.00503823813051
101060,0.01146528963
101064,0.018677951768
101065,0.0580339767039
101068,0.0111278677359
101070,0.00376205984503
101072,0.00254024961032
101074,0.00987942609936
101076,0.0450429059565
101077,0.00228262506425
101080,0.105710782111
101081,0.103057593107
101085,0.0315120816231
101086,0.00745689449832
101087,0.00822900421917
101090,0.00451376335695
101091,0.182862743735
101092,0.0220291353762
101093,0.0459199547768
101097,0.0196028240025
101101,0.0271151959896
101103,0.0150672644377
101104,0.23454387486
101105,0.0108935786411
101109,0.00305427191779
101110,0.0290908869356
101114,0.0110419550911
101119,0.0196028240025
101121,0.105853632092
101123,0.0154300779104
101124,0.0222132392228
101125,0.015465978533
101127,0.00235780701041
101128,0.0287374071777
101129,0.181669875979
101130,0.0156284049153
101133,0.00652683945373
101136,0.00608063675463
101137,0.0690138265491
101138,0.00315561820753
101139,0.0606492049992
101140,0.00485678156838
101146,0.0218445472419
101147,0.0278491266072
101150,0.0301675219089
101151,0.0175754185766
101152,0.0423959903419
101153,0.058967359364
101155,0.0471808686852
101157,0.00948811508715
101158,0.0114323208109
101159,0.00833482481539
101161,0.264599442482
101162,0.0103797437623
101163,0.0108578316867
101164,0.304615467787
101165,0.0166537053883
101170,0.0966061428189
101171,0.00329177919775
101172,0.452717334032
101175,0.00190026068594
101180,0.0276934430003
101181,0.0913987904787
101186,0.235470071435
101188,0.0286598820239
101190,0.00369681301527
101191,0.0107399895787
101193,0.0325886979699
101194,0.10057785362
101196,0.00304054981098
101197,0.032857503742
101202,0.206952065229
101205,0.00213450705633
101206,0.00310246087611
101207,0.00266855303198
101208,0.0193341020495
101210,0.00404439773411
101213,0.0122172897682
101215,0.176646694541
101216,0.00295571959578
101217,0.0407550893724
101218,0.00689842598513
101221,0.00192584621254
101224,0.00746947247535
101228,0.00950117781758
101231,0.0178108271211
101234,0.150587230921
101235,0.00227287458256
101236,0.00595415290445
101238,0.0279941987246
101239,0.142091631889
101241,0.0153679391369
101242,0.0849316492677
101243,0.00760204065591
101244,0.0473591163754
101246,0.00246706861071
101249,0.00700261443853
101252,0.00518759852275
101253,0.00304294028319
101254,0.00137670361437
101255,0.0092600742355
101256,0.0311066452414
101257,0.0967291668057
101258,0.019015038386
101261,0.0014621851733
101262,0.097376614809
101263,0.00145107635763
101265,0.00257617398165
101270,0.0203893203288
101272,0.201842024922
101275,0.00222327257507
101276,0.00954881403595
101278,0.0202115867287
101279,0.0145109416917
101283,0.0775227174163
101287,0.0599596127868
101288,0.00278566172346
101290,0.179096341133
101292,0.299810647964
101300,0.242018252611
101301,0.0100285476074
101302,0.00675457995385
101304,0.0146918594837
101305,0.0040588225238
101308,0.0183405168355
101309,0.0152453640476
101310,0.00236595841125
101313,0.191217407584
101316,0.0110665280372
101317,0.00205140816979
101319,0.0234767720103
101323,0.064682200551
101328,0.185527220368
101329,0.0143449967727
101331,0.0153241455555
101334,0.0169885344803
101335,0.0287643447518
101337,0.00986476708204
101338,0.00133629969787
101341,0.153799727559
101344,0.0285533294082
101348,0.00291691045277
101350,0.0322289839387
101352,0.104809112847
101354,0.0421486236155
101356,0.00338550284505
101358,0.00618488667533
101361,0.283973306417
101366,0.00508153392002
101367,0.00367908389308
101369,0.00927039980888
101370,0.0293729733676
101373,0.00352610624395
101374,0.0165112037212
101375,0.0537118017673
101376,0.0294667650014
101378,0.0106849530712
101379,0.00948811508715
101380,0.0354648195207
101382,0.0509624816477
101386,0.112879686058
101390,0.0796844810247
101393,0.221200272441
101396,0.145646929741
101398,0.00257087894715
101399,0.00396921439096
101402,0.0119221089408
101405,0.00278442492709
101408,0.00287752156146
101409,0.0464522652328
101410,0.0458427704871
101411,0.130226060748
101412,0.0600958317518
101413,0.0092765763402
101414,0.0717425867915
101416,0.00273206573911
101417,0.00366844795644
101418,0.0309528652579
101421,0.00409732712433
101423,0.00384673499502
101425,0.0288599506021
101427,0.00594046059996
101429,0.0138272996992
101430,0.0101909385994
101434,0.023708101362
101436,0.0274279955775
101438,0.0144557449967
101439,0.168426498771
101440,0.00851881876588
101444,0.00285691022873
101447,0.0106942476705
101448,0.0168494470417
101450,0.00676102610305
101452,0.0385871492326
101453,0.0112957609817
101460,0.0075885807164
101461,0.0127766784281
101466,0.00615146476775
101472,0.243557855487
101475,0.0276435147971
101476,0.00262887449935
101480,0.214788943529
101481,0.163735419512
101485,0.0186838135123
101489,0.04077180475
101493,0.00212109507993
101494,0.138794675469
101497,0.0341532677412
101499,0.00827173888683
101503,0.0412683747709
101504,0.0204658675939
101507,0.0115226525813
101508,0.0152339860797
101509,0.00671776896343
101511,0.0361942052841
101513,0.00913919508457
101517,0.0545513257384
101520,0.00396692287177
101523,0.114249400795
101528,0.0156852044165
101530,0.0612883195281
101532,0.0198759436607
101534,0.0178197640926
101535,0.0028412961401
101536,0.00621838308871
101537,0.0640916004777
101539,0.00380833097734
101541,0.0600648969412
101542,0.00726810470223
101546,0.0325159132481
101547,0.00213426328264
101548,0.0184648968279
101552,0.0121892066672
101554,0.0326877571642
101555,0.0118372691795
101557,0.0721176937222
101560,0.0763020217419
101565,0.00796077866107
101570,0.0461102463305
101571,0.0696586444974
101573,0.0264898650348
101574,0.0390210784972
101576,0.00386590603739
101577,0.225510373712
101581,0.00314619159326
101586,0.00531341694295
101587,0.00492840493098
101589,0.00333939120173
101591,0.00273049273528
101597,0.160965040326
101598,0.0042144251056
101600,0.116117693484
101601,0.0337079800665
101604,0.00860330089927
101610,0.0503774806857
101614,0.0323036275804
101617,0.018529009074
101618,0.0486606881022
101622,0.00981753692031
101623,0.0625979974866
101624,0.00548953469843
101626,0.00391773460433
101628,0.00761599745601
101633,0.00459554092959
101634,0.0089572025463
101635,0.00364103447646
101636,0.0172946080565
101637,0.00466622970998
101638,0.00119566067588
101640,0.018630547449
101643,0.22301132977
101646,0.11815238744
101647,0.0260101184249
101648,0.00130948284641
101651,0.00210243929178
101657,0.00997064169496
101658,0.0182744134218
101659,0.011509439908
101663,0.00569365173578
101664,0.207419812679
101665,0.0111206537113
101666,0.0152726778761
101667,0.00377199286595
101669,0.00275739794597
101672,0.00304294028319
101673,0.319599628448
101674,0.17940337956
101675,0.0272772349417
101676,0.00261312490329
101682,0.00937434192747
101684,0.016771055758
101685,0.185796439648
101688,0.0240925550461
101689,0.062319163233
101691,0.0121169323102
101692,0.00318819307722
101694,0.00263951299712
101695,0.0513330958784
101696,0.0233747754246
101697,0.151956215501
101698,0.0104340119287
101701,0.154581949115
101704,0.00587843218818
101705,0.00931372493505
101706,0.0154300779104
101707,0.00689522223547
101708,0.00802080985159
101712,0.00739650987089
101714,0.0038231597282
101715,0.0361728519201
101717,0.0233324915171
101720,0.0140128806233
101724,0.00260254647583
101725,0.0228607580066
101726,0.0465150587261
101727,0.0240164399147
101729,0.101248212159
101732,0.0757080763578
101734,0.0358060486615
101735,0.0196028240025
101736,0.00961791072041
101737,0.00244189146906
101742,0.0422292239964
101743,0.00736830476671
101745,0.09984523803
101746,0.222380340099
101747,0.0192608628422
101749,0.00713717797771
101751,0.0372684858739
101756,0.0208178106695
101759,0.0145423766226
101760,0.065702624619
101763,0.0374734401703
101764,0.0059303380549
101765,0.0194733608514
101766,0.00280536012724
101767,0.016610795632
101768,0.00261162640527
101769,0.104809112847
101771,0.0102552063763
101773,0.0349339470267
101774,0.0441788434982
101776,0.00556607311592
101777,0.032158151269
101779,0.0824136510491
101780,0.00233825063333
101782,0.0116512486711
101784,0.0141994468868
101786,0.0324540026486
101788,0.0408526547253
101789,0.143983855844
101792,0.13356859982
101793,0.0222462434322
101794,0.157189056277
101795,0.0296891368926
101796,0.00271280435845
101797,0.0233923401684
101799,0.027067726478
101800,0.00922991149127
101801,0.150433465838
101802,0.00172668020241
101808,0.0271933078766
101810,0.00287405680865
101811,0.0168349351734
101814,0.0131106860936
101815,0.00616725021973
101818,0.0123127670959
101819,0.0720212310553
101820,0.00843338854611
101821,0.0113087305799
101824,0.0429762974381
101826,0.0247680637985
101827,0.129806265235
101829,0.00666744308546
101830,0.0152118336409
101831,0.0216875523329
101832,0.0206315889955
101834,0.0269173234701
101836,0.0227725692093
101838,0.00235337181948
101839,0.182862743735
101841,0.0376555733383
101843,0.0582742802799
101846,0.0239950120449
101848,0.0153451683
101849,0.036094699055
101853,0.00337066291831
101857,0.0376424342394
101859,0.073866494
101861,0.0198759436607
101866,0.00792315602303
101867,0.0177175085992
101874,0.0150807844475
101875,0.0870416983962
101876,0.00894355308264
101877,0.023475907743
101878,0.00281347683631
101879,0.0204083975405
101882,0.0193281713873
101884,0.00461175385863
101885,0.00843159388751
101886,0.178746283054
101887,0.0134678008035
101888,0.0131438532844
101891,0.0374060198665
101892,0.00769096240401
101897,0.0229907855392
101901,0.0227022375911
101903,0.00548754073679
101904,0.0322733148932
101906,0.0296690892428
101912,0.00277745584026
101915,0.0321349054575
101918,0.609925270081
101921,0.0148458275944
101922,0.0383334755898
101923,0.0022107930854
101925,0.00413840310648
101926,0.0111432252452
101928,0.00796304922551
101929,0.00833685044199
101930,0.0138642797247
101931,0.00181059795432
101932,0.00239237723872
101933,0.176368325949
101934,0.221542418003
101935,0.140618354082
101936,0.028805943206
101937,0.00486441561952
101941,0.0242432970554
101942,0.0153719941154
101944,0.00221575074829
101945,0.0836847573519
101947,0.0388501957059
101948,0.0032165653538
101950,0.0221977084875
101954,0.00133696803823
101955,0.00752593064681
101956,0.033063493669
101958,0.0197269357741
101959,0.0569568164647
101961,0.0153507543728
101963,0.0120799737051
101964,0.00929820723832
101969,0.00921164546162
101972,0.00227177282795
101974,0.0316862016916
101975,0.0783872082829
101976,0.0926470458508
101978,0.0405285060406
101983,0.210475981236
101984,0.00213299342431
101985,0.195407152176
101989,0.00898616760969
101993,0.0952087640762
101997,0.0296436008066
102000,0.0224576704204
102002,0.00585913285613
102004,0.234074652195
102005,0.0297445040196
102006,0.0139110172167
102010,0.0397746302187
102011,0.00812691450119
102012,0.017561616376
102014,0.00932611897588
102015,0.00690158642828
102018,0.00248130271211
102021,0.0127107882872
102026,0.00368362269364
102027,0.0790793970227
102028,0.0207423344254
102029,0.0277145206928
102032,0.015459488146
102033,0.0204007904977
102034,0.037219107151
102035,0.0186968259513
102038,0.00527885416523
102040,0.0636912062764
102041,0.175339013338
102042,0.00239553302526
102043,0.00985003355891
102044,0.00209001498297
102045,0.00447148643434
102048,0.017839236185
102049,0.0154300779104
102051,0.00245776423253
102054,0.0478343218565
102055,0.00275626289658
102057,0.0179540142417
102058,0.0154144614935
102061,0.00241570733488
102062,0.0112671358511
102063,0.129513368011
102065,0.0177513919771
102068,0.0198759436607
102070,0.00152384291869
102071,0.00154004432261
102072,0.00326175964437
102073,0.0447711013258
102077,0.245610430837
102081,0.0333009846509
102082,0.00140125805046
102083,0.148256838322
102085,0.12231746316
102087,0.0216645933688
102088,0.185527220368
102089,0.0186304748058
102094,0.0160470120609
102096,0.00178621325176
102097,0.00542273418978
102098,0.0277205407619
102103,0.0394092462957
102104,0.181669875979
102105,0.00622553005815
102106,0.0110783753917
102107,0.00756591465324
102108,0.00232526892796
102109,0.00742041319609
102110,0.0157708693296
102111,0.0273925624788
102112,0.0081746308133
102114,0.243843972683
102123,0.0227468460798
102126,0.00706934556365
102131,0.0140778496861
102132,0.005105225835
102133,0.110461473465
102134,0.00139950634912
102135,0.0534371584654
102139,0.0530945844948
102142,0.149861186743
102143,0.00513981096447
102146,0.0241390038282
102147,0.0173254795372
102148,0.319420516491
102151,0.00312513974495
102153,0.00963963661343
102155,0.0104094482958
102157,0.178555041552
102158,0.00128487765323
102159,0.0154257398099
102160,0.00274690217339
102162,0.0037463477347
102170,0.0364509783685
102172,0.123685650527
102173,0.153012394905
102174,0.00337039353326
102177,0.0139308040962
102180,0.0418744981289
102183,0.0161843653768
102184,0.248503312469
102185,0.0409752503037
102187,0.00192517461255
102190,0.217169135809
102191,0.00757568469271
102193,0.0549458600581
102195,0.0547610633075
102198,0.0139877619222
102200,0.00391625752673
102203,0.00570754380897
102205,0.003894448746
102207,0.00433092610911
102209,0.0196366179734
102210,0.022022370249
102211,0.0150072891265
102212,0.00185131747276
102213,0.157762154937
102215,0.00227177282795
102219,0.00209938618354
102220,0.0118402084336
102221,0.25150167942
102222,0.028203221038
102225,0.00138863699976
102226,0.00902377534658
102230,0.0277987588197
102233,0.0311347451061
102234,0.00620162161067
102237,0.203772425652
102238,0.00996988359839
102239,0.0322252474725
102240,0.0155557272956
102241,0.0186289362609
102247,0.0585322976112
102248,0.00254830298945
102251,0.0121487323195
102252,0.13939461112
102253,0.00134575273842
102254,0.183093830943
102257,0.0191498100758
102260,0.0846035629511
102265,0.200726568699
102266,0.210295155644
102269,0.0220282468945
102270,0.0349903032184
102271,0.217169135809
102272,0.0129087604582
102275,0.00783496256918
102276,0.0425449311733
102277,0.0130328303203
102279,0.0432518795133
102282,0.0196028240025
102283,0.131129413843
102284,0.0393510721624
102286,0.260330438614
102287,0.0216796565801
102290,0.0176703184843
102292,0.0292139519006
102293,0.00264680478722
102294,0.00810200255364
102296,0.00253254082054
102297,0.00241234735586
102298,0.0233747754246
102299,0.0179540142417
102301,0.0150091778487
102304,0.019726568833
102305,0.0337612144649
102306,0.00878643151373
102307,0.0603327676654
102310,0.00268246629275
102311,0.00479662837461
102313,0.0220985990018
102314,0.0122718475759
102316,0.00280598318204
102321,0.00124034809414
102322,0.0366339161992
102324,0.00648918235675
102325,0.0429971963167
102326,0.0930770859122
102328,0.00224329065531
102329,0.00330139603466
102331,0.00548440637067
102336,0.0314423255622
102337,0.174788564444
102338,0.113999180496
102342,0.00234283925965
102343,0.0407413057983
102347,0.0327610783279
102351,0.203161180019
102353,0.283122479916
102354,0.00277392799035
102364,0.00538350548595
102365,0.0196028240025
102366,0.178307160735
102368,0.0306360274553
102369,0.0066777812317
102373,0.00738668581471
102374,0.0734557807446
102376,0.25493401289
102377,0.00231595896184
102384,0.00133816862945
102386,0.00243156845681
102388,0.0317326709628
102390,0.187353506684
102391,0.002868125448
102394,0.0183823518455
102395,0.0103928837925
102396,0.00290934392251
102398,0.0126313287765
102400,0.00230901385657
102402,0.00137250463013
102404,0.0085175903514
102407,0.0143782058731
102408,0.00991462450475
102410,0.0135528445244
102412,0.00307357520796
102416,0.105196669698
102418,0.002389612142
102419,0.203772425652
102421,0.00256014871411
102422,0.00365818105638
102423,0.0196526665241
102425,0.00958409905434
102426,0.0286212209612
102427,0.0348477065563
102430,0.020918706432
102431,0.0146392993629
102432,0.0217065960169
102434,0.0230448208749
102439,0.0039333421737
102440,0.0125394528732
102441,0.0872201099992
102449,0.0115783559158
102450,0.00266106589697
102451,0.00307535380125
102452,0.0111160147935
102453,0.129847481847
102454,0.0337896868587
102459,0.00593277579173
102460,0.0132587309927
102461,0.0105956234038
102463,0.146800041199
102466,0.0174376145005
102470,0.00160421140026
102471,0.00200115703046
102472,0.018526468426
102474,0.0357107035816
102475,0.0717710331082
102476,0.0146150104702
102477,0.00275395438075
102479,0.0186382699758
102480,0.00441628787667
102483,0.0101418746635
102485,0.0796151384711
102487,0.0647765398026
102488,0.152385652065
102489,0.221765071154
102490,0.0172155518085
102493,0.00312708178535
102497,0.0455484203994
102499,0.00800940208137
102501,0.0025205956772
102502,0.222380340099
102505,0.027485081926
102506,0.0106545062736
102507,0.00706401932985
102508,0.0141994468868
102509,0.0162447374314
102510,0.0215551909059
102512,0.00261162640527
102513,0.120891779661
102514,0.0333179347217
102518,0.00141573185101
102519,0.00375013309531
102520,0.0077711106278
102521,0.0112969381735
102522,0.289452880621
102525,0.00501141604036
102528,0.0361846759915
102529,0.0176343172789
102531,0.160212978721
102532,0.00318916933611
102533,0.0486457459629
102534,0.014981216751
102535,0.054960988462
102536,0.206130087376
102537,0.0518090538681
102539,0.0029096303042
102540,0.00196891184896
102541,0.0037855852861
102542,0.0438615046442
102543,0.0101149212569
102549,0.0166262164712
102550,0.0115431239828
102551,0.101686410606
102554,0.00666963588446
102558,0.248760357499
102559,0.158458068967
102560,0.0639413148165
102563,0.0643644928932
102569,0.00649921176955
102570,0.00919059291482
102571,0.0449650585651
102574,0.00272178114392
102575,0.00476994505152
102580,0.00377927161753
102581,0.00778652075678
102582,0.0377096347511
102587,0.00784327369183
102588,0.00504521513358
102593,0.218520075083
102595,0.00279062543996
102597,0.0029016896151
102602,0.183472633362
102606,0.117921948433
102607,0.0145694557577
102608,0.00518185086548
102609,0.00395767157897
102610,0.0090421801433
102611,0.0362016744912
102612,0.0834873393178
102613,0.00212630140595
102614,0.00193229212891
102615,0.00890979636461
102621,0.00261162640527
102622,0.0196028240025
102624,0.0220985990018
102630,0.00895339343697
102631,0.158524408937
102632,0.0165611281991
102634,0.00147284287959
102635,0.00750597286969
102639,0.0145423766226
102640,0.00419152248651
102643,0.0122792711481
102644,0.0160038974136
102645,0.0201837196946
102646,0.00355374673381
102647,0.00306673021987
102649,0.00125270546414
102650,0.0231848303229
102651,0.0116746295244
102653,0.0500660352409
102654,0.031863655895
102655,0.0740694776177
102656,0.0273055508733
102657,0.014566835016
102659,0.0221807993948
102661,0.0525993779302
102663,0.0101487655193
102666,0.0267754942179
102668,0.0380256548524
102669,0.0294803418219
102670,0.0127232838422
102672,0.0306360274553
102673,0.0196028240025
102674,0.0196418371052
102675,0.0385871492326
102676,0.00256952340715
102677,0.175339013338
102678,0.175386533141
102679,0.110526479781
102680,0.00263123610057
102681,0.00496455980465
102683,0.00344937713817
102684,0.0121447676793
102685,0.047733630985
102686,0.0171974580735
102687,0.0113180382177
102692,0.0909173637629
102698,0.00527236098424
102700,0.0167743042111
102701,0.289144873619
102702,0.00148357555736
102703,0.00526408012956
102707,0.181517153978
102709,0.00200804346241
102711,0.0751254782081
102713,0.011952823028
102716,0.249476522207
102717,0.199514046311
102724,0.00973762571812
102729,0.0564089119434
102732,0.0388052798808
102733,0.0022117421031
102739,0.00948811508715
102742,0.0262512303889
102745,0.00782463885844
102746,0.00317406584509
102747,0.00700859213248
102748,0.00770782260224
102749,0.0227327849716
102752,0.00768004870042
102755,0.00362656521611
102756,0.00554453488439
102757,0.00302702048793
102758,0.109056845307
102759,0.0210681650788
102762,0.187599211931
102763,0.210154429078
102765,0.00253886543214
102766,0.17385391891
102767,0.0382237285376
102770,0.0582770556211
102771,0.00487958826125
102772,0.0793878734112
102773,0.00235416903161
102776,0.0165112037212
102779,0.00570861017331
102780,0.00420741736889
102782,0.198066294193
102783,0.0229093972594
102784,0.00651239743456
102788,0.132792234421
102793,0.0584467835724
102794,0.0039197858423
102797,0.0581569112837
102798,0.0172581039369
102799,0.0186251085252
102800,0.0303134024143
102801,0.012683053501
102802,0.0127695826814
102803,0.0622482486069
102805,0.0376039072871
102806,0.00552382133901
102807,0.0348611809313
102808,0.0245497599244
102814,0.00270536821336
102816,0.0791102200747
102817,0.0141994468868
102820,0.00750597286969
102821,0.00142931181472
102823,0.0220221914351
102824,0.0930462107062
102825,0.0106167849153
102826,0.00661569042131
102828,0.00304806837812
102829,0.0077887494117
102832,0.0064085223712
102833,0.010552868247
102834,0.00168158358429
102835,0.193703815341
102836,0.0180101152509
102839,0.0378278642893
102840,0.00981818139553
102841,0.00361857237294
102843,0.00216363300569
102844,0.00783432554454
102845,0.235283613205
102846,0.0305058173835
102848,0.0312903001904
102850,0.00274690217339
102851,0.00396228721365
102852,0.00265807448886
102855,0.00948811508715
102857,0.00315008219332
102861,0.0454457066953
102862,0.180243894458
102863,0.0345430001616
102865,0.00642799958587
102867,0.024899058044
102868,0.00274792523123
102869,0.245487898588
102872,0.036720469594
102873,0.00375450402498
102874,0.00244189146906
102875,0.00879895314574
102876,0.0882185921073
102880,0.0133972410113
102882,0.0189937613904
102885,0.0480577722192
102886,0.0505045428872
102887,0.034229464829
102888,0.00184240587987
102890,0.00588006246835
102892,0.0051448312588
102894,0.0143680665642
102895,0.692750573158
102896,0.188584566116
102899,0.00191210967023
102900,0.00116271944717
102901,0.00252733635716
102902,0.00204292242415
102904,0.0345164202154
102906,0.0400521531701
102907,0.0239468049258
102908,0.043804384768
102909,0.0043285889551
102911,0.137481674552
102912,0.00426884042099
102913,0.0318670943379
102915,0.0166859384626
102918,0.0201023444533
102920,0.0620055645704
102922,0.0112296678126
102923,0.022455509752
102924,0.0105648841709
102926,0.26053956151
102927,0.0196028240025
102928,0.0463373176754
102930,0.00286926841363
102935,0.0135528445244
102938,0.0222701523453
102939,0.0119055435061
102942,0.0173419825733
102943,0.0505095869303
102944,0.00254788598977
102946,0.00133843056392
102949,0.00277448864654
102954,0.0015501951566
102957,0.0141387488693
102958,0.00142616557423
102959,0.128259539604
102961,0.0353671647608
102963,0.00822900421917
102964,0.00972649175674
102965,0.00852157454938
102969,0.0436264835298
102970,0.0147708076984
102971,0.0294960010797
102973,0.0167839545757
102974,0.00787189416587
102975,0.00272829947062
102976,0.00509690167382
102981,0.00268202507868
102982,0.105034761131
102985,0.00796312093735
102989,0.00913786981255
102991,0.00842239428312
102994,0.00486950343475
102995,0.13312445581
102997,0.0291658956558
103002,0.0151644609869
103007,0.00230374932289
103012,0.0116114066914
103013,0.0341637395322
103014,0.00432270299643
103015,0.0430858358741
103018,0.099331818521
103020,0.0258259978145
103023,0.0346169918776
103024,0.0215867124498
103025,0.00206921622157
103027,0.00537517806515
103031,0.0305936560035
103033,0.0103558339179
103036,0.00985355395824
103037,0.00811805948615
103039,0.0250161923468
103040,0.0043105436489
103044,0.0258512757719
103045,0.00284682447091
103046,0.0348318144679
103048,0.0379784852266
103049,0.00455824425444
103050,0.00331000541337
103051,0.0568873845041
103055,0.00548556633294
103057,0.24839143455
103058,0.0196028240025
103061,0.190518960357
103063,0.00799659546465
103064,0.0164740085602
103067,0.0193040724844
103068,0.0196028240025
103072,0.00521784787998
103073,0.00204837066121
103074,0.0018973427359
103075,0.00620392849669
103081,0.00889218319207
103084,0.00333560677245
103085,0.00948811508715
103086,0.0676147788763
103087,0.0337152034044
103088,0.00864656828344
103090,0.0260677840561
103091,0.0628829076886
103094,0.0112447459251
103095,0.0618963837624
103100,0.00725989090279
103101,0.050337869674
103103,0.0033829070162
103104,0.00221277563833
103105,0.0017488526646
103109,0.158611759543
103112,0.0154300779104
103114,0.019509261474
103116,0.249476522207
103119,0.0829869657755
103120,0.0230421423912
103122,0.0154300779104
103123,0.0105811664835
103127,0.00727040786296
103130,0.0279700215906
103131,0.00850259140134
103133,0.0884787812829
103135,0.00229559000582
103142,0.00687894178554
103143,0.00141440774314
103145,0.0033858565148
103147,0.00926301442087
103148,0.0073768440634
103149,0.072089843452
103150,0.0327610783279
103151,0.0474892482162
103152,0.0197809468955
103153,0.0141892507672
103154,0.0225340742618
103155,0.0244568232447
103156,0.00340008619241
103157,0.00973656866699
103158,0.016121674329
103160,0.00948811508715
103162,0.00572497863322
103163,0.041558727622
103164,0.0091149546206
103165,0.0117398910224
103166,0.027716781944
103167,0.00705170864239
103168,0.0018066422781
103171,0.00875046662986
103173,0.0172832328826
103174,0.00181991711725
103175,0.169327691197
103177,0.00227177282795
103180,0.00316446414217
103183,0.00251636956818
103185,0.0149907758459
103187,0.00851700268686
103188,0.0196028240025
103189,0.00298506463878
103192,0.00997064169496
103193,0.00661152368411
103195,0.00127858994529
103197,0.0142173254862
103201,0.0272182580084
103205,0.00272741727531
103206,0.0238684006035
103210,0.0974178090692
103211,0.00421961722896
103213,0.2019110322
103214,0.0156323742121
103215,0.0115126846358
103216,0.00921179819852
103217,0.00340082775801
103218,0.0438159294426
103220,0.00596510479227
103225,0.0374216474593
103226,0.00497503904626
103227,0.00353931682184
103228,0.00168838701211
103229,0.0784027948976
103232,0.0194351933897
103234,0.00659564929083
103236,0.00216044508852
103237,0.00643280660734
103241,0.00613748980686
103242,0.00869981665164
103243,0.00246493495069
103246,0.00263123610057
103248,0.0164081566036
103250,0.0171352308244
103251,0.00257099047303
103253,0.00260700634681
103254,0.00656905816868
103255,0.0232429597527
103257,0.00224617193453
103259,0.0023963204585
103260,0.0354071222246
103261,0.0167482364923
103262,0.0177513919771
103264,0.0177316069603
103266,0.0669554546475
103267,0.00504002161324
103268,0.0152048915625
103269,0.00271196849644
103270,0.00159491726663
103272,0.344956606627
103273,0.00994960404932
103275,0.00333130708896
103276,0.225965797901
103278,0.0162674542516
103280,0.0401101522148
103281,0.00748239737004
103283,0.0148920379579
103285,0.0452896133065
103286,0.0215766597539
103289,0.0376034043729
103290,0.00323031726293
103291,0.014042663388
103294,0.0484397821128
103295,0.0161139909178
103296,0.0215836595744
103297,0.0149372657761
103300,0.00264529488049
103301,0.00401086872444
103303,0.125263661146
103304,0.00663691805676
103305,0.0141994468868
103307,0.0145656494424
103310,0.00332961999811
103311,0.00711779855192
103313,0.0303134024143
103318,0.101993568242
103319,0.032158151269
103320,0.0193681214005
103322,0.0184537637979
103325,0.00837055686861
103327,0.00411210395396
103328,0.0260575395077
103329,0.00735537381843
103337,0.00162899470888
103338,0.00698087411001
103339,0.0257579162717
103340,0.0224060304463
103342,0.183093830943
103343,0.00834357459098
103344,0.0555102154613
103347,0.0020296566654
103349,0.00937137566507
103350,0.0168227702379
103351,0.0126627674326
103352,0.0137692522258
103353,0.0283363331109
103354,0.00253008096479
103359,0.0131264273077
103360,0.00241476623341
103362,0.00443475227803
103363,0.00398193532601
103365,0.00411200430244
103366,0.0163640417159
103371,0.00854517053813
103373,0.00510490126908
103374,0.036977250129
103375,0.0747287347913
103378,0.00700253155082
103379,0.0349109508097
103380,0.0338283143938
103390,0.0196970272809
103392,0.0220985990018
103394,0.015765607357
103395,0.0100324638188
103397,0.0463296212256
103398,0.0327604226768
103399,0.0146657694131
103402,0.00931372493505
103403,0.0187053550035
103405,0.0168709214777
103406,0.00796359218657
103407,0.082603238523
103410,0.0306360274553
103411,0.0313559956849
103414,0.0143397655338
103417,0.00283704372123
103419,0.0132075985894
103420,0.00317584676668
103421,0.00625700084493
103423,0.0884787812829
103426,0.0265788864344
103431,0.00485103018582
103433,0.00517956772819
103435,0.0212682019919
103438,0.0102051086724
103439,0.00221683247946
103441,0.0230734366924
103444,0.0149823641405
103447,0.00139031151775
103449,0.0123876575381
103451,0.0128401368856
103453,0.0199724864215
103454,0.134401038289
103455,0.189952686429
103458,0.0558979436755
103459,0.00697192549706
103460,0.1792999506
103465,0.0362045690417
103468,0.0449861437082
103470,0.149104356766
103472,0.0252632666379
103473,0.00625972356647
103474,0.0600780323148
103476,0.0255321282893
103477,0.00740710785612
103478,0.00344492332079
103484,0.00110382924322
103485,0.00262949080206
103486,0.352003872395
103489,0.00297798868269
103490,0.00315523589961
103492,0.00190166383982
103495,0.0120098851621
103497,0.106949284673
103498,0.00258181034587
103501,0.0390661805868
103502,0.00565480114892
103507,0.0349171049893
103508,0.0615424327552
103509,0.00896529015154
103512,0.0246819704771
103515,0.00246849609539
103517,0.00181345443707
103518,0.210249364376
103521,0.00122696207836
103522,0.0208099354059
103525,0.00339080952108
103529,0.018681216985
103531,0.152603775263
103532,0.00464504398406
103534,0.00715242000297
103535,0.00398459145799
103536,0.0988946482539
103537,0.0262512303889
103538,0.0196028240025
103540,0.00185657292604
103543,0.00236720475368
103545,0.0268275178969
103551,0.0152236092836
103553,0.0107337189838
103554,0.0234924405813
103555,0.00426824064925
103559,0.0517451874912
103561,0.0058768466115
103563,0.0366086475551
103565,0.00685508176684
103569,0.00384424882941
103570,0.0188097804785
103573,0.0417838059366
103576,0.0888287872076
103577,0.0137842940167
103581,0.00210426794365
103587,0.0372967347503
103588,0.0385871492326
103590,0.0612319894135
103591,0.0235905721784
103592,0.00363245070912
103594,0.070865996182
103597,0.00195016118232
103599,0.118738755584
103600,0.0254055634141
103601,0.0063790390268
103602,0.00413773907349
103603,0.0108729796484
103604,0.0212018657476
103606,0.00395847996697
103607,0.190500825644
103610,0.00287501630373
103612,0.00465233344585
103616,0.182393267751
103617,0.00452259089798
103625,0.0124198421836
103626,0.0129087604582
103628,0.00973762571812
103629,0.217714101076
103630,0.00390025787055
103632,0.0112246181816
103635,0.0212968848646
103636,0.0415517836809
103637,0.00127361225896
103639,0.181949257851
103640,0.00381962163374
103641,0.033626254648
103643,0.00687389122322
103644,0.0326759889722
103645,0.0372371450067
103649,0.00847505498677
103657,0.0362906232476
103659,0.0403721146286
103660,0.106341347098
103661,0.0856907442212
103662,0.00952908582985
103663,0.020053204149
103668,0.00948811508715
103670,0.142682209611
103671,0.0037529671099
103673,0.135062471032
103679,0.0393926165998
103684,0.00756099354476
103685,0.0220985990018
103686,0.0168427508324
103688,0.0701150745153
103689,0.00212270044722
103692,0.0098925512284
103695,0.0235803090036
103698,0.00527835590765
103703,0.00371197937056
103705,0.164333090186
103708,0.0161618329585
103710,0.00360576598905
103713,0.0157689154148
103715,0.2323756814
103716,0.158781737089
103717,0.00913814548403
103719,0.00592039804906
103721,0.017578266561
103722,0.0236349087209
103724,0.0145423766226
103726,0.00359949632548
103730,0.0139198433608
103731,0.31883919239
103733,0.210249364376
103734,0.00252920249477
103736,0.0558840297163
103737,0.0265713632107
103738,0.00260898587294
103739,0.00480902241543
103740,0.023059764877
103741,0.00333205307834
103742,0.00741981668398
103745,0.0318670943379
103749,0.183344006538
103750,0.00984767079353
103751,0.00496377097443
103754,0.0148458275944
103755,0.0127695826814
103756,0.0765108689666
103759,0.00360339391045
103760,0.00136863568332
103761,0.0177672207355
103762,0.0217844136059
103763,0.00963910855353
103764,0.00830126460642
103766,0.00202822871506
103767,0.0363078862429
103768,0.0136649245396
103769,0.0547610633075
103771,0.0371306464076
103777,0.0531973578036
103781,0.0328822806478
103782,0.0233747754246
103783,0.00467348145321
103784,0.0209841281176
103786,0.0029677671846
103787,0.00311581254937
103788,0.110691532493
103790,0.111946128309
103793,0.0273914318532
103796,0.0307650957257
103797,0.0373549647629
103798,0.0420296415687
103801,0.0590315572917
103802,0.00860046315938
103804,0.00568880606443
103808,0.0205846428871
103810,0.0153769180179
103813,0.100460857153
103814,0.0360765941441
103815,0.0207063928246
103819,0.00250561465509
103820,0.22136682272
103822,0.00615592952818
103824,0.0673403143883
103825,0.00298948143609
103826,0.0728101953864
103829,0.0225045997649
103834,0.0141378585249
103836,0.0982079058886
103837,0.180243894458
103840,0.00830852985382
103844,0.009695767425
103846,0.0084219602868
103849,0.00274690217339
103850,0.00279094255529
103851,0.036140434444
103854,0.0078695518896
103855,0.00943453423679
103861,0.00351371988654
103863,0.112553589046
103865,0.00116271944717
103871,0.00484990002587
103872,0.0213485192508
103873,0.0156041216105
103874,0.00252730143256
103876,0.0457003377378
103878,0.00763118779287
103880,0.00250535481609
103881,0.219848498702
103882,0.00196058535948
103885,0.00799989886582
103887,0.0415961965919
103891,0.00628371816128
103892,0.020532630384
103893,0.0143447611481
103895,0.0369316078722
103898,0.026967804879
103902,0.0324973911047
103909,0.0189504157752
103913,0.00994114391506
103914,0.0023867029231
103915,0.0543454773724
103917,0.00796850584447
103920,0.0072389873676
103921,0.00848013348877
103924,0.013246037066
103925,0.0606492049992
103928,0.0165611281991
103934,0.0118005080149
103935,0.0278805792332
103936,0.00989480689168
103943,0.0294670499861
103944,0.0196028240025
103945,0.00374502385966
103952,0.0164459086955
103955,0.0329718515277
103957,0.0236071180552
103959,0.00546442391351
103962,0.358393609524
103963,0.199508503079
103965,0.0052236081101
103966,0.137881651521
103967,0.00147569784895
103969,0.00683330418542
103970,0.217940673232
103976,0.198691383004
103977,0.102683693171
103981,0.00134750455618
103982,0.0169392004609
103984,0.00223460583948
103985,0.0252782870084
103986,0.0400327779353
103987,0.0581569112837
103988,0.0219765324146
103990,0.0480018407106
103992,0.0688120797276
103994,0.0407153517008
103996,0.00183795485646
103998,0.0623050034046
104001,0.00156354741193
104007,0.00629070680588
104008,0.00955240894109
104009,0.011835697107
104010,0.0239256620407
104011,0.0135121243075
104014,0.0261792410165
104017,0.0154476631433
104019,0.0098426733166
104022,0.00417679036036
104024,0.0573926046491
104025,0.0564760304987
104030,0.0196526665241
104031,0.1082662642
104032,0.0105367787182
104034,0.00594747345895
104035,0.108035728335
104036,0.00153185101226
104039,0.0019446441438
104041,0.180243894458
104042,0.00307571352459
104043,0.00966975092888
104048,0.00948811508715
104049,0.0436598844826
104051,0.00740767177194
104052,0.0572337992489
104053,0.00143081450369
104054,0.107343316078
104056,0.00175237259828
104063,0.00177610653918
104065,0.00932761654258
104066,0.0325312167406
104068,0.224088102579
104071,0.00212591374293
104073,0.0103711662814
104074,0.0441549494863
104076,0.0263761989772
104080,0.00543967774138
104083,0.0179266519845
104085,0.00734171783552
104088,0.109500236809
104089,0.0306360274553
104090,0.0126280169934
104093,0.00224758731201
104094,0.00265746167861
104096,0.00409749802202
104099,0.0558675527573
104102,0.00161280261818
104105,0.0505045428872
104106,0.100269146264
104108,0.0456489101052
104110,0.00829891394824
104113,0.0528702251613
104117,0.0173782873899
104120,0.00290934392251
104121,0.226003080606
104122,0.00471779797226
104125,0.0152978403494
104127,0.00879617128521
104128,0.015674136579
104130,0.0124012744054
104132,0.0024406791199
104134,0.0115169622004
104135,0.00859586242586
104137,0.225765407085
104139,0.00283931498416
104141,0.017538735643
104144,0.196613028646
104145,0.00125235051382
104148,0.00832542218268
104150,0.001486463123
104153,0.0260774455965
104154,0.0384166315198
104155,0.0206315889955
104159,0.0224724151194
104160,0.00452387053519
104161,0.0151738701388
104162,0.0314206294715
104165,0.0290256366134
104167,0.00450860476121
104168,0.00814568530768
104170,0.00332474522293
104172,0.0482013858855
104173,0.147745266557
104176,0.00560051342472
104177,0.00189573585521
104181,0.0699093043804
104186,0.0373214744031
104187,0.0124012744054
104189,0.00531705003232
104191,0.0481760129333
104192,0.00184848578647
104194,0.0133694186807
104200,0.00810663402081
104201,0.00650664884597
104202,0.00760787073523
104207,0.00374351348728
104210,0.0537055656314
104211,0.0560687556863
104213,0.00843864958733
104214,0.0317917317152
104215,0.182694420218
104217,0.0125803221017
104218,0.156135722995
104220,0.0141981458291
104222,0.158467903733
104224,0.216578155756
104227,0.0362169258296
104228,0.010699737817
104229,0.025444380939
104235,0.17790094018
104237,0.117339715362
104241,0.0614159852266
104244,0.021362317726
104248,0.012465974316
104251,0.180873394012
104253,0.0115073136985
104255,0.00275811296888
104257,0.119971901178
104259,0.103194184601
104260,0.0318844728172
104261,0.0299533605576
104262,0.0547610633075
104263,0.00435313209891
104264,0.0544780865312
104265,0.025627406314
104269,0.00294576911256
104270,0.0148073872551
104271,0.263519465923
104274,0.0106010586023
104279,0.0141994468868
104280,0.0254055634141
104282,0.0403429828584
104283,0.00525976438075
104284,0.0141994468868
104285,0.00963910855353
104289,0.0222581587732
104292,0.00535789085552
104295,0.0102051086724
104299,0.200955122709
104305,0.0135528445244
104306,0.00749284820631
104307,0.15699416399
104310,0.00144194904715
104312,0.0306360274553
104315,0.0495470725
104316,0.00916338246316
104318,0.0946151092649
104321,0.0709361732006
104322,0.00850397441536
104323,0.170284166932
104325,0.286402225494
104328,0.212330177426
104329,0.00489871855825
104338,0.00283242599107
104340,0.18886128068
104341,0.0158504098654
104346,0.00668325228617
104347,0.0281792208552
104351,0.00830907654017
104353,0.00283365044743
104354,0.0149565879256
104358,0.00492270477116
104359,0.00837256759405
104360,0.0892151743174
104363,0.0234623402357
104364,0.0314736068249
104365,0.131470695138
104366,0.00890377722681
104368,0.242018252611
104369,0.0018066422781
104372,0.00580302951857
104373,0.0389953143895
104375,0.00457239476964
104376,0.240236803889
104379,0.0177913364023
104380,0.00285825529136
104383,0.00596511363983
104386,0.00461302185431
104387,0.0110209686682
104391,0.0152705404907
104395,0.0168227702379
104396,0.0198584031314
104399,0.00899599958211
104403,0.0179737415165
104406,0.0365487150848
104409,0.00564044807106
104411,0.0381952859461
104412,0.00250561465509
104414,0.0344838835299
104415,0.0453130714595
104418,0.00345291779377
104420,0.00250561465509
104421,0.24276535213
104424,0.00266346638091
104425,0.00163402070757
104432,0.0294662322849
104433,0.0967291668057
104436,0.00874293316156
104437,0.00498482584953
104444,0.0259495824575
104446,0.0261942148209
104447,0.0142134232447
104449,0.00654972530901
104450,0.0494350045919
104452,0.0281137842685
104454,0.00251304684207
104456,0.00394522910938
104457,0.153244554996
104460,0.0234988406301
104462,0.00852787308395
104463,0.0266483202577
104465,0.0139184687287
104466,0.00690648052841
104469,0.0112142339349
104470,0.00263236742467
104472,0.0687365159392
104473,0.0101385964081
104474,0.0180273391306
104477,0.024604011327
104479,0.0251129791141
104481,0.00254814652726
104482,0.00826512277126
104485,0.0790744945407
104488,0.0163311641663
104492,0.00514437258244
104493,0.0588679611683
104494,0.00252856034786
104495,0.0271861813962
104496,0.00454172911122
104497,0.0114411404356
104498,0.00471462216228
104499,0.00128342641983
104503,0.0504570268095
104504,0.0264688394964
104505,0.0148541219532
104507,0.015674136579
104509,0.0109409028664
104512,0.00512441946194
104513,0.0028315493837
104515,0.0355209633708
104518,0.12785717845
104519,0.105323784053
104525,0.00461969338357
104526,0.0145694557577
104529,0.0168709214777
104531,0.0118008973077
104533,0.103616058826
104535,0.00273021357134
104536,0.0107439570129
104538,0.0196028240025
104539,0.00266372482292
104540,0.0271521024406
104541,0.00352279050276
104542,0.00960775092244
104543,0.0385690629482
104544,0.00127092259936
104545,0.0120948804542
104546,0.010770490393
104548,0.0590662658215
104550,0.0198759436607
104553,0.00730533991009
104555,0.0163311641663
104556,0.067548237741
104557,0.00291508040391
104558,0.158665120602
104559,0.0382769666612
104561,0.047626785934
104563,0.00261162640527
104565,0.0102791776881
104566,0.0202861018479
104567,0.00918313674629
104568,0.0141994468868
104573,0.0297379679978
104574,0.0106218997389
104576,0.00800175685436
104577,0.0431542135775
104579,0.00791854783893
104580,0.151835769415
104582,0.0105445766822
104583,0.0118229985237
104584,0.0173213724047
104585,0.00235540349968
104587,0.00152905087452
104589,0.033293440938
104590,0.0121698379517
104594,0.0177847221494
104596,0.0977747738361
104597,0.0108989393339
104598,0.00486421491951
104599,0.203772425652
104600,0.0171914305538
104601,0.0348465330899
104602,0.00118011783343
104607,0.0261525828391
104608,0.20439851284
104612,0.017417838797
104616,0.26792165637
104618,0.0245329011232
104619,0.00220286683179
104621,0.30926579237
104623,0.0196028240025
104625,0.00252522644587
104626,0.00947595573962
104630,0.0220985990018
104632,0.00473038479686
104635,0.00982818100601
104638,0.0107725337148
104641,0.0157461091876
104645,0.0199364628643
104647,0.00971564464271
104651,0.0145115619525
104652,0.0170954670757
104653,0.00435593537986
104654,0.00305600184947
104655,0.0607076063752
104656,0.00226798653603
104659,0.0876946002245
104662,0.00348786311224
104665,0.0118402084336
104668,0.0156071912497
104670,0.0587554313242
104671,0.0077673685737
104672,0.00938143394887
104674,0.037586145103
104677,0.00126075290609
104679,0.0521835386753
104680,0.00432625738904
104681,0.0116293365136
104682,0.00414671422914
104684,0.0379351340234
104686,0.00730664702132
104689,0.0141994468868
104691,0.0323447659612
104693,0.0180273391306
104700,0.0276647936553
104702,0.0313454382122
104703,0.0232403818518
104705,0.0428103506565
104706,0.0448421537876
104707,0.019748903811
104710,0.0473804846406
104714,0.0217674300075
104719,0.0306360274553
104721,0.0706135109067
104722,0.00164593907539
104723,0.00134872179478
104725,0.00447212345898
104726,0.00555463507771
104730,0.0444639064372
104733,0.271710336208
104734,0.0596562102437
104735,0.0196028240025
104736,0.0243115536869
104738,0.009695767425
104739,0.183093830943
104743,0.0135365985334
104744,0.00750426435843
104746,0.00864135101438
104749,0.0203315895051
104751,0.0307153761387
104752,0.0381769165397
104755,0.0127695826814
104757,0.0223367474973
104758,0.0115997344255
104759,0.00496805924922
104761,0.0268086288124
104763,0.072350397706
104765,0.0182039830834
104766,0.00513147888705
104767,0.0692173987627
104768,0.0269701443613
104770,0.0248955786228
104771,0.00702307932079
104772,0.0101789971814
104773,0.0153468120843
104774,0.0101757748052
104775,0.0356685593724
104778,0.00670542567968
104779,0.00350190233439
104780,0.00296987313777
104781,0.00851635448635
104782,0.0533396117389
104785,0.009695767425
104787,0.229911342263
104790,0.0504492036998
104791,0.0243436582386
104794,0.0318670943379
104796,0.0899749100208
104798,0.00227615656331
104799,0.11375926435
104800,0.0127019360662
104803,0.014468235895
104808,0.00529295252636
104810,0.0307153761387
104811,0.0459664054215
104812,0.00224800757132
104813,0.0167839545757
104814,0.00639538001269
104817,0.00712868431583
104818,0.0133187603205
104820,0.00908367615193
104825,0.00262646493502
104826,0.0216816347092
104828,0.00345401070081
104838,0.0147876925766
104840,0.00521923415363
104841,0.00713821547106
104843,0.00217284983955
104847,0.0144812408835
104848,0.00281877024099
104852,0.0282666161656
104854,0.0305810738355
104855,0.00377624947578
104857,0.00197211792693
104858,0.00319153629243
104860,0.00708194868639
104861,0.0274969562888
104862,0.00277441600338
104864,0.00180305400863
104866,0.00558884069324
104871,0.208542972803
104873,0.0196526665241
104874,0.111749455333
104877,0.255429238081
104880,0.00330835417844
104881,0.00281132780947
104883,0.0513749197125
104886,0.085259616375
104887,0.0141994468868
104891,0.00710246479139
104893,0.0786962807178
104895,0.0196028240025
104898,0.0137903820723
104902,0.0192740764469
104905,0.195407152176
104907,0.0131597761065
104909,0.00894869025797
104910,0.0385985523462
104912,0.00280171935447
104913,0.0568121895194
104914,0.0066251354292
104916,0.0406074523926
104918,0.00183339661453
104920,0.00818886607885
104921,0.0334546603262
104922,0.0173213724047
104923,0.00484204944223
104925,0.0614739693701
104928,0.0034344624728
104930,0.0157098788768
104931,0.00285828928463
104935,0.0105646802112
104940,0.0509436652064
104942,0.00130634114612
104944,0.00289074750617
104948,0.0211490876973
104949,0.151801839471
104951,0.00575097696856
104952,0.0307153761387
104953,0.00871792156249
104955,0.00643651094288
104956,0.00267268833704
104960,0.0346895232797
104964,0.00166441616602
104965,0.00912378355861
104967,0.0211496409029
104969,0.11722637713
104970,0.0548482611775
104974,0.00962184462696
104980,0.0198105592281
104984,0.00376334995963
104985,0.0296434499323
104988,0.00912411976606
104989,0.00692599313334
104990,0.00853975582868
104991,0.00515739619732
104994,0.0421486236155
104995,0.00973762571812
104999,0.167927995324
105001,0.172150194645
105003,0.185077503324
105004,0.00270451698452
105005,0.00281705101952
105006,0.0262512303889
105012,0.00857153907418
105013,0.00263951299712
105014,0.0436736121774
105018,0.0705482289195
105019,0.00792870949954
105023,0.119814090431
105025,0.0168195683509
105026,0.0249525718391
105027,0.034420568496
105028,0.00142659828998
105029,0.00563770998269
105035,0.00762332743034
105036,0.00560173531994
105037,0.0397302620113
105040,0.0412974394858
105041,0.0322056673467
105050,0.0393201336265
105051,0.0143008977175
105054,0.00279923342168
105055,0.0138521268964
105062,0.0414074920118
105065,0.0481599792838
105067,0.00184743211139
105070,0.019033966586
105071,0.00357431801967
105076,0.0150750782341
105078,0.0255321282893
105079,0.0110783753917
105080,0.00187913805712
105081,0.0810682401061
105083,0.0185478311032
105088,0.00237864512019
105089,0.256461262703
105090,0.00133070838638
105092,0.0112870205194
105093,0.0515885576606
105095,0.0214748028666
105096,0.0735262706876
105100,0.111946128309
105101,0.00556365540251
105102,0.0311421547085
105104,0.00404263101518
105105,0.21115359664
105109,0.00997177138925
105110,0.00680894078687
105112,0.047433886677
105116,0.0127443056554
105117,0.181122735143
105118,0.00268420181237
105119,0.0530431494117
105122,0.159745484591
105123,0.031312417239
105124,0.00138896692079
105129,0.215312987566
105130,0.0291235223413
105131,0.0176809169352
105133,0.105631880462
105139,0.00225043017417
105140,0.0034352329094
105141,0.0102051086724
105142,0.00329448049888
105143,0.00587003910914
105144,0.0971032753587
105145,0.0432879142463
105147,0.00319348764606
105150,0.00851635448635
105151,0.0966630652547
105153,0.0169142559171
105155,0.27819404006
105157,0.0129087604582
105158,0.0223240219057
105160,0.0175545420498
105162,0.00976410042495
105164,0.0184401534498
105166,0.00332010909915
105167,0.0311512425542
105168,0.0319778248668
105170,0.0165309756994
105171,0.00263364589773
105173,0.0205508247018
105177,0.0196028240025
105179,0.00540087977424
105181,0.0257074665278
105182,0.039641790092
105183,0.114890165627
105184,0.0154300779104
105185,0.00562251778319
105186,0.00820111762732
105188,0.00922044087201
105190,0.0157482884824
105192,0.00508871302009
105195,0.0757482051849
105197,0.0439036376774
105198,0.00136814313009
105200,0.0365245863795
105202,0.0043413634412
105203,0.00200526951812
105204,0.0036804145202
105208,0.0160918403417
105209,0.00595496315509
105211,0.00784176401794
105212,0.0125371078029
105213,0.00709952646866
105214,0.00180834135972
105217,0.0207078848034
105218,0.00282067945227
105219,0.180243894458
105225,0.00493443477899
105226,0.0601773150265
105229,0.0203315895051
105230,0.00857546646148
105233,0.0505701042712
105236,0.0228869188577
105237,0.00289179384708
105240,0.0073289508
105241,0.0273050703108
105247,0.0246251281351
105249,0.00254814652726
105253,0.0300449412316
105254,0.0968938991427
105255,0.079147644341
105256,0.010371748358
105257,0.0349786728621
105258,0.157189056277
105259,0.00125270546414
105260,0.00149991479702
105261,0.00373450457118
105263,0.00165408384055
105270,0.226760387421
105273,0.0147219179198
105278,0.105615861714
105281,0.0616196244955
105282,0.00732549326494
105286,0.0177602730691
105287,0.00847098138183
105290,0.00261162640527
105292,0.0028942739591
105294,0.165467873216
105298,0.00996965821832
105300,0.0216836892068
105302,0.0223500952125
105304,0.0220985990018
105305,0.0206711236387
105306,0.00301037938334
105309,0.00311311660334
105310,0.00459593348205
105311,0.00268600368872
105312,0.018506584689
105313,0.00467917881906
105315,0.00396255450323
105318,0.00904723163694
105321,0.0106668677181
105322,0.00236558145843
105325,0.00697474507615
105327,0.00308579043485
105332,0.190879195929
105334,0.00263997889124
105338,0.011064988561
105339,0.01732310839
105343,0.00541193876415
105344,0.0109544303268
105347,0.156370699406
105348,0.00737841846421
105349,0.00286235031672
105350,0.0018904202152
105352,0.031651917845
105354,0.0242706146091
105355,0.0195068307221
105356,0.00260745640844
105358,0.116810962558
105359,0.1022484079
105360,0.00850549060851
105365,0.0220985990018
105369,0.0690069645643
105372,0.0367441512644
105379,0.00587094621733
105388,0.0291840005666
105390,0.00304766977206
105391,0.0140796760097
105392,0.0345430001616
105394,0.258366495371
105395,0.0149907758459
105396,0.267345130444
105397,0.0508242174983
105400,0.00305760605261
105401,0.217444732785
105402,0.00389449670911
105404,0.00295733613893
105405,0.162858620286
105408,0.00625966349617
105410,0.0313657298684
105412,0.0464751571417
105413,0.00177084829193
105414,0.0533116348088
105420,0.256509304047
105422,0.00384957739152
105425,0.0618132948875
105426,0.0154541032389
105428,0.00513603305444
105431,0.00360266142525
105432,0.0110531551763
105436,0.00140001752879
105437,0.0458671115339
105438,0.00214420398697
105440,0.00455230241641
105442,0.254246085882
105447,0.00221277563833
105449,0.0154300779104
105450,0.00399549119174
105451,0.00392688903958
105456,0.14772619307
105458,0.00667045684531
105459,0.00367945618927
105460,0.0532316789031
105461,0.00773313781247
105464,0.141777709126
105467,0.0186922606081
105469,0.0180206727237
105472,0.0784350708127
105475,0.167927995324
105480,0.0216006748378
105482,0.00931372493505
105484,0.0313619635999
105485,0.187198877335
105487,0.0384134240448
105488,0.0105252563953
105491,0.00855771172792
105493,0.0174479782581
105494,0.00392530811951
105495,0.0130482418463
105500,0.0440280847251
105501,0.00391667988151
105505,0.117518544197
105509,0.0197829343379
105510,0.0385699756444
105513,0.0242706146091
105514,0.0780669748783
105516,0.247166886926
105517,0.00906167645007
105522,0.0318670943379
105524,0.0145423766226
105525,0.00528954900801
105526,0.00814858358353
105527,0.0120281856507
105529,0.0506317727268
105530,0.229039043188
105532,0.0096727553755
105535,0.0129941664636
105536,0.00159718305804
105537,0.00228464137763
105538,0.00449444819242
105540,0.0499739386141
105542,0.0746746212244
105543,0.0345060527325
105544,0.0103903729469
105547,0.00190354476217
105555,0.21115359664
105558,0.0638777837157
105559,0.0497875213623
105562,0.0347049310803
105564,0.00460554147139
105566,0.00931372493505
105568,0.00144176231697
105570,0.00623582256958
105572,0.0934888273478
105573,0.00181357527617
105574,0.0142474845052
105575,0.00297901965678
105576,0.00888379104435
105578,0.0191539525986
105579,0.00342716183513
105580,0.00270386994816
105582,0.013739018701
105583,0.0346850417554
105590,0.0113594708964
105591,0.00290900515392
105595,0.009695767425
105596,0.0538908019662
105597,0.0154300779104
105599,0.0320559069514
105601,0.010704816319
105602,0.0123308841139
105603,0.00200804346241
105604,0.00558949541301
105606,0.00200804346241
105607,0.0128237912431
105609,0.0242706146091
105611,0.00408787745982
105612,0.00414109043777
105617,0.118098959327
105618,0.208114802837
105619,0.00879407580942
105620,0.00271971244365
105621,0.0075644152239
105624,0.0208426117897
105625,0.00509381946176
105628,0.131776571274
105631,0.0704897493124
105637,0.00307328579947
105638,0.0132784154266
105641,0.044126316905
105644,0.00771283870563
105645,0.00478261755779
105647,0.0168262012303
105649,0.0249825511128
105650,0.048057872802
105653,0.0314686149359
105654,0.0023965141736
105659,0.0345368236303
105663,0.00298729911447
105664,0.0375031121075
105665,0.0253567192703
105671,0.0101703200489
105672,0.00721944356337
105675,0.218193411827
105676,0.0341704189777
105677,0.0475854389369
105680,0.00688929157332
105681,0.0132550382987
105688,0.00864416174591
105689,0.00391467288136
105690,0.0244123060256
105693,0.00959971826524
105694,0.00472966209054
105699,0.00858792569488
105701,0.00908506289124
105704,0.0283561758697
105706,0.0195967070758
105707,0.00556465564296
105708,0.0306627526879
105709,0.0123225999996
105711,0.0189937613904
105713,0.0947261601686
105714,0.184025615454
105715,0.00366289913654
105716,0.0137169957161
105717,0.0232309401035
105721,0.0123983845115
105722,0.0294961873442
105723,0.00272393715568
105725,0.0997265279293
105726,0.00326097221114
105730,0.117570497096
105731,0.0869485139847
105733,0.00215509091504
105736,0.00147822871804
105739,0.0170296020806
105740,0.0216816347092
105742,0.00960528291762
105743,0.00737252971157
105746,0.0181522052735
105748,0.0658841729164
105749,0.00975792389363
105750,0.0113253975287
105752,0.063953615725
105753,0.00624569132924
105755,0.00273871538229
105756,0.00292251864448
105757,0.0414764285088
105758,0.152990862727
105762,0.0437528416514
105765,0.0129702948034
105767,0.0272182580084
105768,0.00159254239406
105770,0.00391729734838
105773,0.0127671062946
105774,0.0272239092737
105775,0.00368938245811
105777,0.0321790464222
105778,0.0378000251949
105781,0.0223399754614
105784,0.00624225940555
105785,0.031025711447
105786,0.050572887063
105787,0.00266265077516
105789,0.061749111861
105790,0.00324883149005
105791,0.0141882514581
105792,0.032362498343
105794,0.00185131747276
105795,0.00973762571812
105798,0.00430472707376
105800,0.0080005871132
105802,0.0149544803426
105803,0.0764971226454
105804,0.0196028240025
105807,0.00605509663001
105810,0.004275014624
105811,0.0843994095922
105812,0.00150256231427
105813,0.0113556422293
105816,0.0882185921073
105817,0.171990633011
105818,0.0852890610695
105821,0.00429808767512
105826,0.0092245535925
105827,0.00221157050692
105829,0.0902286097407
105831,0.00723124761134
105834,0.0150638893247
105835,0.0539056956768
105838,0.00318518630229
105839,0.00517776980996
105840,0.00816035456955
105845,0.0395240224898
105846,0.0212424211204
105849,0.00712512480095
105852,0.00386774819344
105856,0.00557639962062
105860,0.00540440063924
105861,0.0120799737051
105862,0.0101125631481
105864,0.107376262546
105866,0.129691421986
105867,0.032012257725
105869,0.00133829610422
105870,0.0173419825733
105871,0.0143148982897
105873,0.0658068284392
105874,0.0349171049893
105876,0.0220291353762
105882,0.18682487309
105885,0.00511737167835
105887,0.00640160962939
105889,0.0208656899631
105890,0.00371346273459
105892,0.0867488756776
105894,0.103692039847
105897,0.0026388715487
105900,0.00361175532453
105901,0.0196028240025
105905,0.030434595421
105911,0.0239468049258
105912,0.014500444755
105921,0.145463854074
105922,0.0773021280766
105923,0.00191752554383
105924,0.00160161219537
105925,0.0926470458508
105926,0.0263035353273
105928,0.228212311864
105929,0.413683086634
105931,0.0211214050651
105934,0.108516968787
105935,0.00346882920712
105936,0.164334267378
105937,0.00271407002583
105938,0.00148040091153
105939,0.00157529232092
105941,0.0173808764666
105942,0.0175335351378
105944,0.00261162640527
105946,0.0118758389726
105947,0.00194413785357
105951,0.0277552939951
105952,0.114088080823
105957,0.0112736290321
105958,0.328330308199
105960,0.121294483542
105961,0.00822199042886
105963,0.010770490393
105965,0.234547808766
105966,0.0266618169844
105969,0.00228836503811
105970,0.0218524560332
105972,0.0242045652121
105973,0.00417098868638
105974,0.00475677987561
105978,0.0622034780681
105984,0.0038728734944
105985,0.215001612902
105986,0.0145434504375
105987,0.00972412712872
105988,0.105631880462
105989,0.111613072455
105990,0.0693097561598
105992,0.112418100238
105993,0.0357586219907
105997,0.0225834809244
105998,0.0165078509599
106002,0.0146087082103
106003,0.0210190247744
106004,0.00703319581226
106006,0.00364833301865
106008,0.00209418218583
106011,0.00167860684451
106014,0.00507283117622
106015,0.0235466826707
106016,0.238555639982
106017,0.0216177180409
106018,0.0103269191459
106019,0.00475679989904
106020,0.00223425705917
106023,0.100814439356
106026,0.00243837200105
106030,0.00575466174632
106031,0.012080013752
106035,0.0158524494618
106036,0.0918474495411
106037,0.00793114397675
106038,0.00190062797628
106041,0.0101297376677
106044,0.0901242494583
106045,0.0821670591831
106047,0.0652514770627
106049,0.00465957727283
106051,0.0209021735936
106052,0.010770490393
106053,0.0272008720785
106055,0.00771455420181
106057,0.168932408094
106058,0.00524034770206
106071,0.0110406633466
106073,0.00464754924178
106074,0.162858620286
106080,0.00658044498414
106081,0.0295123457909
106082,0.0153811927885
106083,0.0425436720252
106084,0.249476522207
106085,0.140153035522
106087,0.0032522471156
106090,0.176368325949
106093,0.0196526665241
106095,0.00712677137926
106096,0.0167684145272
106097,0.00275811296888
106099,0.0141994468868
106101,0.038514431566
106102,0.180056646466
106104,0.230237990618
106108,0.0174224004149
106110,0.0749516263604
106112,0.0508637279272
106126,0.00485056266189
106127,0.0216744691133
106134,0.00506757060066
106135,0.0071522668004
106139,0.0168107692152
106140,0.0196028240025
106141,0.227852612734
106142,0.00580389099196
106145,0.00147822871804
106147,0.0221196319908
106148,0.00379553902894
106151,0.142231151462
106156,0.0019101559883
106161,0.00233046594076
106162,0.0144382352009
106165,0.0213043019176
106166,0.00890979636461
106167,0.00272694788873
106169,0.00558936269954
106170,0.0235828571022
106171,0.0022696997039
106172,0.00280905771069
106174,0.00686240242794
106175,0.109893113375
106177,0.0219692923129
106180,0.00301774428226
106182,0.00506169814616
106183,0.0108495997265
106186,0.0196028240025
106187,0.0148458275944
106188,0.00983106344938
106191,0.0248387884349
106193,0.00942521076649
106194,0.106341347098
106195,0.025393569842
106198,0.0154300779104
106200,0.00976280029863
106201,0.0365129448473
106202,0.0110343704
106206,0.0021278669592
106207,0.00336610688828
106208,0.212849065661
106209,0.183093830943
106211,0.162858620286
106213,0.0109227802604
106218,0.0385699756444
106219,0.00241570733488
106222,0.011058865115
106223,0.0140501130372
106226,0.093818962574
106227,0.0216816347092
106230,0.00522724213079
106231,0.107402339578
106232,0.0584982521832
106234,0.15552778542
106237,0.212579280138
106238,0.0163626465946
106240,0.0030145123601
106242,0.00152659660671
106243,0.0667151287198
106246,0.00979473814368
106247,0.00149649940431
106248,0.0143008977175
106252,0.0926470458508
106253,0.00948811508715
106256,0.0365912951529
106257,0.00139915314503
106260,0.0208031069487
106262,0.252380430698
106263,0.21714143455
106265,0.00895661395043
106269,0.0723873525858
106272,0.0315085612237
106274,0.00623589381576
106275,0.0206780284643
106277,0.0493318885565
106279,0.0719581693411
106281,0.00303625152446
106285,0.212477713823
106287,0.00652113044634
106290,0.00263441493735
106292,0.00948811508715
106294,0.0222772248089
106295,0.00295379944146
106296,0.0530168563128
106297,0.0171128530055
106298,0.024179674685
106299,0.00476991571486
106301,0.0235828571022
106304,0.197237327695
106305,0.00271377852187
106306,0.0351799018681
106309,0.224550202489
106310,0.109343938529
106313,0.0274713337421
106314,0.00129850942176
106317,0.00145387044176
106318,0.0257663633674
106319,0.332266062498
106321,0.00699095334858
106324,0.0114926612005
106325,0.0262512303889
106330,0.00948811508715
106332,0.00249959737994
106333,0.0298688579351
106334,0.177682086825
106339,0.027066482231
106341,0.0834761708975
106343,0.0157628785819
106344,0.0157547798008
106346,0.00424071121961
106347,0.002297752304
106348,0.009695767425
106351,0.00346395839006
106352,0.010709412396
106358,0.0470612682402
106359,0.0438407883048
106361,0.148189857602
106362,0.0193704348058
106364,0.00631428649649
106365,0.0446322187781
106367,0.00847956910729
106368,0.00966888293624
106369,0.063953615725
106373,0.0061918660067
106376,0.0193942990154
106378,0.00297131785192
106379,0.0322367288172
106381,0.030338851735
106382,0.00726304575801
106385,0.00355737702921
106386,0.00405901949853
106387,0.181907817721
106388,0.0535797253251
106391,0.00918630789965
106394,0.0193557944149
106395,0.0256641898304
106400,0.0127671007067
106402,0.0409752503037
106404,0.0111837293953
106406,0.129861235619
106407,0.00309568713419
106408,0.0351024270058
106412,0.00959434732795
106413,0.0175364334136
106425,0.019306993112
106426,0.011374249123
106427,0.0109208803624
106431,0.00240568025038
106434,0.00832623708993
106436,0.210475981236
106437,0.0114368963987
106442,0.111151181161
106444,0.00445319712162
106447,0.156180977821
106448,0.00561725767329
106450,0.0409986041486
106451,0.00544429244474
106452,0.0180259309709
106454,0.159538075328
106455,0.163485839963
106456,0.0176470503211
106460,0.0370120219886
106463,0.00470175407827
106465,0.0246585346758
106467,0.00355968996882
106473,0.0151172112674
106476,0.00935325678438
106477,0.0259907916188
106478,0.00187022017781
106479,0.00972986780107
106481,0.259751051664
106482,0.00672825146466
106487,0.00975699350238
106494,0.0145227583125
106498,0.210652559996
106499,0.00692201312631
106501,0.0128455525264
106502,0.159745484591
106504,0.0136002469808
106505,0.00267534214072
106506,0.266192615032
106508,0.0683072730899
106511,0.00302565516904
106513,0.0208159945905
106517,0.0209360383451
106518,0.00578912626952
106519,0.00786594487727
106520,0.0147708076984
106522,0.0361583270133
106525,0.00555194634944
106526,0.0221090409905
106527,0.253528177738
106532,0.0271951500326
106537,0.0124012744054
106541,0.0328186899424
106542,0.00641996692866
106546,0.0208518113941
106547,0.0117862652987
106549,0.00987965986133
106550,0.00744797103107
106553,0.130924507976
106558,0.0299992896616
106560,0.00415988871828
106561,0.0055608311668
106562,0.103123731911
106563,0.00382211897522
106564,0.00986800063401
106565,0.00584056414664
106566,0.00275947060436
106567,0.00319782737643
106569,0.0271976981312
106571,0.0113069768995
106574,0.00161513371859
106577,0.0253442525864
106578,0.158443048596
106581,0.0291684810072
106582,0.00200880062766
106586,0.00409330707043
106590,0.181669875979
106593,0.0459426380694
106598,0.155235648155
106603,0.0196028240025
106604,0.00233825063333
106610,0.00721944356337
106611,0.0114767681807
106614,0.00206900457852
106616,0.239239677787
106617,0.0249601602554
106621,0.0102576659992
106622,0.0023374655284
106623,0.0107290418819
106625,0.0328751318157
106626,0.0112357847393
106627,0.190284401178
106628,0.00148609513417
106629,0.00236960221082
106630,0.00280114682391
106633,0.00164787180256
106635,0.0333238169551
106636,0.0068877460435
106638,0.0267814453691
106639,0.0136211179197
106640,0.0337544344366
106641,0.0104863839224
106644,0.0288866590708
106645,0.0296651907265
106648,0.0386786572635
106649,0.00796834751964
106651,0.18059271574
106654,0.173076525331
106655,0.0730911418796
106657,0.00125235051382
106659,0.0205986425281
106660,0.0768530070782
106661,0.00275138905272
106665,0.0124862771481
106666,0.00805369019508
106667,0.00890288036317
106668,0.015406104736
106669,0.0260677840561
106670,0.00980469584465
106671,0.0199924856424
106673,0.00586321717128
106675,0.0934300646186
106677,0.00139729701914
106681,0.0106961037964
106682,0.0137901296839
106685,0.183093830943
106686,0.00796850584447
106688,0.00297014112584
106689,0.0107800560072
106692,0.0133678512648
106696,0.0115624815226
106700,0.00566562218592
106702,0.0184690020978
106713,0.00404268456623
106714,0.00218529556878
106718,0.216015413404
106719,0.0117636322975
106720,0.0103847216815
106721,0.0299463905394
106726,0.00892424583435
106728,0.0123448707163
106730,0.00297530554235
106736,0.191437527537
106738,0.0024304469116
106739,0.0207045264542
106740,0.00647152028978
106741,0.0107419556007
106742,0.0298688579351
106744,0.00246397033334
106745,0.0464783348143
106746,0.00805085711181
106748,0.0383266545832
106751,0.0492268465459
106752,0.176207363605
106753,0.00716214766726
106754,0.00649662641808
106757,0.023808715865
106758,0.0162243284285
106759,0.139177724719
106761,0.009695767425
106762,0.0230983048677
106764,0.00370617862791
106767,0.0683281421661
106768,0.00156236579642
106769,0.00327457580715
106771,0.0307153761387
106776,0.00705486116931
106780,0.0289784967899
106781,0.009695767425
106782,0.0179433319718
106784,0.0771937891841
106786,0.0983357876539
106787,0.0532397031784
106788,0.0394765995443
106789,0.009162559174
106790,0.0306265819818
106792,0.0424750298262
106795,0.0243690051138
106799,0.00659524882212
106800,0.00153470458463
106804,0.0555244907737
106805,0.00318951625377
106806,0.0466617420316
106811,0.00391540955752
106812,0.196411371231
106814,0.0195763837546
106819,0.012847179547
106820,0.0352769456804
106821,0.0196028240025
106822,0.00276571186259
106823,0.007523547858
106826,0.00436122249812
106828,0.00617373269051
106831,0.00245980033651
106833,0.00878836680204
106835,0.0115615651011
106839,0.00268618483096
106841,0.027107713744
106844,0.0108753396198
106846,0.00197978550568
106847,0.025670433417
106848,0.0211822465062
106849,0.0385871492326
106850,0.00144983956125
106851,0.201914325356
106852,0.00925357174128
106853,0.228823617101
106855,0.0250902902335
106857,0.0294516384602
106859,0.00261016236618
106861,0.0908597260714
106864,0.00395217724144
106869,0.00267799617723
106874,0.0197605472058
106877,0.0325168482959
106879,0.00221807439812
106880,0.0103420084342
106881,0.00555215682834
106883,0.0159862153232
106888,0.0108613763005
106889,0.229549765587
106890,0.0181614495814
106891,0.0230189729482
106895,0.0148759149015
106897,0.0236826296896
106898,0.00268246629275
106899,0.0234637595713
106902,0.12231746316
106903,0.191384077072
106904,0.00226608524099
106912,0.0276364907622
106913,0.00307971914299
106914,0.0317868515849
106915,0.0196028240025
106917,0.0130613092333
106918,0.112971678376
106919,0.00268491799943
106920,0.0363562516868
106922,0.00529922451824
106923,0.13312445581
106926,0.00256989616901
106927,0.0213637594134
106928,0.0201888792217
106932,0.00913719180971
106934,0.00299131101929
106939,0.0158902090043
106941,0.0138822719455
106943,0.202822759748
106948,0.181669875979
106949,0.0262512303889
106953,0.0157887022942
106955,0.0250873789191
106958,0.00234820297919
106959,0.0209468025714
106963,0.0319433547556
106964,0.0022876705043
106965,0.0202764607966
106967,0.00297355768271
106968,0.0111073544249
106970,0.2235866189
106973,0.0254705548286
106975,0.0439063571393
106976,0.239489331841
106977,0.00268013030291
106978,0.00191379489843
106981,0.0124437101185
106982,0.00690461974591
106984,0.00207110960037
106985,0.0107616744936
106986,0.00177623413038
106987,0.00346412276849
106988,0.0394460819662
106993,0.0026571303606
106994,0.00309595069848
106995,0.00287966476753
107000,0.0173419825733
107001,0.0575928911567
107002,0.0327646024525
107004,0.0189061239362
107005,0.0629911124706
107007,0.112330824137
107009,0.028690263629
107010,0.0154022779316
107012,0.0538115873933
107013,0.0266129821539
107015,0.0019006334478
107017,0.165693312883
107022,0.0164085961878
107023,0.0148559147492
107024,0.0137783065438
107025,0.0471339561045
107030,0.091002330184
107031,0.00346109061502
107033,0.00250180996954
107034,0.226697519422
107038,0.0586117655039
107039,0.123012684286
107042,0.0893296971917
107043,0.00295551167801
107045,0.0183423403651
107046,0.0145423766226
107048,0.00342760956846
107049,0.00435505015776
107054,0.00333780609071
107055,0.0815566778183
107057,0.00171445624437
107059,0.00698362151161
107060,0.0196028240025
107067,0.00719199702144
107069,0.0449790768325
107070,0.010565542616
107071,0.0565207451582
107073,0.00531735271215
107074,0.00822330545634
107075,0.175810948014
107078,0.0168022047728
107079,0.0408105552197
107080,0.0492745488882
107081,0.0051129530184
107082,0.00248815421946
107084,0.00447773793712
107087,0.0126649979502
107088,0.0630881339312
107091,0.0335570462048
107092,0.00459448294714
107093,0.00852385535836
107095,0.0103834625334
107097,0.0232867337763
107098,0.0345368236303
107100,0.00376941380091
107105,0.00869989115745
107107,0.0145694557577
107108,0.116929717362
107109,0.00273695890792
107110,0.00878449715674
107113,0.0074233468622
107116,0.183093830943
107117,0.111258357763
107118,0.0196028240025
107119,0.00540983723477
107121,0.0157547798008
107122,0.0306360274553
107124,0.00750071369112
107125,0.0521159619093
107126,0.180243894458
107127,0.0112301073968
107128,0.0306360274553
107129,0.0319888070226
107130,0.008923958987
107132,0.0283927693963
107134,0.003756637685
107135,0.016952412203
107138,0.00641031423584
107139,0.0154300779104
107140,0.0930770859122
107144,0.0708911791444
107146,0.0248465165496
107147,0.00593820866197
107151,0.0584509149194
107153,0.185778334737
107155,0.0327610783279
107156,0.0269335415214
107157,0.02726370655
107158,0.0117655443028
107159,0.0481076315045
107160,0.0846007987857
107164,0.015728412196
107166,0.00170010072179
107167,0.00539069250226
107168,0.00163771200459
107169,0.0322802402079
107170,0.00478753866628
107171,0.00491075078025
107177,0.00244189146906
107178,0.0254098717123
107179,0.19025079906
107180,0.0167870093137
107182,0.0200173463672
107184,0.0294664036483
107185,0.143816649914
107186,0.00207238132134
107187,0.0445619933307
107188,0.0284444652498
107189,0.00675969058648
107190,0.0169719550759
107192,0.0571554787457
107193,0.0137511510402
107194,0.00178621325176
107196,0.00411301199347
107197,0.0045794993639
107199,0.127569898963
107200,0.00226401840337
107201,0.0118854846805
107203,0.00266106589697
107204,0.0544562265277
107207,0.00291136163287
107212,0.0278421193361
107214,0.0272182580084
107215,0.0432978272438
107220,0.0146285863593
107222,0.0290908869356
107223,0.00779130402952
107224,0.0319518856704
107226,0.00245711300522
107227,0.00220127752982
107228,0.00277464697137
107230,0.038079790771
107231,0.0168823227286
107232,0.0196028240025
107233,0.00222472217865
107234,0.0362364463508
107236,0.017456792295
107237,0.0370120219886
107239,0.00242654932663
107240,0.0342012681067
107242,0.0102051086724
107244,0.031025711447
107246,0.00213056290522
107248,0.0135528445244
107249,0.0200159940869
107254,0.0622678548098
107255,0.200009524822
107257,0.0299732089043
107258,0.0151738701388
107261,0.00441247550771
107263,0.0145750977099
107270,0.00307872518897
107272,0.0255624707788
107273,0.0412323847413
107277,0.056961003691
107278,0.0460019893944
107279,0.0196028240025
107280,0.00259113847278
107282,0.0343257673085
107283,0.00522032380104
107284,0.0198942888528
107286,0.0208869893104
107287,0.00569306313992
107291,0.00625690305606
107293,0.200738340616
107295,0.0757011845708
107296,0.0995293855667
107298,0.0341088138521
107299,0.266192615032
107302,0.00657519139349
107311,0.0371768213809
107312,0.0758275985718
107314,0.00496187340468
107315,0.0230734366924
107317,0.0144542362541
107318,0.0328917093575
107323,0.104030936956
107325,0.104779116809
107327,0.0678729489446
107328,0.0372371450067
107331,0.0394532084465
107332,0.0232644788921
107334,0.00841630809009
107341,0.057473603636
107342,0.0200210977346
107344,0.0114504471421
107346,0.00799780618399
107348,0.00252138450742
107351,0.0356549583375
107353,0.044925045222
107355,0.0033698445186
107356,0.0695884600282
107359,0.132431328297
107361,0.0153719941154
107362,0.0143008977175
107363,0.097376614809
107364,0.176502436399
107365,0.00478440243751
107369,0.0187039449811
107371,0.00767101999372
107372,0.00994114391506
107374,0.0577005967498
107375,0.00127895234618
107380,0.00150931230746
107382,0.00313433352858
107384,0.0239584837109
107385,0.00119261909276
107386,0.00406537763774
107388,0.0622619688511
107390,0.0220985990018
107393,0.196150287986
107396,0.0307153761387
107397,0.037586145103
107398,0.00259189261124
107399,0.130226060748
107400,0.277430683374
107403,0.00301975058392
107404,0.0555580928922
107408,0.034303676337
107410,0.0322990231216
107414,0.0105110583827
107418,0.00259215780534
107419,0.00247163302265
107420,0.031025711447
107424,0.0537685453892
107427,0.176044583321
107429,0.00248421845026
107432,0.0162111669779
107438,0.038755286485
107439,0.0220985990018
107445,0.0204095356166
107448,0.00129060610197
107450,0.0825761407614
107451,0.0514275282621
107453,0.0477449297905
107456,0.00449211476371
107458,0.0780314579606
107459,0.00272541167215
107462,0.0370933711529
107463,0.00426815310493
107466,0.0021271109581
107467,0.00323862512596
107470,0.00971564464271
107471,0.0150200305507
107475,0.187119662762
107477,0.0128117119893
107480,0.0178219582886
107481,0.0789598301053
107482,0.0252631753683
107483,0.0152705768123
107485,0.00945900846273
107486,0.00669304095209
107490,0.00170965539292
107494,0.0123677281663
107495,0.0330044478178
107496,0.00277464697137
107497,0.010041735135
107498,0.0123996455222
107502,0.00307754147798
107503,0.0357107035816
107504,0.00930273253471
107506,0.00807212200016
107509,0.219113186002
107513,0.00143250520341
107516,0.0424218289554
107518,0.00779140321538
107520,0.00910939648747
107521,0.0660872757435
107522,0.23692676425
107527,0.202605605125
107528,0.00306519400328
107529,0.159745484591
107530,0.00847613345832
107531,0.00947451032698
107532,0.0185478311032
107538,0.00171999027953
107539,0.0207617376
107541,0.00272806850262
107544,0.01251398772
107547,0.0458687357605
107551,0.223706334829
107554,0.0157547798008
107557,0.111946128309
107560,0.00904811732471
107562,0.145396471024
107563,0.0203593224287
107564,0.0135069582611
107565,0.00251860520802
107569,0.00151625776198
107570,0.0129691101611
107571,0.00485485279933
107572,0.0224576704204
107574,0.00636086100712
107575,0.0065756929107
107578,0.274993002415
107582,0.0236458275467
107583,0.0061681997031
107590,0.0276541672647
107593,0.0343737788498
107596,0.0134115936235
107597,0.141392916441
107598,0.00245982245542
107600,0.126059383154
107601,0.0153144989163
107603,0.177713468671
107605,0.0110899629071
107608,0.010215411894
107609,0.0141109861434
107613,0.00507024955004
107615,0.0418616943061
107616,0.0313670039177
107617,0.0141994468868
107619,0.00308533431962
107621,0.00819434784353
107622,0.0297294799238
107625,0.0354357883334
107626,0.0198759436607
107627,0.0204337071627
107628,0.00552286254242
107629,0.009551204741
107631,0.0023963204585
107633,0.0315914042294
107637,0.00204590591602
107639,0.00372093613259
107642,0.0154820466414
107643,0.00345022487454
107644,0.0125401364639
107645,0.0561008229852
107650,0.00243599899113
107652,0.00934035051614
107655,0.0508170425892
107656,0.0129423355684
107660,0.00257187453099
107661,0.235649988055
107662,0.0108182141557
107663,0.0418930612504
107666,0.038543600589
107668,0.0232644788921
107669,0.0563290826976
107673,0.00227471464314
107676,0.00420854613185
107677,0.00253105955198
107679,0.212338775396
107685,0.00931372493505
107687,0.233870148659
107689,0.0252403710037
107691,0.0121892066672
107692,0.00270143058151
107695,0.0172358136624
107696,0.0421486236155
107700,0.0159392077476
107701,0.0449053272605
107702,0.0918474495411
107703,0.260215103626
107705,0.0220985990018
107706,0.00592100992799
107708,0.00655366014689
107709,0.148127749562
107712,0.00630924478173
107713,0.0136085664853
107716,0.0016863347264
107717,0.00131933682133
107722,0.0458738803864
107724,0.0105563541874
107725,0.152990862727
107726,0.00367479375564
107729,0.00228496314958
107732,0.0550312101841
107733,0.160212978721
107735,0.0438821427524
107736,0.00231780740432
107737,0.0118386922404
107738,0.13312445581
107741,0.00246101384982
107745,0.180243894458
107747,0.0407794676721
107748,0.0285620149225
107750,0.0146517753601
107756,0.00559311453253
107757,0.0191130209714
107760,0.00311507238075
107762,0.0205287337303
107763,0.0115200616419
107765,0.00231551495381
107767,0.0212691687047
107768,0.00784680712968
107770,0.0200068727136
107772,0.00309316604398
107773,0.00618595676497
107775,0.0284850616008
107776,0.0398129671812
107779,0.0130419861525
107780,0.0208136234432
107786,0.245827972889
107789,0.00658294232562
107794,0.0163311641663
107795,0.0299243964255
107796,0.0272182580084
107799,0.00273072253913
107803,0.016579573974
107804,0.0255321282893
107805,0.00300406594761
107807,0.0397533550858
107809,0.0211611967534
107810,0.0040217502974
107812,0.13211171329
107813,0.0222656950355
107814,0.00994114391506
107815,0.0209576692432
107816,0.00858792569488
107820,0.234441190958
107822,0.0357107035816
107824,0.0109886787832
107826,0.0148817924783
107827,0.0118250213563
107828,0.23671810329
107830,0.00177459907718
107832,0.0332801006734
107835,0.214582845569
107837,0.00130634114612
107839,0.0407234095037
107840,0.209207102656
107842,0.0392867997289
107844,0.183093830943
107845,0.00373007380404
107846,0.0041339956224
107848,0.00165723648388
107849,0.0283313319087
107851,0.00560820661485
107852,0.0199718102813
107853,0.00173154450022
107855,0.0152764637023
107856,0.00304766977206
107857,0.00257878773846
107859,0.0189419705421
107860,0.0688786134124
107866,0.00494589423761
107867,0.0154300779104
107869,0.0318670943379
107871,0.0113190775737
107876,0.0834539979696
107880,0.0213401075453
107881,0.00176215230022
107883,0.0038815534208
107885,0.0790347531438
107886,0.010770490393
107889,0.162858620286
107893,0.0239580757916
107894,0.0115328729153
107896,0.00760732032359
107898,0.0137724829838
107899,0.00290328753181
107901,0.00292367348447
107903,0.00550949387252
107908,0.0263299569488
107911,0.0200989861041
107912,0.0302809979767
107914,0.112508103251
107915,0.027497921139
107917,0.00511099118739
107920,0.00279072090052
107922,0.00831704121083
107924,0.0116069149226
107926,0.0025916621089
107927,0.00712764868513
107928,0.232254371047
107930,0.102126464248
107935,0.00502246012911
107937,0.0291622038931
107938,0.00256309844553
107939,0.0115167610347
107940,0.0412420630455
107942,0.00216507795267
107943,0.0145423766226
107944,0.203772425652
107946,0.0113221844658
107948,0.00221277563833
107952,0.0186758190393
107957,0.0506885200739
107959,0.00269317114726
107960,0.0132595309988
107963,0.18926371634
107965,0.0605307854712
107966,0.011338641867
107969,0.0295445788652
107971,0.0160916894674
107972,0.172150194645
107974,0.00271103903651
107975,0.10005300492
107977,0.018940653652
107981,0.00321273482405
107983,0.00438200403005
107985,0.00650194380432
107988,0.00424927519634
107989,0.00695816893131
107991,0.04747742787
107993,0.146041467786
107994,0.00687036942691
107995,0.0120581751689
107996,0.0073491926305
107997,0.0443462468684
108006,0.0141439810395
108007,0.0302543137223
108009,0.0325312167406
108010,0.127608075738
108013,0.00688776187599
108019,0.0115611562505
108021,0.0159376524389
108022,0.0264217704535
108024,0.0344901382923
108027,0.0106985159218
108028,0.13289038837
108029,0.0155230341479
108031,0.0426649972796
108036,0.0188211556524
108037,0.00390926236287
108039,0.00946894474328
108042,0.0341408848763
108044,0.279949218035
108046,0.00391209125519
108047,0.002362415893
108050,0.01146528963
108051,0.0223527364433
108052,0.0299572329968
108053,0.0127695826814
108054,0.00676769623533
108055,0.0615351237357
108057,0.0332855395973
108058,0.00419845618308
108060,0.00298421480693
108064,0.00956962630153
108065,0.00187203241512
108068,0.0165611281991
108070,0.00669775670394
108071,0.0116825988516
108072,0.0031010734383
108073,0.0189486481249
108074,0.0028321268037
108079,0.0443859249353
108080,0.0144243314862
108081,0.0178218670189
108083,0.00218314025551
108086,0.127491444349
108088,0.0361398160458
108094,0.00286222924478
108096,0.00196891184896
108097,0.0660775080323
108098,0.338593930006
108102,0.00207188329659
108104,0.0120278177783
108105,0.0143222538754
108106,0.0113237434998
108107,0.00721944356337
108109,0.0414834842086
108112,0.00380634865724
108119,0.00142320652958
108122,0.20439851284
108123,0.0317666269839
108124,0.0234287753701
108125,0.00574997067451
108129,0.00305310613476
108130,0.0241781342775
108131,0.00251963804476
108135,0.00279990560375
108136,0.00716357165948
108140,0.212032243609
108142,0.00603567901999
108146,0.0172679163516
108147,0.0409752503037
108149,0.00708803348243
108150,0.00850847084075
108152,0.115864351392
108155,0.00762443849817
108159,0.269516587257
108161,0.0104585252702
108162,0.018852211535
108163,0.162858620286
108164,0.0200330391526
108165,0.0243408959359
108166,0.127951696515
108167,0.00480690039694
108168,0.0201185066253
108169,0.00785313546658
108170,0.00690181832761
108171,0.00849561952055
108172,0.0173213724047
108174,0.00140001752879
108176,0.00343640008941
108177,0.0102604636922
108178,0.0171616300941
108179,0.0126835722476
108180,0.164333090186
108181,0.0789759159088
108183,0.0011817101622
108187,0.00240568025038
108189,0.0245668645948
108191,0.00265807448886
108192,0.00974030699581
108195,0.0120688881725
108196,0.0145694557577
108198,0.00402052234858
108199,0.00287941028364
108200,0.00508131459355
108202,0.0124046513811
108206,0.210574507713
108208,0.00795750319958
108209,0.0196028240025
108210,0.00152384291869
108211,0.020876923576
108212,0.00846743769944
108213,0.0349489226937
108215,0.0238804575056
108216,0.0234287753701
108218,0.00340735656209
108219,0.0155822951347
108220,0.155693054199
108223,0.00431244960055
108224,0.00141440774314
108226,0.117949604988
108227,0.00332968798466
108232,0.146041467786
108235,0.0174378100783
108236,0.11110816896
108237,0.0392370149493
108240,0.00819578580558
108243,0.0647223815322
108248,0.0399808138609
108252,0.00684729218483
108256,0.00275783077814
108258,0.0107120955363
108259,0.00737478025258
108262,0.00213478133082
108263,0.00525865191594
108265,0.00763100013137
108267,0.197305604815
108269,0.0361578091979
108271,0.119090475142
108272,0.004636334721
108273,0.063953615725
108275,0.00607559038326
108277,0.0850339829922
108278,0.00642764894292
108279,0.0876059830189
108281,0.00209945836104
108282,0.00160279765259
108283,0.0173419825733
108284,0.0155230341479
108287,0.00884118583053
108288,0.0196028240025
108290,0.0520287938416
108291,0.00181431428064
108293,0.00133843056392
108294,0.09984523803
108296,0.015498357825
108297,0.0196028240025
108301,0.027015298605
108303,0.0306360274553
108305,0.00735822552815
108306,0.0774592980742
108307,0.00914450734854
108308,0.00886226631701
108310,0.0220985990018
108313,0.0127441259101
108314,0.0955761522055
108315,0.0108625488356
108316,0.00700391829014
108317,0.209515318274
108319,0.0217028260231
108320,0.205337911844
108321,0.0105596715584
108322,0.044006742537
108326,0.0360222458839
108327,0.00344773335382
108328,0.00441443454474
108329,0.00328301102854
108330,0.014316957444
108331,0.0021874406375
108332,0.0559637621045
108333,0.00156984408386
108336,0.0522086620331
108338,0.0461675822735
108339,0.00229798723012
108343,0.00280171935447
108345,0.0257663633674
108346,0.0683454275131
108347,0.00282756285742
108350,0.00288554187864
108351,0.00245724269189
108352,0.00235252105631
108353,0.00308723724447
108354,0.0201454032212
108355,0.0390354320407
108357,0.0166428238153
108359,0.0422292239964
108360,0.00295162061229
108361,0.0257699787617
108362,0.00260352203622
108367,0.0290853902698
108368,0.00557678798214
108372,0.0264029931277
108376,0.0281770415604
108377,0.00178584002424
108379,0.0246409736574
108384,0.0688203647733
108386,0.0200323928148
108388,0.00286739179865
108390,0.00996680185199
108391,0.00748885562643
108395,0.00908367615193
108397,0.00551673816517
108399,0.0126916011795
108403,0.0124741122127
108405,0.00318669038825
108406,0.00899851229042
108408,0.00376085331663
108409,0.0616196244955
108410,0.0202588774264
108412,0.0117439813912
108414,0.0114293135703
108418,0.00583260366693
108421,0.00181805307511
108425,0.0819501504302
108427,0.0555115155876
108429,0.0129960877821
108432,0.237097978592
108436,0.0581569112837
108439,0.00365713355131
108440,0.0134436832741
108444,0.073752656579
108446,0.00901114940643
108448,0.00910291261971
108450,0.0148729169741
108451,0.00761293806136
108452,0.185371950269
108453,0.0908611193299
108458,0.0166702382267
108462,0.00261162640527
108463,0.0213994625956
108464,0.00982450600713
108465,0.0245051048696
108471,0.00312716211192
108474,0.00403914181516
108477,0.02132630907
108478,0.00980040989816
108479,0.0109438393265
108480,0.216578155756
108481,0.025834236294
108484,0.00404144264758
108485,0.0129691101611
108488,0.203772425652
108489,0.136932626367
108490,0.0362563617527
108497,0.217169135809
108501,0.0166712366045
108502,0.399530619383
108504,0.0196028240025
108506,0.181919187307
108507,0.00931582413614
108508,0.0560279861093
108512,0.136459827423
108513,0.0135528445244
108516,0.0120799737051
108517,0.208196029067
108521,0.00239003403112
108527,0.0220985990018
108529,0.154428988695
108531,0.0173419825733
108533,0.00196811743081
108534,0.00381823582575
108535,0.0061647631228
108536,0.0321132279932
108537,0.0101646427065
108542,0.0037244730629
108543,0.0169848483056
108544,0.0270167831331
108548,0.0273926761001
108550,0.0938003733754
108552,0.0132175721228
108553,0.00199217675254
108555,0.0180860906839
108558,0.0341458283365
108559,0.00616263691336
108563,0.0023963204585
108564,0.0186217743903
108565,0.0245916955173
108566,0.0112544577569
108567,0.00278517557308
108569,0.00270162336528
108571,0.0729217901826
108574,0.0350068919361
108575,0.0067773796618
108576,0.0212171822786
108577,0.0263214912266
108578,0.0168691668659
108579,0.124848760664
108580,0.00455779023468
108581,0.0313454382122
108582,0.009695767425
108586,0.00683277007192
108590,0.0139406993985
108592,0.160348340869
108593,0.0411392785609
108594,0.069631062448
108595,0.0237365812063
108597,0.00947382114828
108599,0.00621328176931
108602,0.0175364334136
108603,0.236227318645
108605,0.215309947729
108607,0.0448983311653
108608,0.171288698912
108609,0.0198122877628
108610,0.00142931181472
108613,0.00159499014262
108614,0.00237523275428
108617,0.0140113513917
108618,0.025692326948
108622,0.00601571565494
108623,0.0162476096302
108627,0.028271868825
108629,0.0255321282893
108630,0.00856428500265
108632,0.0361896716058
108633,0.0295534264296
108635,0.00948811508715
108637,0.0409888215363
108638,0.00886567588896
108640,0.00252878875472
108646,0.0196476262063
108649,0.0243988446891
108650,0.352653205395
108653,0.173346236348
108658,0.00948811508715
108659,0.0419117063284
108663,0.0641643479466
108665,0.00289915781468
108667,0.00288624153472
108672,0.0145895900205
108673,0.0141994468868
108676,0.0162233766168
108677,0.00274811475538
108681,0.0387308783829
108684,0.00255827186629
108686,0.0019414445851
108689,0.145439252257
108692,0.195407152176
108693,0.0106985159218
108694,0.00335192540661
108699,0.00277464697137
108700,0.0266910921782
108701,0.0173438191414
108703,0.00489980634302
108705,0.00949822552502
108706,0.0154300779104
108708,0.01134732645
108709,0.0203018542379
108714,0.0105296578258
108715,0.0443169772625
108716,0.00825285539031
108721,0.0120476316661
108723,0.0174182783812
108724,0.00314702186733
108725,0.00362844904885
108727,0.0196028240025
108728,0.0437870435417
108729,0.0153957791626
108734,0.0211760085076
108737,0.0149709125981
108738,0.0557356029749
108739,0.00247705634683
108741,0.00275811296888
108744,0.0541760660708
108747,0.00524999620393
108748,0.0149907758459
108749,0.039000492543
108751,0.0132799912244
108752,0.168498665094
108754,0.00712184701115
108755,0.00810219440609
108756,0.00687099760398
108757,0.101110592484
108758,0.012294803746
108764,0.17385391891
108765,0.0151453223079
108766,0.0113868191838
108768,0.0120043689385
108769,0.250547945499
108771,0.0247980691493
108772,0.00989773217589
108775,0.0385871492326
108779,0.0190357118845
108780,0.0156957730651
108782,0.00233332370408
108783,0.00999254826456
108784,0.0875644087791
108785,0.038779143244
108787,0.128219977021
108788,0.181057840586
108790,0.0620501898229
108791,0.00577932037413
108793,0.0186269264668
108794,0.205337911844
108795,0.110691532493
108798,0.00344257662073
108799,0.0153765780851
108800,0.0290092602372
108801,0.0123771326616
108802,0.0145282587036
108803,0.242018252611
108806,0.00973762571812
108810,0.00301845162176
108811,0.0401673801243
108812,0.19113689661
108815,0.00264648906887
108817,0.0709640607238
108819,0.00557944364846
108820,0.0138864452019
108821,0.0130407586694
108822,0.00303404964507
108823,0.0900320485234
108825,0.214112207294
108826,0.0141994468868
108827,0.0254055634141
108833,0.0541234835982
108835,0.0322990231216
108838,0.0171385146677
108840,0.00265928334557
108842,0.00757825933397
108844,0.00963910855353
108845,0.0133254788816
108848,0.0141994468868
108849,0.00129728380125
108850,0.0192818846554
108851,0.00385535089299
108852,0.00437407428399
108853,0.0196436867118
108856,0.0102884704247
108859,0.237627983093
108862,0.0187493413687
108863,0.0122882965952
108865,0.00238709128462
108866,0.103390693665
108871,0.0240103844553
108873,0.033628154546
108875,0.0254322532564
108877,0.0178088266402
108878,0.0219765324146
108879,0.0167839545757
108881,0.0483473241329
108882,0.00325892213732
108884,0.00321273482405
108886,0.0272182580084
108889,0.0522303618491
108890,0.0140632232651
108893,0.010281695053
108894,0.0285810735077
108897,0.0385782793164
108899,0.00989148113877
108900,0.00144341762643
108901,0.00282066059299
108902,0.00242049014196
108903,0.0495593212545
108906,0.0611810423434
108910,0.010581491515
108914,0.0499163456261
108915,0.136158123612
108916,0.0307153761387
108917,0.015674136579
108918,0.00320359319448
108923,0.208350881934
108924,0.00141772790812
108926,0.0173419825733
108927,0.0226093288511
108928,0.0149907758459
108933,0.0442791618407
108934,0.0164019931108
108938,0.0290281772614
108939,0.00306796375662
108940,0.0411711931229
108941,0.0141994468868
108945,0.0496619790792
108947,0.0484568737447
108952,0.0155759621412
108953,0.263519465923
108954,0.001536476193
108956,0.0931474491954
108957,0.0331419184804
108958,0.00571420509368
108962,0.0386210754514
108963,0.015004103072
108965,0.00977168325335
108966,0.00351448450238
108968,0.0145694557577
108969,0.180642962456
108970,0.169607520103
108972,0.00671232072636
108973,0.0218224171549
108976,0.00599552830681
108977,0.0176560804248
108978,0.0185567829758
108979,0.0196526665241
108983,0.0558810457587
108985,0.00445024063811
108987,0.0023475761991
108988,0.0681235864758
108992,0.007483006455
108993,0.0738234519958
108994,0.0330152176321
108995,0.00295039429329
108998,0.01124686189
108999,0.0331569723785
109000,0.0110113788396
109002,0.00446965917945
109005,0.0132116023451
109007,0.00283953244798
109011,0.0248833112419
109012,0.00249363365583
109014,0.0220985990018
109016,0.0363205932081
109017,0.00997249595821
109020,0.0363689363003
109021,0.301811724901
109025,0.00606602616608
109029,0.0279303211719
109030,0.102357245982
109032,0.00646087853238
109034,0.00706401932985
109035,0.0182262863964
109037,0.00678833015263
109039,0.289144873619
109040,0.0143420174718
109041,0.0333179347217
109042,0.0339390970767
109044,0.00462463591248
109045,0.0508551634848
109047,0.20213341713
109048,0.124431319535
109049,0.0246604979038
109053,0.0277545843273
109054,0.0375402122736
109055,0.0302386637777
109057,0.00688752066344
109058,0.0117288371548
109061,0.00232582981698
109062,0.0305347573012
109063,0.00731460982934
109067,0.004085496068
109068,0.0197515953332
109069,0.224971622229
109070,0.0518878288567
109071,0.0044364836067
109073,0.0254701767117
109074,0.00300228572451
109077,0.013864534907
109079,0.0114356298
109080,0.00961368717253
109081,0.00417153956369
109083,0.0605899654329
109085,0.00473574874923
109087,0.0264837983996
109088,0.00388898304664
109092,0.0366047732532
109093,0.0655935406685
109094,0.182661965489
109095,0.00624675070867
109097,0.0268912892789
109102,0.0368520952761
109104,0.0020656560082
109105,0.0115935476497
109107,0.00250108516775
109109,0.0257691890001
109111,0.0155350631103
109116,0.00136494473554
109117,0.171088933945
109119,0.00174687593244
109120,0.0268885008991
109122,0.00359954265878
109124,0.0324177406728
109125,0.0206319689751
109131,0.0485006906092
109132,0.00948811508715
109135,0.0248239506036
109137,0.0683194622397
109138,0.0684539824724
109139,0.0751967802644
109141,0.0537400357425
109143,0.00156977691222
109144,0.0181191414595
109145,0.00707028992474
109147,0.00816759373993
109148,0.00657880865037
109150,0.00415703561157
109155,0.0151181844994
109160,0.00369681301527
109161,0.00346109061502
109163,0.0173270534724
109166,0.112254537642
109167,0.303867131472
109168,0.0830639228225
109169,0.00396094191819
109172,0.0196028240025
109174,0.00322490069084
109177,0.148362964392
109180,0.0159710403532
109182,0.00468070711941
109184,0.0633107870817
109185,0.0322990231216
109191,0.0058437269181
109192,0.038803294301
109195,0.00841548386961
109197,0.00671808095649
109198,0.158467903733
109199,0.0173213724047
109200,0.0575010031462
109201,0.00227247108705
109202,0.0063514765352
109206,0.00701127713546
109209,0.093027703464
109210,0.0216560196131
109211,0.00942867994308
109215,0.0082943988964
109217,0.00403697509319
109218,0.0661732554436
109219,0.0466129109263
109220,0.0124070057645
109221,0.0650117173791
109223,0.0158223565668
109224,0.00468273600563
109225,0.0255105569959
109229,0.0370120219886
109230,0.0409752503037
109231,0.00936860498041
109238,0.0186115950346
109240,0.00361716630869
109241,0.0290654283017
109242,0.00995933171362
109243,0.0328427776694
109244,0.179096341133
109245,0.181669875979
109246,0.162858620286
109248,0.00970298610628
109250,0.017633985728
109253,0.00948811508715
109255,0.00986414775252
109256,0.00252856034786
109257,0.00181384989992
109259,0.00684364838526
109260,0.0205499380827
109261,0.0022503992077
109262,0.00959866680205
109264,0.0141994468868
109265,0.0473182164133
109267,0.170424580574
109268,0.0285481978208
109269,0.0104392720386
109271,0.0941521003842
109272,0.238762110472
109274,0.0282171815634
109277,0.0106516163796
109278,0.262083828449
109282,0.180940508842
109283,0.139023765922
109284,0.0216816347092
109288,0.0425744466484
109289,0.0254055634141
109290,0.0454172976315
109291,0.0405719280243
109293,0.0385871492326
109296,0.0125980451703
109297,0.0768925920129
109298,0.00694599142298
109299,0.0176845844835
109301,0.242018252611
109302,0.0112488083541
109304,0.0340644158423
109306,0.0581741668284
109307,0.0240479614586
109308,0.0052494732663
109314,0.0173213724047
109315,0.00299486005679
109316,0.00209995987825
109317,0.0128971226513
109320,0.0210151206702
109321,0.0722776651382
109322,0.109448164701
109323,0.00345234200358
109327,0.0232741571963
109328,0.00948811508715
109329,0.185527220368
109333,0.0484216958284
109334,0.00970314163715
109337,0.00866227876395
109339,0.0016617695801
109343,0.0193611085415
109344,0.0196526665241
109345,0.124415375292
109347,0.00931372493505
109350,0.016431460157
109351,0.180504560471
109353,0.0360081419349
109354,0.0122548667714
109356,0.0160890631378
109357,0.0385871492326
109358,0.00474823219702
109360,0.00328316073865
109363,0.00668370863423
109364,0.043042447418
109365,0.00217703171074
109368,0.0215134806931
109369,0.0111954957247
109370,0.0322689302266
109372,0.150477871299
109375,0.0357776507735
109381,0.0480808727443
109382,0.0220291353762
109383,0.00421633059159
109384,0.0506340563297
109385,0.0098925512284
109386,0.00416601868346
109389,0.0293600801378
109390,0.171088069677
109394,0.00997537747025
109400,0.033040702343
109402,0.0110069923103
109404,0.0070343175903
109405,0.133878976107
109411,0.0154300779104
109413,0.0187714900821
109415,0.0110851321369
109419,0.0847035720944
109421,0.272552579641
109422,0.0303681492805
109424,0.0153994075954
109426,0.0171848572791
109428,0.0208656899631
109429,0.0196028240025
109434,0.00724840676412
109435,0.00580156687647
109436,0.165839001536
109437,0.164334267378
109438,0.0028412961401
109439,0.167927995324
109440,0.00299355597235
109444,0.0525486730039
109450,0.133116707206
109452,0.0059774024412
109453,0.0110141159967
109454,0.00956970266998
109456,0.0176902282983
109463,0.0119953695685
109464,0.0237375199795
109465,0.0391655787826
109467,0.00172606133856
109471,0.0147708076984
109473,0.0035106241703
109474,0.168013542891
109477,0.0198759436607
109479,0.00333205307834
109480,0.0173233766109
109482,0.0213951542974
109483,0.119956061244
109484,0.00241380976513
109485,0.0104302670807
109489,0.0434919930995
109491,0.0198759436607
109495,0.0122973462567
109499,0.00185585999861
109500,0.0348005369306
109504,0.129788532853
109506,0.00733610754833
109507,0.14230184257
109511,0.00323125417344
109512,0.0483091324568
109513,0.0110787041485
109514,0.00275098718703
109518,0.00203347066417
109523,0.0107042565942
109524,0.020015032962
109527,0.0192169360816
109529,0.0962038114667
109530,0.180243894458
109535,0.236256539822
109536,0.0217245519161
109537,0.00208444916643
109540,0.0307440459728
109542,0.0160108674318
109543,0.00508858263493
109546,0.0810682401061
109548,0.0173419825733
109549,0.00738668581471
109550,0.00463261967525
109551,0.0063564889133
109552,0.00243837200105
109555,0.181669875979
109556,0.0098925512284
109559,0.0444006472826
109560,0.0272383205593
109562,0.00141201354563
109564,0.00527985114604
109565,0.0119798043743
109566,0.0154587915167
109567,0.0341582782567
109568,0.181669875979
109570,0.0637967810035
109573,0.0629859492183
109575,0.0185478311032
109577,0.0114836292341
109578,0.031025711447
109579,0.0252360608429
109580,0.00352553837001
109583,0.0201369244605
109584,0.00549509283155
109585,0.0158509016037
109586,0.0321171171963
109590,0.108035728335
109591,0.0106985159218
109592,0.0238926373422
109596,0.140777185559
109599,0.167552128434
109601,0.00802632793784
109603,0.0222656950355
109604,0.0271943379194
109605,0.0121726300567
109606,0.0016973085003
109608,0.00238269055262
109611,0.250805646181
109612,0.00266262912191
109613,0.0288044437766
109614,0.00623939651996
109615,0.0154468659312
109617,0.162858620286
109619,0.032979734242
109621,0.0815946534276
109623,0.0717415884137
109624,0.0858429968357
109625,0.00738010974601
109626,0.171088069677
109629,0.0242608934641
109633,0.137855812907
109634,0.00771327642724
109637,0.0131429675967
109638,0.0277617536485
109639,0.203772425652
109642,0.156180977821
109643,0.00142339419108
109654,0.131326138973
109656,0.0286092516035
109657,0.0180524270982
109659,0.0145694557577
109663,0.0112518416718
109664,0.0918830111623
109668,0.0034018009901
109671,0.127360522747
109673,0.0255321282893
109674,0.0370120219886
109677,0.0268277302384
109678,0.0145794618875
109679,0.0398268662393
109680,0.00750253489241
109682,0.0196028240025
109683,0.0476716123521
109686,0.00169539568014
109687,0.0115543147549
109688,0.324672907591
109689,0.015805227682
109692,0.00342169078067
109693,0.223135530949
109695,0.0112423123792
109696,0.0139608290046
109701,0.101466938853
109702,0.0288230385631
109703,0.00216061784886
109708,0.079912096262
109714,0.0109416665509
109715,0.00170616898686
109718,0.0405803658068
109720,0.0196526665241
109724,0.0320855826139
109725,0.0124248275533
109728,0.0337874181569
109730,0.03955655545
109734,0.0318723358214
109739,0.196395605803
109740,0.00920727755874
109745,0.015099558048
109746,0.0411786548793
109747,0.0098925512284
109748,0.00751658342779
109751,0.0145423766226
109752,0.0324839688838
109756,0.012868495658
109758,0.0852354317904
109760,0.0022510192357
109762,0.00342994276434
109763,0.0309252161533
109765,0.00391990505159
109766,0.00892987381667
109769,0.00272642658092
109772,0.0360302627087
109773,0.0227762423456
109777,0.0315574817359
109782,0.189952686429
109783,0.174887374043
109784,0.0085433004424
109785,0.0307245478034
109787,0.211857795715
109791,0.00745566980913
109793,0.128544181585
109794,0.0169441420585
109797,0.108560219407
109798,0.00839079078287
109799,0.00931372493505
109800,0.0196216292679
109801,0.0328249111772
109805,0.00572522031143
109806,0.0310510993004
109807,0.00235196715221
109810,0.00350198056549
109811,0.0172445308417
109812,0.0673788040876
109813,0.239427372813
109814,0.00399951636791
109815,0.00314135593362
109817,0.01220316533
109819,0.00489228824154
109820,0.0369849763811
109821,0.0012475050753
109822,0.0295698847622
109825,0.00316968769766
109826,0.0236517488956
109831,0.103136733174
109833,0.00938445702195
109834,0.00140001752879
109835,0.020478354767
109837,0.159745484591
109838,0.0296495892107
109841,0.173356473446
109842,0.0151392649859
109845,0.0220985990018
109847,0.0116826379672
109848,0.0062079927884
109849,0.00189124012832
109850,0.00262672360986
109851,0.0152279986069
109852,0.142072841525
109853,0.0139877619222
109857,0.00536631373689
109864,0.00148561340757
109868,0.0254623144865
109869,0.00281928502955
109870,0.00155212043319
109871,0.106417044997
109876,0.0162976067513
109878,0.152358829975
109886,0.250305056572
109887,0.00936065521091
109889,0.0196028240025
109890,0.00727793108672
109892,0.0118621159345
109893,0.211272507906
109896,0.046110458672
109897,0.0292178317904
109898,0.00530252605677
109899,0.00973762571812
109901,0.0535030774772
109903,0.00440217740834
109905,0.0103433411568
109907,0.00273074465804
109908,0.00930227059871
109909,0.164184421301
109911,0.00162984943017
109912,0.121982105076
109913,0.00431058462709
109915,0.0161201003939
109917,0.0205420255661
109918,0.0283176973462
109919,0.0272157453001
109920,0.00158065627329
109922,0.0156164085492
109923,0.00590310571715
109926,0.00248136650771
109927,0.0182470660657
109928,0.0372371450067
109930,0.00445170886815
109932,0.0078337546438
109933,0.0217584855855
109935,0.00337763619609
109936,0.00154332374223
109938,0.0196028240025
109939,0.00117112114094
109940,0.17385391891
109941,0.0208793263882
109943,0.00402011768892
109944,0.00588832981884
109945,0.0687834247947
109948,0.0340869314969
109950,0.0286120679229
109955,0.0665949583054
109956,0.0131834717467
109957,0.00394364958629
109958,0.00159753742628
109960,0.0236991122365
109961,0.023683808744
109962,0.0105703389272
109967,0.00122771027964
109968,0.062330044806
109969,0.0309390686452
109970,0.0170769039541
109971,0.0530099160969
109972,0.00741062453017
109977,0.0131184486672
109980,0.00494954735041
109981,0.00469246460125
109983,0.0218851286918
109984,0.00325869303197
109988,0.075286924839
109989,0.0128404321149
109990,0.00688638584688
109993,0.0165611281991
109996,0.0313169062138
109999,0.00226262491196
110000,0.0365558043122
110001,0.0327541083097
110002,0.0177869107574
110003,0.0169938318431
110004,0.0129691101611
110007,0.00547614693642
110010,0.0109452949837
110013,0.00234708283097
110014,0.00643543712795
110015,0.00822277646512
110027,0.05055116117
110032,0.0604727938771
110038,0.0160023123026
110039,0.00503167603165
110042,0.00973762571812
110046,0.230237990618
110047,0.00738787511364
110051,0.0048661865294
110053,0.0064224251546
110055,0.0220985990018
110059,0.00948811508715
110060,0.00356168136932
110062,0.0316680558026
110068,0.00311221578158
110072,0.00236266199499
110073,0.0918863937259
110074,0.0235041063279
110075,0.0308944080025
110078,0.0274728741497
110081,0.00860957149416
110094,0.00314097222872
110095,0.0370220243931
110096,0.0113862063736
110100,0.0165369156748
110101,0.0648275539279
110102,0.0398129671812
110104,0.0306797884405
110107,0.00395374884829
110109,0.00994960404932
110110,0.0235230010003
110112,0.0708285793662
110114,0.0193978119642
110117,0.00177699956112
110118,0.0133347185329
110120,0.108803920448
110125,0.00195379066281
110128,0.0220195744187
110130,0.158441826701
110132,0.218743786216
110133,0.00796850584447
110137,0.157189056277
110139,0.00949822552502
110144,0.0196526665241
110149,0.176394939423
110150,0.0232773777097
110153,0.233702838421
110155,0.0305766686797
110156,0.0240489970893
110157,0.046185106039
110158,0.107518829405
110163,0.0305389035493
110164,0.040054269135
110165,0.0370120219886
110169,0.0158894192427
110171,0.00861748680472
110178,0.0220985990018
110180,0.00160161219537
110181,0.00335525628179
110182,0.0543914847076
110184,0.0233747754246
110190,0.105572409928
110191,0.0196028240025
110194,0.183344006538
110199,0.0306360274553
110201,0.0208456385881
110204,0.0448024570942
110205,0.0571692027152
110207,0.00561721017584
110208,0.0266659557819
110210,0.0158703140914
110211,0.00346154440194
110213,0.255872279406
110214,0.142560392618
110215,0.00951848365366
110217,0.0254874639213
110221,0.152377322316
110222,0.124775826931
110223,0.00203287554905
110225,0.00973762571812
110226,0.0123908845708
110227,0.00410791579634
110228,0.00765293603763
110229,0.0100645283237
110231,0.0297982376069
110232,0.00356825161725
110233,0.0318670943379
110236,0.00191264564637
110237,0.113683499396
110239,0.0318670943379
110240,0.0889884233475
110241,0.00417527509853
110245,0.0173642300069
110246,0.0297185759991
110249,0.00703135738149
110250,0.00616644648835
110255,0.00992769747972
110257,0.00589248165488
110259,0.26053956151
110261,0.00581601820886
110262,0.00882916338742
110263,0.00482896808535
110265,0.00218181731179
110269,0.0395277962089
110275,0.0200915206224
110276,0.00502896262333
110278,0.157189056277
110279,0.011822681874
110281,0.00308648170903
110282,0.00222440273501
110283,0.0372899137437
110284,0.187889248133
110285,0.0034776867833
110286,0.0144886747003
110288,0.0159947611392
110289,0.0325166918337
110290,0.161345168948
110294,0.0239389277995
110295,0.0613263882697
110301,0.00400047935545
110306,0.110927335918
110308,0.0244367327541
110310,0.00984269287437
110311,0.00203856965527
110316,0.0428336299956
110317,0.00349697214551
110318,0.00856472179294
110319,0.00431642960757
110321,0.024657651782
110323,0.0440209954977
110324,0.0145694557577
110325,0.00389389786869
110326,0.0259231459349
110327,0.003404983785
110328,0.0922946631908
110329,0.00948811508715
110330,0.00724843097851
110332,0.0858154967427
110333,0.00273981853388
110334,0.0480650961399
110335,0.0358369909227
110336,0.121329709888
110340,0.0226683858782
110346,0.0229739397764
110348,0.0246680155396
110350,0.00351417064667
110351,0.0159947611392
110353,0.021396510303
110355,0.00921933446079
110361,0.0023374655284
110363,0.0022996594198
110364,0.0176902450621
110365,0.00350169604644
110366,0.0301305726171
110368,0.0137244099751
110372,0.0131730837747
110373,0.0740649625659
110376,0.00971564464271
110378,0.00939659308642
110380,0.00336574204266
110381,0.00582212023437
110383,0.00676099071279
110385,0.118245042861
110386,0.0141994468868
110388,0.00755061767995
110391,0.00159552786499
110396,0.00405319267884
110399,0.00868073664606
110409,0.0369541794062
110411,0.0249266736209
110413,0.0124068530276
110414,0.00899888202548
110415,0.0131405740976
110418,0.00910357106477
110419,0.0418126434088
110421,0.00803278479725
110422,0.00787954684347
110424,0.00235224678181
110425,0.00927479285747
110432,0.00421468354762
110433,0.157189056277
110434,0.0200763046741
110435,0.0276478473097
110436,0.0405426286161
110437,0.0311280861497
110442,0.106341347098
110443,0.00607882160693
110444,0.021214870736
110447,0.00590651994571
110449,0.00147423008457
110450,0.00717240897939
110451,0.0218068193644
110452,0.00511099118739
110457,0.028196843341
110459,0.0175840165466
110460,0.00304765673354
110466,0.0386366210878
110471,0.0130486153066
110472,0.0309420917183
110473,0.00301068695262
110474,0.0273726098239
110475,0.00655719125643
110476,0.00356214330532
110479,0.0985179841518
110480,0.0717475265265
110481,0.122586287558
110483,0.170856624842
110484,0.00449303165078
110487,0.0839242041111
110489,0.165943160653
110494,0.00660129124299
110495,0.00315008219332
110499,0.242018252611
110501,0.125312358141
110503,0.0157547798008
110504,0.00578639050946
110506,0.0253530535847
110507,0.0214202031493
110511,0.0145423766226
110512,0.00773128308356
110513,0.0196028240025
110521,0.131990283728
110522,0.0174359641969
110523,0.0098925512284
110524,0.0197633057833
110525,0.00374701851979
110526,0.00130887737032
110527,0.0409752503037
110528,0.224336922169
110531,0.0196028240025
110532,0.0719476342201
110535,0.00280171935447
110538,0.0268103256822
110540,0.00552922021598
110541,0.0110428351909
110542,0.0196028240025
110546,0.0557386912405
110547,0.0263953451067
110549,0.0221851430833
110550,0.00208152038977
110551,0.00321273482405
110553,0.00219270284288
110554,0.0591633208096
110555,0.0246683321893
110556,0.0116647034883
110559,0.00265487958677
110560,0.0365245863795
110563,0.141323208809
110567,0.00333359115757
110569,0.0146692357957
110571,0.0102211069316
110575,0.197099208832
110576,0.162858620286
110577,0.0226691104472
110579,0.0166512150317
110581,0.0260933041573
110583,0.0023287825752
110584,0.00238709128462
110588,0.00618761591613
110589,0.00739506445825
110591,0.00504005979747
110593,0.00711634242907
110598,0.00195052591152
110601,0.00405297474936
110602,0.12914724648
110603,0.00502636982128
110604,0.00906245969236
110609,0.00520254252478
110612,0.00842617452145
110614,0.0115699935704
110616,0.0606492049992
110618,0.0558801405132
110619,0.00269291503355
110621,0.0279195085168
110625,0.0747816935182
110626,0.00171187438536
110627,0.00380313699134
110629,0.00238512642682
110630,0.0204466339201
110631,0.0624964609742
110634,0.00528135895729
110635,0.00568025419489
110636,0.0111462259665
110644,0.00582256726921
110645,0.0302686840296
110647,0.0236819442362
110648,0.0440821610391
110652,0.0159820150584
110654,0.030406748876
110656,0.0120364269242
110657,0.142560392618
110658,0.00294666993432
110659,0.0336337424815
110663,0.0351013839245
110666,0.0525512881577
110667,0.338717967272
110672,0.0454003959894
110675,0.00251827808097
110676,0.0171977076679
110677,0.055767647922
110678,0.00846441928297
110679,0.00999254826456
110680,0.0125792091712
110683,0.00956845097244
110686,0.00556487496942
110687,0.104779116809
110689,0.00416520796716
110691,0.011020604521
110692,0.00794404558837
110697,0.010862021707
110699,0.00230003590696
110700,0.0940865799785
110702,0.00365333864465
110705,0.00198357575573
110706,0.0174155626446
110707,0.00123431859538
110709,0.0278368480504
110711,0.0899814367294
110712,0.00568268401548
110714,0.00668023061007
110715,0.0196513514966
110716,0.0143830385059
110718,0.0280998796225
110719,0.0207281503826
110722,0.0167691204697
110728,0.129063338041
110729,0.0145423766226
110732,0.21115359664
110735,0.183380305767
110738,0.00133696803823
110739,0.00850845873356
110740,0.00838739518076
110742,0.0363625362515
110743,0.0028412961401
110744,0.0117992404848
110745,0.0168766248971
110749,0.0686049684882
110753,0.00293171056546
110754,0.0364805720747
110757,0.0101243080571
110758,0.0123072359711
110759,0.00917560700327
110762,0.0194794442505
110764,0.0145694557577
110765,0.00399141199887
110769,0.187806636095
110770,0.00314927543513
110771,0.0185143779963
110774,0.00279424642213
110775,0.219596937299
110776,0.0349903032184
110779,0.0593537017703
110780,0.0385871492326
110782,0.0018066422781
110783,0.00867539551109
110787,0.00222629355267
110789,0.0114604961127
110790,0.0265349708498
110792,0.00543102668598
110793,0.028303431347
110794,0.0934322625399
110795,0.0432112701237
110796,0.0210702158511
110798,0.009695767425
110800,0.00378608703613
110801,0.180243894458
110802,0.00368938245811
110803,0.00149839872029
110804,0.00199398375116
110805,0.033632285893
110807,0.00397143233567
110808,0.00373161048628
110813,0.174025997519
110814,0.018237253651
110815,0.0265110488981
110816,0.154913812876
110817,0.0286923293024
110821,0.0154300779104
110824,0.017705546692
110827,0.00561898387969
110828,0.00467150378972
110829,0.0724510774016
110830,0.030048135668
110834,0.00596020370722
110835,0.0463514067233
110837,0.0381523966789
110840,0.00967659801245
110841,0.119041882455
110844,0.0238279793411
110849,0.00162491679657
110851,0.0125894946977
110855,0.202453225851
110857,0.00720685394481
110859,0.0806062892079
110863,0.00252685672604
110864,0.0294701941311
110866,0.00332574057393
110867,0.0239555388689
110871,0.0251974221319
110872,0.0256339330226
110873,0.0579849407077
110874,0.0124116688967
110876,0.0191518217325
110877,0.00221277563833
110881,0.134703397751
110884,0.110812053084
110886,0.0730903372169
110888,0.0268687307835
110891,0.0414929650724
110894,0.0624724440277
110896,0.0104810222983
110899,0.0229840930551
110900,0.0124349882826
110901,0.011032871902
110902,0.0606492049992
110903,0.0229206755757
110904,0.0251964628696
110905,0.0547897294164
110911,0.00603538705036
110912,0.00896033924073
110913,0.120097875595
110915,0.180349782109
110916,0.0260883588344
110917,0.213280916214
110918,0.0343687832355
110919,0.0462469160557
110920,0.00583198713139
110921,0.00131014583167
110922,0.047438185662
110926,0.016784183681
110927,0.0187402032316
110928,0.0209021735936
110932,0.0015279337531
110934,0.0141537506133
110939,0.0166386086494
110941,0.0113267330453
110943,0.0826407894492
110944,0.00148291734513
110946,0.0172909609973
110947,0.0367538407445
110948,0.00894757732749
110950,0.0220291353762
110952,0.0319837071002
110956,0.00973762571812
110958,0.0023965141736
110959,0.00948811508715
110962,0.0161656923592
110963,0.0196028240025
110964,0.181563213468
110965,0.00448620971292
110967,0.00522867077962
110969,0.0241459012032
110971,0.00684354733676
110973,0.0254196468741
110974,0.0169970728457
110975,0.00295078312047
110978,0.0947545915842
110979,0.0218016114086
110980,0.23593723774
110982,0.0460894666612
110983,0.00964514166117
110985,0.00180045969319
110986,0.00263277068734
110987,0.0177695006132
110988,0.0109791168943
110989,0.00215005502105
110990,0.00234879041091
110992,0.0138364518061
110993,0.0176788792014
110995,0.0855879709125
110996,0.0895608514547
110997,0.0904565155506
111000,0.0183503776789
111001,0.00251346174628
111002,0.152603775263
111003,0.00138655572664
111004,0.0122703565285
111007,0.0762132406235
111008,0.00476514874026
111010,0.00494478223845
111011,0.0108019839972
111018,0.0128404321149
111019,0.00163213931955
111021,0.00341152888723
111022,0.00973656866699
111024,0.00644179433584
111025,0.102683693171
111028,0.0104035707191
111030,0.105507969856
111033,0.0201185066253
111035,0.0310811270028
111036,0.0417164266109
111037,0.0930770859122
111038,0.00203206110746
111040,0.00179397047032
111048,0.0539845637977
111049,0.0159722324461
111050,0.01578848809
111051,0.00371998874471
111052,0.0728623345494
111053,0.00726547744125
111054,0.00766007322818
111055,0.0366087183356
111056,0.00808399356902
111057,0.00282191485167
111058,0.14775505662
111061,0.0103054353967
111062,0.00289483810775
111064,0.00252671982162
111067,0.0721904337406
111069,0.00225296174176
111070,0.0489441715181
111071,0.00479045929387
111073,0.00257070781663
111076,0.0124012744054
111077,0.00156857410911
111079,0.011020604521
111081,0.00349194905721
111083,0.00616333168
111086,0.0337257534266
111094,0.00630256393924
111095,0.00265807448886
111098,0.00936609134078
111101,0.0163835417479
111102,0.00185422832146
111103,0.0524552278221
111105,0.0123849334195
111116,0.0851101055741
111117,0.00509137706831
111118,0.00270536821336
111119,0.0130673227832
111120,0.0024362297263
111121,0.0450112372637
111122,0.0272182580084
111123,0.132234349847
111124,0.00192238762975
111127,0.0324341244996
111128,0.012863766402
111130,0.21727155149
111132,0.0199820008129
111134,0.169032543898
111135,0.0547016263008
111139,0.00747775286436
111141,0.00894369278103
111142,0.0196028240025
111143,0.00245550530963
111147,0.0183712504804
111150,0.10982389003
111152,0.150433465838
111157,0.0110296048224
111158,0.125423595309
111161,0.02383540757
111166,0.00573730887845
111168,0.0130419861525
111170,0.0016326024197
111171,0.0236642509699
111172,0.00426824064925
111173,0.0357619933784
111176,0.0803401395679
111178,0.00138130283449
111180,0.00755061767995
111182,0.00590729294345
111184,0.322277605534
111185,0.0201287325472
111189,0.018542598933
111190,0.0608997754753
111191,0.00971553381532
111192,0.0109397321939
111195,0.00346247549169
111196,0.00318631483242
111197,0.0197828058153
111198,0.00247087259777
111200,0.00178621325176
111201,0.177686169744
111205,0.0038777734153
111206,0.00139143224806
111207,0.00923652015626
111208,0.0609758719802
111209,0.0165611281991
111210,0.0187829416245
111214,0.00143579393625
111215,0.00216127373278
111218,0.0454525537789
111219,0.005448944401
111221,0.475108027458
111222,0.0130662033334
111223,0.00527350883931
111225,0.00851486530155
111228,0.157424986362
111230,0.0357180535793
111231,0.0179584454745
111239,0.00996581744403
111244,0.0371376536787
111248,0.0362563617527
111251,0.0202434845269
111252,0.115371063352
111253,0.0520669668913
111255,0.0131771760061
111257,0.0399656444788
111259,0.0081803239882
111260,0.0294616706669
111262,0.0104100285098
111267,0.00196891184896
111269,0.05352159217
111270,0.0177254695445
111273,0.105572409928
111274,0.00248049199581
111275,0.0525927990675
111276,0.00616065738723
111280,0.00527002569288
111282,0.00185585999861
111283,0.0233505573124
111287,0.0196526665241
111289,0.0244053062052
111291,0.0256227478385
111292,0.0367920771241
111293,0.0542133636773
111294,0.00563704455271
111295,0.00445123575628
111300,0.00620507542044
111301,0.013239257969
111302,0.0112507762387
111304,0.235649988055
111306,0.269934564829
111307,0.00271980813704
111308,0.00988928228617
111309,0.0027065614704
111310,0.00261789513752
111312,0.00260637258179
111313,0.0265349708498
111314,0.0138498544693
111316,0.0229344982654
111317,0.00948811508715
111318,0.00194413785357
111319,0.0563813708723
111320,0.162050962448
111322,0.0117057459429
111323,0.00286150537431
111324,0.246684148908
111325,0.0120799737051
111326,0.0356639698148
111327,0.0171541851014
111328,0.0742440670729
111329,0.0749192461371
111330,0.00337066105567
111332,0.017193492502
111338,0.0106811886653
111339,0.00354766799137
111342,0.00371246435679
111343,0.00511375861242
111346,0.0223928708583
111347,0.0632494911551
111348,0.0118132419884
111353,0.128259539604
111355,0.272236704826
111356,0.00721944356337
111359,0.00260190665722
111360,0.0226793643087
111361,0.0190833304077
111362,0.0801270827651
111364,0.26053956151
111365,0.282061457634
111367,0.00201726797968
111368,0.00260637258179
111371,0.00145317974966
111372,0.00952840223908
111373,0.0172780510038
111375,0.187487915158
111378,0.0172679163516
111379,0.00244189146906
111383,0.0241132993251
111384,0.0246065072715
111385,0.00164308794774
111388,0.152356013656
111394,0.0461946949363
111395,0.00211027706973
111396,0.00315008219332
111397,0.19388769567
111398,0.00156771333423
111399,0.00722343241796
111400,0.104809112847
111401,0.0151927517727
111402,0.00318916933611
111403,0.00462108803913
111404,0.0025832077954
111405,0.0397328734398
111409,0.058124139905
111411,0.0114126028493
111412,0.00971564464271
111413,0.0200359001756
111418,0.00609171297401
111419,0.00325638777576
111421,0.00573065411299
111426,0.0699887424707
111427,0.145491361618
111428,0.002529629739
111430,0.00731677375734
111431,0.0202421229333
111432,0.00913750287145
111435,0.00187593547162
111436,0.0214218329638
111437,0.00311298365705
111440,0.00792870949954
111441,0.00774323940277
111443,0.00835479144007
111447,0.00819897279143
111448,0.00456775259227
111449,0.0546751096845
111452,0.0111362393945
111453,0.00229287333786
111454,0.00280756200664
111455,0.0220985990018
111456,0.0198759436607
111457,0.0026914733462
111458,0.00936308316886
111459,0.021126780659
111460,0.0099174240604
111461,0.00821729935706
111462,0.209515318274
111465,0.0196028240025
111468,0.0288714952767
111471,0.0317602641881
111472,0.0328820161521
111474,0.00342349102721
111475,0.0220412611961
111478,0.0104247312993
111480,0.0785402804613
111481,0.00718273501843
111482,0.002296223538
111483,0.00123643199913
111485,0.0220985990018
111489,0.0266910921782
111490,0.00280114682391
111491,0.0125077739358
111493,0.0609321631491
111497,0.257337063551
111508,0.0832897946239
111509,0.0100147621706
111510,0.00362928840332
111516,0.0136888213456
111517,0.13211171329
111519,0.0184628535062
111520,0.0694559067488
111522,0.0216577872634
111523,0.0207412149757
111524,0.0226107314229
111526,0.00509229721501
111529,0.00243599899113
111530,0.0606492049992
111539,0.00308126141317
111541,0.0526075921953
111546,0.128259539604
111547,0.0199485570192
111549,0.00594987301156
111551,0.00892464630306
111552,0.0498502850533
111554,0.018802979961
111556,0.0303974971175
111557,0.0132368709892
111558,0.0298852324486
111559,0.005331158638
111560,0.116649068892
111562,0.0231669005007
111564,0.0104030650109
111566,0.207907512784
111567,0.00575455510989
111569,0.00262140342966
111573,0.13002383709
111574,0.00387152191252
111578,0.0430999435484
111580,0.00251494930126
111582,0.00352245918475
111583,0.0102277230471
111584,0.00321613880806
111586,0.0129931019619
111587,0.00282191485167
111590,0.00861386582255
111591,0.0161444786936
111592,0.009695767425
111593,0.0129775488749
111595,0.0255321282893
111598,0.116294845939
111604,0.0087824491784
111605,0.0320855826139
111606,0.0353674143553
111607,0.0882185921073
111609,0.0804372653365
111611,0.0272790268064
111612,0.00517637701705
111613,0.0018066422781
111614,0.020037766546
111617,0.0099756270647
111620,0.0026724874042
111623,0.181907817721
111626,0.0029901266098
111629,0.0589090436697
111631,0.00346794561483
111639,0.0805613473058
111641,0.00457147276029
111643,0.00291508040391
111644,0.0450775399804
111647,0.0317325331271
111651,0.00146626774222
111653,0.0190439950675
111657,0.0170059837401
111660,0.0102235628292
111661,0.00192158087157
111662,0.00356968794949
111663,0.03451365605
111664,0.0330171249807
111665,0.0259203594178
111666,0.0297600310296
111667,0.0617382489145
111668,0.0287031251937
111670,0.00796097051352
111672,0.00515469582751
111673,0.0526307448745
111674,0.00956962630153
111676,0.0114781418815
111678,0.00471384823322
111679,0.0146427256986
111681,0.00318634486757
111682,0.100595712662
111683,0.00145574763883
111684,0.025410534814
111685,0.00613829027861
111686,0.065851919353
111687,0.0121527621523
111688,0.0196028240025
111690,0.0247332789004
111694,0.0141230970621
111695,0.177686169744
111697,0.00735069951043
111701,0.308107078075
111703,0.0339366942644
111704,0.00713821547106
111707,0.216578155756
111712,0.0324069447815
111714,0.035717651248
111715,0.0143943037838
111716,0.0436762087047
111717,0.0159947611392
111718,0.00376111967489
111720,0.108116425574
111721,0.00292045460083
111722,0.0164866205305
111724,0.00845997035503
111725,0.0295774638653
111728,0.00203854730353
111731,0.0224060304463
111732,0.00360700162128
111734,0.018237715587
111736,0.0870640948415
111739,0.00160613725893
111740,0.152377322316
111741,0.0026709639933
111744,0.0600259192288
111746,0.0600304417312
111748,0.00630924478173
111749,0.106724046171
111754,0.00273561989889
111757,0.00353628443554
111759,0.00169688917231
111760,0.0434262007475
111761,0.0145694557577
111762,0.0126844393089
111768,0.029153669253
111769,0.0142914820462
111770,0.177686169744
111772,0.136850371957
111773,0.174585416913
111774,0.0089537743479
111775,0.0318670943379
111777,0.0247871447355
111778,0.00631918944418
111780,0.00963910855353
111781,0.0143397655338
111782,0.0512462630868
111786,0.0179995130748
111788,0.00319966417737
111790,0.0234029144049
111792,0.024182876572
111794,0.0112859616056
111795,0.0411085449159
111796,0.0756066516042
111798,0.0114483265206
111801,0.174728617072
111803,0.0145222190768
111805,0.0609686113894
111806,0.00297769275494
111807,0.00667925877497
111809,0.0904342979193
111811,0.0167697351426
111812,0.00821729935706
111815,0.00571646168828
111816,0.00563344825059
111821,0.00548872537911
111823,0.195299610496
111824,0.0258034057915
111825,0.00865487847477
111826,0.0642859712243
111827,0.00431690271944
111828,0.0111362393945
111829,0.00232367636636
111830,0.00729271536693
111831,0.011020604521
111832,0.0595527514815
111835,0.0324541218579
111836,0.0141994468868
111839,0.0447926819324
111840,0.0152279986069
111841,0.00266026868485
111842,0.00256887706928
111844,0.00130634114612
111845,0.00183102290612
111848,0.0128933722153
111849,0.0833928287029
111850,0.0635834187269
111851,0.0196028240025
111852,0.0545856021345
111853,0.171088069677
111855,0.00826951768249
111856,0.00651879282668
111858,0.0196028240025
111859,0.0196028240025
111860,0.0115818651393
111862,0.060315489769
111864,0.0198623016477
111866,0.0569003671408
111869,0.00650355499238
111870,0.00170450739097
111872,0.0260921940207
111873,0.0187401939183
111875,0.0176496468484
111877,0.152990862727
111880,0.0161603912711
111882,0.017388002947
111883,0.224986150861
111884,0.181669875979
111885,0.00374502385966
111886,0.0188402608037
111887,0.00390231818892
111888,0.0030056303367
111890,0.00189999758732
111893,0.0113081661984
111898,0.063953615725
111901,0.0490266643465
111903,0.0155803700909
111904,0.0243744868785
111907,0.11988093704
111908,0.142393872142
111909,0.212290167809
111912,0.0209098309278
111914,0.00973925366998
111915,0.00909532885998
111918,0.00278210733086
111922,0.024488940835
111923,0.00850129779428
111924,0.00928866211325
111925,0.0409752503037
111926,0.0115757090971
111930,0.106349952519
111931,0.00907570123672
111934,0.00905877351761
111935,0.0205282233655
111938,0.012865351513
111941,0.225221693516
111945,0.23059925437
111951,0.0108613763005
111952,0.0169927068055
111955,0.0387253575027
111958,0.0196028240025
111959,0.0138981165364
111962,0.00492741307244
111963,0.0101514915004
111966,0.00325468252413
111968,0.115707963705
111969,0.00258954172023
111978,0.0398102588952
111980,0.145297750831
111985,0.0164441186935
111986,0.0153966257349
111988,0.0141994468868
111990,0.00225458084606
111994,0.0137676317245
111995,0.00973762571812
111997,0.0138652063906
112000,0.00804432108998
112001,0.0303743630648
112002,0.0171977076679
112006,0.20652423799
112007,0.048413194716
112010,0.00149991060607
112011,0.0227479208261
112015,0.0196028240025
112016,0.0409752503037
112017,0.0412452891469
112019,0.00838751345873
112023,0.295896679163
112027,0.010007686913
112033,0.00598681624979
112035,0.0781110227108
112037,0.0628558024764
112038,0.0216001253575
112039,0.00792704802006
112040,0.0134095875546
112041,0.11055996269
112043,0.0145953213796
112044,0.184085413814
112046,0.0161236412823
112050,0.00309595069848
112053,0.122822143137
112055,0.0101034073159
112056,0.0369600616395
112062,0.0467618107796
112063,0.00372520042583
112065,0.240029811859
112066,0.08166629076
112070,0.0617781430483
112071,0.00936860498041
112072,0.00756546761841
112074,0.0196028240025
112075,0.0432806015015
112077,0.0213467869908
112081,0.0110763637349
112082,0.0588425174356
112083,0.00390437804163
112085,0.0150052383542
112086,0.0495456121862
112088,0.0196028240025
112090,0.0636986121535
112093,0.0103466799483
112094,0.00225327257067
112095,0.0130195459351
112100,0.00458745518699
112101,0.0417579635978
112103,0.0630447492003
112104,0.00685775093734
112106,0.00381056219339
112107,0.00241441163234
112110,0.00240925559774
112111,0.00140001752879
112112,0.0166336093098
112114,0.0253015384078
112115,0.0447204336524
112119,0.0335806757212
112121,0.183883950114
112122,0.00292720342986
112124,0.0159947611392
112125,0.0110124284402
112127,0.0267371870577
112131,0.0385396741331
112133,0.0287898853421
112138,0.00994114391506
112139,0.00790142081678
112142,0.0126976361498
112143,0.00250108516775
112145,0.00978048611432
112147,0.00929421093315
112148,0.0133766159415
112150,0.0034049579408
112151,0.0333684682846
112152,0.0171491932124
112154,0.0119169307873
112155,0.13211171329
112159,0.00390126579441
112162,0.00820312276483
112165,0.0235828571022
112166,0.00974090024829
112169,0.193417623639
112170,0.0140466783196
112171,0.124271787703
112172,0.0477684102952
112173,0.0014040217502
112174,0.0582175888121
112177,0.00871661584824
112179,0.0211596228182
112181,0.225965797901
112183,0.00153967249207
112188,0.00340008432977
112189,0.0584919713438
112192,0.00342390150763
112195,0.00266079371795
112196,0.00977605395019
112198,0.00678594550118
112199,0.0120688881725
112202,0.260215103626
112206,0.0248239506036
112207,0.00301130535081
112208,0.00364667666145
112212,0.0189208146185
112213,0.0771677345037
112215,0.242606192827
112216,0.0614114105701
112217,0.00814056023955
112218,0.0645695701241
112220,0.0345787890255
112222,0.036345731467
112224,0.0260132160038
112225,0.069143936038
112228,0.0387968234718
112229,0.212880223989
112230,0.0200653411448
112233,0.0372371450067
112235,0.0326774269342
112237,0.0461321100593
112238,0.00837678927928
112240,0.0230062212795
112245,0.0027814686764
112249,0.00817676074803
112250,0.0381646603346
112251,0.0154016269371
112255,0.00237686140463
112258,0.0210629682988
112261,0.00520058814436
112262,0.0934772342443
112268,0.0110961617902
112269,0.00251631089486
112270,0.00929417554289
112272,0.0126535361633
112273,0.249223917723
112274,0.0477696098387
112277,0.0193717163056
112278,0.0175545420498
112279,0.00963910855353
112280,0.0653532221913
112283,0.00137329823337
112284,0.0126726850867
112286,0.0581539198756
112289,0.0254055634141
112290,0.0468197017908
112291,0.00321148289368
112297,0.0540412291884
112298,0.00894646998495
112299,0.00937336776406
112301,0.00116271944717
112302,0.0216796565801
112304,0.00518478406593
112305,0.0100829070434
112306,0.0258636604995
112307,0.003540760139
112310,0.127867564559
112311,0.0255556125194
112313,0.0110521502793
112314,0.00238229497336
112315,0.00563661707565
112317,0.0107755875215
112320,0.00839552842081
112324,0.00675377994776
112328,0.00497945770621
112329,0.0293729100376
112330,0.00199361448176
112331,0.126869753003
112335,0.0166891794652
112336,0.0296434499323
112337,0.136899277568
112338,0.0318670943379
112342,0.0119531443343
112343,0.0353367291391
112344,0.0110331680626
112352,0.00265605910681
112353,0.00198918231763
112354,0.037667427212
112356,0.285179615021
112358,0.0111126443371
112359,0.00614413712174
112360,0.00913754943758
112361,0.00364850647748
112362,0.0285372249782
112366,0.00309422495775
112367,0.00893074739724
112368,0.00137400662061
112371,0.00439227791503
112372,0.00618219049647
112376,0.025242280215
112377,0.213239863515
112381,0.0306909624487
112383,0.0304364822805
112385,0.0116279236972
112386,0.0203315895051
112392,0.0372911430895
112397,0.00243156845681
112398,0.10326679796
112399,0.00632054870948
112400,0.0298029687256
112403,0.0103401103988
112404,0.0186517983675
112406,0.0335176810622
112407,0.00630156928673
112413,0.187487915158
112414,0.0070054801181
112415,0.0059517743066
112416,0.00179174391087
112421,0.0104424785823
112422,0.0311733875424
112425,0.0357591435313
112428,0.00911292713135
112430,0.0415044873953
112432,0.0450147092342
112433,0.00149649940431
112434,0.0210681650788
112435,0.202894717455
112437,0.0056923860684
112438,0.0494085922837
112439,0.00748838065192
112440,0.00836039055139
112441,0.0193540658802
112443,0.00238062627614
112445,0.0399656444788
112449,0.0487616099417
112453,0.0098972460255
112458,0.0131813371554
112461,0.00985003355891
112463,0.219271078706
112464,0.00507081765682
112465,0.0429965294898
112467,0.00671232072636
112469,0.0385871492326
112472,0.0132080530748
112473,0.0163356605917
112475,0.0149201843888
112477,0.0110521502793
112480,0.163819298148
112481,0.00801520422101
112482,0.0132455816492
112483,0.103925377131
112485,0.00225371867418
112487,0.0414110310376
112488,0.00609278166667
112489,0.00136408780236
112492,0.00255249859765
112494,0.0170453581959
112496,0.00766839273274
112497,0.00727304024622
112498,0.0152202285826
112499,0.0160005856305
112501,0.0976387187839
112503,0.0329576060176
112505,0.0301176961511
112510,0.0325740836561
112511,0.0324636846781
112513,0.00261519500054
112516,0.029974963516
112517,0.21115359664
112518,0.0209086835384
112519,0.0150631954893
112521,0.0143389580771
112523,0.0154521670192
112526,0.0188457295299
112527,0.0520868562162
112528,0.0440997779369
112529,0.0510598830879
112531,0.021861705929
112532,0.00187434151303
112536,0.0101373521611
112541,0.00932539161295
112545,0.00561379361898
112548,0.212300986052
112551,0.0566000528634
112552,0.00246194936335
112553,0.00274244253524
112559,0.00201271334663
112564,0.0026295511052
112569,0.0206053890288
112570,0.0154300779104
112572,0.00444422336295
112573,0.0157934911549
112575,0.0100443903357
112576,0.00745296385139
112577,0.00253622792661
112578,0.296508073807
112579,0.00474906107411
112580,0.0147355552763
112581,0.0284666437656
112583,0.0338317900896
112585,0.0196028240025
112589,0.0092496117577
112595,0.210954234004
112596,0.0174062866718
112597,0.0144205093384
112599,0.0570422410965
112602,0.162677839398
112603,0.00949822552502
112606,0.0106218997389
112609,0.00529847573489
112611,0.00136408780236
112614,0.0172164719552
112616,0.00279107131064
112617,0.207943752408
112621,0.0211926288903
112626,0.0171373747289
112627,0.105176113546
112628,0.00145211385097
112629,0.164334267378
112630,0.00238813064061
112632,0.00251988111995
112634,0.00497319595888
112636,0.0015124285128
112643,0.0014140488347
112645,0.0353393740952
112646,0.0159080792218
112647,0.0210459418595
112648,0.179068952799
112650,0.00577436294407
112651,0.104809112847
112652,0.0109206577763
112653,0.0117801241577
112655,0.08319889009
112658,0.00155779486522
112663,0.0149725144729
112664,0.00275806174614
112665,0.108374685049
112667,0.181669875979
112668,0.12674613297
112669,0.00489604612812
112674,0.003571937792
112675,0.00351056084037
112677,0.00429535843432
112680,0.0545072592795
112682,0.00445009022951
112683,0.0206129830331
112684,0.0149547467008
112685,0.00116966851056
112686,0.0141994468868
112687,0.00176247605123
112689,0.0323183164001
112691,0.115398034453
112694,0.00305488915183
112695,0.0293388757855
112696,0.0121207237244
112698,0.0131864305586
112699,0.014946446754
112700,0.0127104530111
112703,0.00799526367337
112710,0.0292178317904
112711,0.0144817512482
112712,0.00272896629758
112713,0.0937738195062
112715,0.00523855350912
112716,0.0159924123436
112719,0.00337377027608
112720,0.180871874094
112723,0.0264940150082
112724,0.015498357825
112726,0.00346248690039
112727,0.0465051606297
112729,0.00711125368252
112730,0.0506635606289
112731,0.0167282484472
112732,0.0146528137848
112734,0.0066377944313
112737,0.00932539161295
112739,0.116230845451
112743,0.00342354504392
112744,0.204702422023
112745,0.0115904826671
112747,0.00973656866699
112748,0.0534144565463
112752,0.00336178904399
112753,0.00372932781465
112754,0.0509849637747
112755,0.00193787494209
112756,0.00232019578107
112759,0.0558115206659
112761,0.00644877785817
112762,0.0303099043667
112763,0.045062251389
112764,0.00143379706424
112766,0.0296068005264
112767,0.202542096376
112771,0.0121743278578
112773,0.00343822780997
112774,0.00424688309431
112776,0.00116271944717
112780,0.00707112345845
112782,0.0115079972893
112785,0.0566640086472
112788,0.0244985185564
112792,0.0229271110147
112795,0.00860341172665
112800,0.214597508311
112803,0.0518897287548
112809,0.00282430578955
112812,0.0245007928461
112813,0.105336204171
112820,0.00481395656243
112821,0.00999254826456
112824,0.0115922037512
112826,0.22136682272
112827,0.00200429442339
112829,0.00621845992282
112832,0.00398256117478
112836,0.00495263887569
112838,0.033550798893
112839,0.0172205138952
112840,0.0157229136676
112841,0.144591778517
112842,0.00445895921439
112843,0.0254015382379
112846,0.220481306314
112847,0.00253783073276
112850,0.107934780419
112851,0.0329048000276
112854,0.0818245336413
112855,0.0424199104309
112856,0.055059209466
112857,0.140270546079
112858,0.00553452922031
112859,0.00311720231548
112861,0.0937378928065
112864,0.0132649159059
112865,0.00215354631655
112866,0.00673442380503
112867,0.0877116769552
112869,0.0233658831567
112870,0.00622024573386
112871,0.0372371450067
112872,0.0285137761384
112873,0.0161201003939
112874,0.00373566127382
112875,0.0109074348584
112878,0.0272775031626
112880,0.0046617295593
112881,0.008271003142
112882,0.219651296735
112889,0.0330580435693
112890,0.0316680558026
112892,0.0876649096608
112894,0.12952901423
112900,0.163174331188
112903,0.0078299716115
112905,0.0450681112707
112909,0.00751946913078
112912,0.0391257144511
112913,0.0239920523018
112914,0.0184250157326
112916,0.00203918293118
112918,0.00173245393671
112921,0.0730797573924
112922,0.0118838157505
112923,0.00447720661759
112926,0.0023051132448
112927,0.0028913510032
112928,0.00345127750188
112929,0.0218086410314
112930,0.0164594892412
112932,0.0171330049634
112933,0.009910389781
112934,0.0524577051401
112935,0.0146184172481
112936,0.026346385479
112937,0.0220291353762
112938,0.00127858994529
112939,0.00713821547106
112940,0.00671232072636
112946,0.0137590952218
112947,0.00320441112854
112949,0.00158744573127
112950,0.0192808825523
112951,0.0255321282893
112953,0.00372540554963
112959,0.052633870393
112960,0.22136682272
112961,0.0159457083791
112962,0.0135895935819
112963,0.0017135302769
112964,0.0167057923973
112965,0.00850563123822
112968,0.00308147375472
112969,0.0213386844844
112971,0.142393872142
112973,0.00130828982219
112975,0.0143397655338
112980,0.0157547798008
112981,0.00932539161295
112982,0.0675066560507
112984,0.159745484591
112987,0.00229013361968
112990,0.009695767425
112991,0.0172191914171
112992,0.00267401034944
112995,0.159745484591
112997,0.0108121130615
112998,0.0136637222022
112999,0.0015207445249
113000,0.110655575991
113003,0.00568910222501
113004,0.0032076779753
113006,0.0453116558492
113009,0.179950639606
113010,0.247308284044
113011,0.026196854189
113013,0.00173567724414
113017,0.121064588428
113018,0.208542972803
113019,0.0810682401061
113021,0.00498726032674
113023,0.0722459405661
113024,0.00462429784238
113025,0.0409752503037
113026,0.0125465029851
113030,0.00963910855353
113032,0.218385770917
113036,0.0391787774861
113038,0.00724819442257
113041,0.00245339307003
113043,0.0383739285171
113044,0.0799940824509
113047,0.151890903711
113052,0.0327604226768
113054,0.00221351813525
113057,0.0196028240025
113059,0.030389117077
113061,0.183486416936
113065,0.00401097489521
113066,0.00138863699976
113067,0.147958263755
113069,0.033384885639
113071,0.0100031392649
113072,0.101815871894
113075,0.222242429852
113076,0.248230293393
113078,0.00221277563833
113079,0.0203273948282
113080,0.012885752134
113081,0.0300910193473
113082,0.0368711911142
113087,0.0229495167732
113091,0.0273611918092
113094,0.00332415732555
113096,0.0173270534724
113098,0.0168823227286
113101,0.0162729024887
113105,0.00921955704689
113106,0.0362062864006
113108,0.0703170001507
113111,0.0416441373527
113112,0.0321033000946
113113,0.00144662195817
113114,0.00929045304656
113115,0.00309880124405
113116,0.0171456970274
113119,0.0310625266284
113120,0.168499335647
113124,0.00450030434877
113125,0.0884787812829
113126,0.00236367131583
113129,0.0012475050753
113131,0.00973656866699
113134,0.00334667600691
113136,0.0142688760534
113150,0.109940163791
113153,0.221054270864
113154,0.0356354601681
113156,0.0150750782341
113157,0.00937619339675
113159,0.143977314234
113160,0.0028412961401
113161,0.0067946286872
113162,0.00289148301817
113164,0.00375450402498
113165,0.00240790471435
113166,0.0185357742012
113167,0.146014049649
113170,0.0058548101224
113173,0.0367084890604
113174,0.0220753643662
113175,0.00139847118407
113176,0.0323661752045
113177,0.00853415299207
113179,0.0196028240025
113184,0.0015740172239
113188,0.0679353922606
113191,0.0255321282893
113192,0.100136555731
113193,0.00973762571812
113196,0.00272272876464
113197,0.0121097490191
113199,0.0249327234924
113200,0.00930370856076
113202,0.00471690250561
113204,0.00249372865073
113207,0.0108623337001
113209,0.00343300052918
113210,0.0204166788608
113211,0.0315653011203
113212,0.0167950540781
113213,0.0155026437715
113214,0.0181649830192
113218,0.0592625401914
113220,0.00191960192751
113225,0.00896883290261
113226,0.0220985990018
113227,0.0409752503037
113229,0.0170647259802
113232,0.0492763929069
113233,0.00318631483242
113235,0.00260596629232
113240,0.00176752021071
113242,0.0315265506506
113243,0.0466215163469
113245,0.0211455188692
113247,0.0066473595798
113248,0.0811919271946
113250,0.010220721364
113252,0.0588111653924
113255,0.0131840789691
113256,0.00913292728364
113257,0.0354534350336
113258,0.00816929340363
113260,0.0198759436607
113261,0.046294555068
113263,0.00440543005243
113264,0.08423050493
113265,0.0200836043805
113266,0.00782677158713
113270,0.0211500395089
113273,0.0114535717294
113277,0.208356887102
113278,0.156180977821
113281,0.013737344183
113282,0.00822900421917
113286,0.0250824987888
113290,0.00931372493505
113293,0.0255199708045
113295,0.0938003733754
113302,0.0304845925421
113306,0.123975254595
113307,0.00161057664081
113310,0.00248049199581
113311,0.0023694219999
113312,0.0120820337906
113317,0.120740614831
113319,0.00531259039417
113322,0.00392844714224
113323,0.0162476412952
113324,0.0785402804613
113325,0.00404742965475
113326,0.0139828817919
113327,0.00869880523533
113329,0.00438306480646
113332,0.00813694857061
113335,0.0190917737782
113338,0.0984049290419
113340,0.0145125584677
113342,0.0732070803642
113344,0.0507556647062
113347,0.00253501371481
113350,0.025944147259
113354,0.180243894458
113358,0.00125270546414
113360,0.0409752503037
113361,0.18339176476
113362,0.0242162849754
113363,0.154825642705
113366,0.00679498864338
113369,0.277485072613
113372,0.00394768593833
113373,0.00245460961014
113376,0.00268246629275
113378,0.0126581965014
113380,0.220385372639
113381,0.00293857627548
113382,0.0249693766236
113383,0.0094132386148
113384,0.0561167821288
113385,0.00123424280901
113386,0.0141994468868
113388,0.125777378678
113390,0.00384731264785
113395,0.0022924314253
113399,0.00410164892673
113400,0.00339624285698
113401,0.00985003355891
113402,0.00715215224773
113403,0.159745484591
113404,0.0154300779104
113405,0.00386426132172
113408,0.0138911074027
113410,0.00146505085286
113413,0.154999613762
113415,0.00339309708215
113421,0.0440806150436
113422,0.00564291188493
113423,0.0218496210873
113424,0.0128731848672
113428,0.0130153493956
113429,0.153012394905
113430,0.20031157136
113433,0.0107506085187
113434,0.00890132039785
113435,0.0173213724047
113438,0.0180705301464
113439,0.00455007981509
113441,0.00295597687364
113442,0.00827405508608
113444,0.0196028240025
113448,0.0188978370279
113449,0.209515318274
113450,0.0105350045487
113451,0.0227747987956
113460,0.0489409938455
113462,0.0229729712009
113463,0.034197229892
113464,0.00637119170278
113465,0.0218732357025
113467,0.0108937593177
113470,0.0239894278347
113472,0.00512278126553
113473,0.0260677840561
113475,0.00703466776758
113476,0.0158415399492
113479,0.0412360802293
113481,0.0223373621702
113483,0.0242706146091
113485,0.00907413568348
113489,0.208073496819
113491,0.0639132782817
113494,0.0141551755369
113498,0.0101374145597
113499,0.212934240699
113500,0.0023388536647
113504,0.00228117476217
113505,0.0025966106914
113507,0.157418474555
113508,0.0327610783279
113509,0.0543905980885
113512,0.00600807089359
113514,0.0143627468497
113515,0.00405579386279
113516,0.180871874094
113517,0.00861488375813
113518,0.00259455060586
113521,0.0882185921073
113524,0.0606492049992
113529,0.121485717595
113530,0.00191752554383
113531,0.0045382315293
113532,0.073253415525
113536,0.221428334713
113537,0.0150098120794
113540,0.0229926351458
113544,0.167942419648
113548,0.209551289678
113549,0.0404035970569
113554,0.167927995324
113555,0.0149229262024
113556,0.0108764069155
113557,0.0189937613904
113559,0.0227026864886
113563,0.0377647839487
113565,0.0362563617527
113566,0.0033698331099
113568,0.033689532429
113569,0.00273443385959
113570,0.00668689981103
113571,0.0173452254385
113573,0.0474386177957
113576,0.00158041098621
113578,0.0371386706829
113579,0.0664740502834
113580,0.00612004287541
113582,0.00835662800819
113584,0.00438678264618
113585,0.00779367145151
113588,0.00999254826456
113589,0.00168815639336
113591,0.0103433411568
113594,0.0302100535482
113597,0.00974737480283
113602,0.0128286574036
113603,0.100085511804
113605,0.0196128748357
113608,0.082267858088
113609,0.00296052102931
113612,0.00270370161161
113617,0.0637478381395
113618,0.0210878029466
113619,0.0116411382332
113622,0.00366858555935
113623,0.14669919014
113624,0.0128117483109
113625,0.0773447826505
113627,0.193703815341
113628,0.0190526228398
113629,0.0192418303341
113632,0.0176651217043
113634,0.074167445302
113635,0.0361774936318
113637,0.00368314655498
113639,0.0222426727414
113641,0.031863655895
113642,0.0276013128459
113644,0.00770222581923
113646,0.199514046311
113648,0.193744167686
113651,0.00371129717678
113652,0.0789598301053
113653,0.0353671647608
113654,0.0185707136989
113656,0.00818768143654
113657,0.00511498609558
113659,0.0844995602965
113660,0.0165745522827
113663,0.116833657026
113664,0.00476155243814
113665,0.00131210195832
113666,0.00135569798294
113667,0.0175545420498
113668,0.00243770657107
113670,0.00731767108664
113673,0.00125270546414
113678,0.118464827538
113680,0.0227274186909
113682,0.176090672612
113686,0.00197631749325
113687,0.0165611281991
113689,0.0726664736867
113691,0.00370756117627
113692,0.00835540704429
113693,0.0582283362746
113695,0.00376700051129
113696,0.0230444930494
113697,0.00240723812021
113698,0.009212420322
113699,0.00443835789338
113700,0.0186081212014
113702,0.0284949205816
113703,0.00604859460145
113704,0.0196526665241
113706,0.026837579906
113707,0.00776714505628
113708,0.0111362393945
113709,0.180243894458
113710,0.0353643409908
113712,0.00544425053522
113718,0.357718974352
113720,0.0382549464703
113726,0.140334144235
113730,0.00314162764698
113732,0.327693104744
113733,0.0154300779104
113734,0.032471742481
113735,0.013607355766
113736,0.0124696195126
113737,0.00261162640527
113738,0.0214420426637
113739,0.00931606628001
113743,0.00892424583435
113747,0.0141994468868
113749,0.0498096011579
113750,0.151062294841
113753,0.00868831481785
113756,0.00724334456027
113760,0.00537734804675
113761,0.00657580792904
113762,0.00794404558837
113765,0.00334842712618
113768,0.0314872339368
113769,0.0560895167291
113770,0.018693909049
113774,0.00440008379519
113775,0.00523206405342
113776,0.00926091894507
113778,0.0171234048903
113779,0.0397302620113
113780,0.0196028240025
113783,0.0106090083718
113786,0.0193421375006
113787,0.00278833485208
113794,0.112330824137
113795,0.0103855160996
113797,0.29281488061
113800,0.0139423627406
113801,0.0270947888494
113802,0.0731310173869
113803,0.0367035977542
113806,0.0163320302963
113807,0.00269940658472
113808,0.00726968422532
113809,0.0391817651689
113810,0.00288626365364
113812,0.0196028240025
113813,0.0121925873682
113814,0.0222653057426
113816,0.0803371220827
113821,0.00496247084811
113822,0.0998937860131
113824,0.204878792167
113825,0.01292338036
113826,0.00381424184889
113827,0.233707681298
113829,0.0018428460462
113831,0.180504560471
113832,0.0509007945657
113835,0.0133056147024
113836,0.00890703033656
113837,0.102757923305
113838,0.0232644788921
113841,0.00251883408055
113844,0.0141994468868
113846,0.089226230979
113851,0.0448210723698
113855,0.00124681252055
113858,0.00872825458646
113861,0.113619543612
113862,0.0125329298899
113863,0.174728617072
113864,0.0172445308417
113865,0.00569306313992
113866,0.112279377878
113867,0.0418361313641
113872,0.249476522207
113875,0.186251550913
113876,0.0427754670382
113878,0.0601323544979
113879,0.0732070803642
113880,0.0796642750502
113882,0.00982218235731
113883,0.0308487061411
113886,0.00270014884882
113888,0.0344162508845
113892,0.0047404053621
113893,0.00912717636675
113894,0.00295039429329
113895,0.00203927024268
113896,0.00466430140659
113897,0.00559657951817
113898,0.0141994468868
113902,0.0329960100353
113904,0.0117751294747
113907,0.00343260564841
113908,0.00236720475368
113909,0.0023549341131
113912,0.0606584958732
113913,0.00460785720497
113914,0.00816759373993
113915,0.0299797784537
113916,0.0220985990018
113917,0.177458405495
113918,0.0166211891919
113922,0.0105114001781
113925,0.0153870359063
113926,0.176368325949
113928,0.00221515516751
113929,0.0422579236329
113930,0.0209063515067
113932,0.00701248971745
113933,0.00244739162736
113935,0.00146568205673
113937,0.0282188747078
113939,0.00650787586346
113944,0.00628313142806
113945,0.0301591809839
113946,0.0643561929464
113947,0.00212995265611
113948,0.0204713083804
113950,0.0142845856026
113951,0.0296434499323
113953,0.0138944648206
113957,0.00208125682548
113959,0.00917796604335
113960,0.0345430001616
113962,0.126444965601
113964,0.0673502832651
113966,0.047061752528
113970,0.00971564464271
113972,0.00946197006851
113973,0.0179362166673
113974,0.112211540341
113980,0.23104120791
113983,0.0307153761387
113985,0.031863655895
113986,0.00210486771539
113987,0.0196028240025
113988,0.0119205480441
113990,0.139976784587
113991,0.0276901870966
113994,0.0284975469112
113995,0.0100709106773
113997,0.201094016433
113998,0.0947358012199
113999,0.0168278012425
114002,0.0391530357301
114008,0.00948758143932
114009,0.0400613769889
114010,0.010939550586
114011,0.213366061449
114018,0.0151217635721
114019,0.014629391022
114020,0.0124312927946
114021,0.00539421662688
114022,0.108803920448
114023,0.00803682114929
114024,0.0965338200331
114025,0.0120688881725
114026,0.180243894458
114029,0.0172192472965
114031,0.0450422801077
114032,0.0129052354023
114033,0.00250391103327
114037,0.00245711300522
114040,0.0162251647562
114041,0.00488733220845
114042,0.0141994468868
114044,0.00476853270084
114045,0.00250391103327
114048,0.0650190487504
114050,0.0167085174471
114053,0.0270049851388
114055,0.00359510513954
114058,0.009695767425
114060,0.0276931207627
114062,0.0071263294667
114063,0.0133918793872
114064,0.168193012476
114065,0.0141994468868
114066,0.00798298604786
114067,0.020422808826
114068,0.00414344854653
114070,0.0232179537416
114072,0.0196526665241
114073,0.030153548345
114074,0.0160314571112
114076,0.00670239329338
114077,0.00465040653944
114078,0.00317957741208
114080,0.0137671660632
114081,0.005223472137
114084,0.0416893586516
114085,0.0222816038877
114088,0.00377262034453
114090,0.00936920195818
114091,0.00328207947314
114092,0.0227222349495
114093,0.0364803224802
114094,0.0321605727077
114099,0.00294264755212
114101,0.0222503319383
114104,0.0891698002815
114105,0.0141829960048
114108,0.0502128861845
114109,0.0154300779104
114113,0.0242706146091
114114,0.00529275694862
114116,0.0119130508974
114117,0.0167877487838
114119,0.031558778137
114121,0.00219879555516
114124,0.0283579584211
114127,0.00498829875141
114129,0.026196135208
114130,0.00375279039145
114131,0.033302359283
114132,0.0937220603228
114134,0.122107349336
114136,0.00475326180458
114137,0.00748837040737
114138,0.00551479170099
114139,0.00436640810221
114143,0.00379951298237
114144,0.00569337094203
114145,0.0638189613819
114146,0.00210329378024
114147,0.0103545105085
114149,0.0440821610391
114153,0.00470933783799
114157,0.0160208996385
114158,0.00972731783986
114163,0.11790432781
114164,0.0495470725
114165,0.0178279113024
114168,0.0642666518688
114169,0.0370389036834
114171,0.00549281062558
114174,0.00647551054135
114179,0.0234993994236
114180,0.0101627483964
114181,0.0118278414011
114184,0.116719320416
114185,0.223029628396
114186,0.0012950320961
114187,0.037641569972
114188,0.0700598210096
114189,0.00225043017417
114191,0.0086067346856
114192,0.00307299825363
114194,0.00213478133082
114198,0.157189056277
114199,0.00357398344204
114202,0.00225892290473
114203,0.00570322433487
114205,0.0123667726293
114206,0.00362384226173
114208,0.010770490393
114210,0.0152245890349
114211,0.00298377778381
114212,0.156607970595
114213,0.138605043292
114216,0.0172869265079
114217,0.00787907280028
114220,0.00219493336044
114222,0.0617064870894
114223,0.0022938856855
114226,0.0180273391306
114228,0.016939535737
114229,0.0273701474071
114235,0.0211812667549
114236,0.0498546771705
114237,0.0109165897593
114238,0.0369222462177
114239,0.0572955720127
114241,0.0167839545757
114243,0.216841384768
114244,0.00370379374363
114245,0.00725669553503
114246,0.0125529794022
114248,0.00467179203406
114249,0.39689680934
114251,0.00275783077814
114254,0.0232403818518
114256,0.0290799308568
114258,0.0165979098529
114260,0.00357059389353
114262,0.114696078002
114268,0.00295192096382
114269,0.00281383818947
114271,0.00350160291418
114276,0.039892423898
114277,0.00465957727283
114279,0.00436611380428
114282,0.0199892241508
114283,0.0103403255343
114285,0.0485791675746
114286,0.0213127378374
114287,0.106341347098
114288,0.0247100051492
114290,0.030155999586
114291,0.00189427577425
114292,0.02966321446
114293,0.00367608247325
114295,0.0289676506072
114297,0.080219656229
114300,0.0254494678229
114304,0.105032362044
114306,0.0129610747099
114307,0.180243894458
114311,0.0264715254307
114312,0.0246558710933
114313,0.00869490485638
114315,0.184308931231
114316,0.00913247372955
114317,0.00804762076586
114318,0.00309673370793
114319,0.0127695826814
114320,0.0148458275944
114325,0.0160486083478
114326,0.256829202175
114328,0.0102051086724
114332,0.00783793628216
114334,0.0121633335948
114335,0.00563935190439
114337,0.00531085720286
114338,0.13312445581
114340,0.0154300779104
114342,0.0979377031326
114343,0.0365355946124
114344,0.00384627841413
114345,0.00428496766835
114346,0.00661121075973
114348,0.0143008977175
114349,0.219100803137
114350,0.035893201828
114353,0.0315085612237
114360,0.00564912520349
114361,0.135462448001
114362,0.0374056249857
114363,0.241952970624
114369,0.035363625735
114370,0.00211344240233
114371,0.0139127308503
114374,0.0255321282893
114376,0.00278245401569
114377,0.0208508763462
114378,0.0680399984121
114379,0.221850931644
114382,0.0370120219886
114383,0.00202192808501
114384,0.0409752503037
114385,0.0209750588983
114389,0.00322128972039
114390,0.00994557514787
114395,0.196613028646
114398,0.00388440676033
114399,0.00948811508715
114401,0.0117690209299
114402,0.108803920448
114409,0.00781182199717
114410,0.00432529998943
114411,0.0243553481996
114413,0.0261902008206
114416,0.0228614024818
114417,0.241804152727
114419,0.00589395407587
114421,0.00602722587064
114424,0.00263173924759
114425,0.213589027524
114427,0.0070321066305
114428,0.0185478311032
114430,0.0318218879402
114431,0.00284884730354
114433,0.00757953291759
114435,0.0206221155822
114440,0.115699604154
114441,0.0161655396223
114446,0.0715409517288
114448,0.00739506445825
114449,0.0103417886421
114451,0.0144785055891
114459,0.132203251123
114460,0.00731935445219
114461,0.0190447550267
114462,0.030067877844
114463,0.0535797253251
114464,0.0135535337031
114465,0.4942689538
114466,0.0147674279287
114468,0.022906685248
114469,0.180243894458
114471,0.0380886383355
114473,0.079146027565
114474,0.0104081369936
114476,0.0124051244929
114480,0.0212198384106
114482,0.116083644331
114483,0.00564912520349
114486,0.00212772027589
114488,0.00931372493505
114491,0.16094866395
114493,0.0296542756259
114494,0.0103592509404
114495,0.00608009193093
114497,0.00471885548905
114499,0.0095956614241
114503,0.0324408523738
114507,0.0154300779104
114509,0.00156624964438
114510,0.00254128640518
114512,0.0140355555341
114514,0.0177084486932
114515,0.0639729127288
114518,0.0135528445244
114521,0.0028724023141
114525,0.164152786136
114527,0.0178394708782
114529,0.183093830943
114535,0.0442783348262
114536,0.0168695151806
114538,0.159745484591
114541,0.00209561758675
114542,0.020735995844
114544,0.00320919090882
114547,0.00241584633477
114548,0.0161417964846
114549,0.00858118478209
114550,0.0262646842748
114551,0.0018696639454
114552,0.00648021232337
114553,0.00348360114731
114556,0.036423638463
114557,0.00721944356337
114560,0.00222568563186
114562,0.0284484978765
114564,0.00419394718483
114565,0.115411512554
114566,0.167009264231
114567,0.002797056688
114568,0.0209674909711
114570,0.106341347098
114573,0.00802632793784
114575,0.00712432852015
114576,0.0112615702674
114577,0.22913838923
114578,0.00210536760278
114579,0.238555639982
114580,0.00953892897815
114581,0.0066490820609
114582,0.0094924448058
114585,0.0115301599726
114588,0.0361561439931
114592,0.0112351551652
114595,0.137431174517
114598,0.0418173260987
114599,0.00196058535948
114600,0.00815014820546
114601,0.123489268124
114603,0.00882567558438
114604,0.0114868674427
114605,0.0285347402096
114611,0.0220985990018
114612,0.154896631837
114613,0.0981087684631
114619,0.0145920161158
114625,0.0250949449837
114629,0.0375301279128
114631,0.106436356902
114633,0.00338734663092
114635,0.154348865151
114639,0.0385871492326
114642,0.00875591859221
114643,0.0920649245381
114644,0.0141994468868
114645,0.227852612734
114646,0.00757609726861
114649,0.0948406979442
114652,0.0174394287169
114657,0.00348409451544
114667,0.00712670385838
114668,0.0225262604654
114675,0.0245386157185
114677,0.00368158752099
114678,0.0383817479014
114679,0.0584998838603
114680,0.104809112847
114681,0.0466437116265
114682,0.0681005418301
114684,0.00523530412465
114685,0.0141994468868
114689,0.0102276261896
114690,0.00430120294914
114695,0.0453812032938
114696,0.0318670943379
114697,0.00548338424414
114698,0.00924023520201
114699,0.00612901430577
114701,0.00347038381733
114702,0.0576617345214
114703,0.00133298838045
114705,0.0158415399492
114708,0.0116339251399
114709,0.0124012744054
114710,0.00873521249741
114713,0.0182568076998
114715,0.0169952735305
114716,0.0852354541421
114718,0.212842404842
114719,0.0041572782211
114721,0.0318141020834
114723,0.0877011269331
114725,0.00401580100879
114727,0.0357243418694
114730,0.00281383818947
114731,0.12608474493
114732,0.0247164703906
114733,0.0367920771241
114734,0.110015146434
114738,0.0130804767832
114739,0.0332057997584
114741,0.0246671270579
114742,0.0282359384
114743,0.253528177738
114745,0.00303502613679
114746,0.0666129514575
114749,0.0508066564798
114750,0.00263586128131
114755,0.0221349466592
114758,0.00209387624636
114760,0.0040025585331
114761,0.0190107747912
114762,0.00580684142187
114764,0.0196028240025
114767,0.00798326544464
114768,0.0185661483556
114770,0.00562297133729
114771,0.0205036904663
114772,0.00742607051507
114776,0.184662371874
114777,0.0851866304874
114778,0.0197484288365
114779,0.0123111959547
114780,0.0191602278501
114781,0.0523780621588
114782,0.00574299646541
114785,0.00120776833501
114786,0.0349494889379
114789,0.108803920448
114791,0.033184543252
114794,0.011148695834
114796,0.00168246030807
114797,0.00281693716533
114800,0.0320051684976
114801,0.00644631264731
114802,0.00354851596057
114807,0.0255985967815
114808,0.00936860498041
114809,0.00596477696672
114811,0.0938290804625
114813,0.00631522620097
114816,0.00301832240075
114817,0.00263786269352
114819,0.0138342650607
114820,0.00280905771069
114825,0.0128755848855
114826,0.00549479573965
114828,0.0196028240025
114829,0.0178278945386
114830,0.0183773171157
114831,0.0029809421394
114833,0.0288765244186
114836,0.0285986401141
114837,0.0113904532045
114838,0.00315008219332
114840,0.0197964627296
114841,0.0432052575052
114843,0.00226492551155
114845,0.117373973131
114846,0.0038401260972
114848,0.00605930527672
114851,0.00341832335107
114854,0.00906107667834
114855,0.0233747754246
114856,0.0111152026802
114858,0.00247554527596
114862,0.0358659513295
114866,0.0477442704141
114867,0.0420003607869
114868,0.00505207804963
114869,0.0169678591192
114870,0.0018066422781
114872,0.0328362360597
114874,0.00419447291642
114876,0.0166583601385
114878,0.0313975028694
114880,0.0235211364925
114882,0.0352618396282
114884,0.0181407239288
114885,0.00187362881843
114888,0.00196517119184
114890,0.0439857468009
114891,0.00286235031672
114892,0.0113348839805
114896,0.00664405478165
114898,0.0250012520701
114900,0.0360263027251
114902,0.0216816347092
114903,0.026407154277
114904,0.033066123724
114905,0.0281824301928
114907,0.00261511397548
114908,0.00238439813256
114909,0.00739584909752
114911,0.0186056792736
114915,0.0109368367121
114917,0.0805613473058
114918,0.0349057354033
114920,0.0101740211248
114921,0.102325074375
114924,0.0102051086724
114927,0.0232368391007
114929,0.0203479398042
114930,0.0067733717151
114933,0.0130823422223
114935,0.00216043903492
114936,0.03370346874
114937,0.00227149925195
114941,0.0206448268145
114943,0.0265349708498
114947,0.0624359771609
114950,0.0308667179197
114952,0.0104482946917
114955,0.0230715498328
114956,0.154777720571
114957,0.0142843583599
114958,0.0370120219886
114959,0.0249915644526
114960,0.0120717938989
114962,0.03893224895
114963,0.152377322316
114964,0.0236017946154
114966,0.00197656312957
114970,0.00973762571812
114971,0.200412780046
114972,0.0175535138696
114975,0.00948811508715
114977,0.0141489552334
114981,0.00733119575307
114982,0.00263305730186
114983,0.00159159873147
114988,0.218028590083
114989,0.0440821610391
114991,0.00161883560941
114992,0.0588513463736
114994,0.0166918151081
114995,0.0304167475551
114997,0.22800129652
114998,0.00495203025639
114999,0.0300631336868
115001,0.107973143458
115002,0.00405907724053
115003,0.020195921883
115004,0.0175871942192
115009,0.0173615776002
115013,0.0242706146091
115015,0.0244803838432
115016,0.00528032938018
115019,0.025283979252
115020,0.00225303997286
115021,0.0053942753002
115023,0.0370933711529
115025,0.154820010066
115027,0.00848137680441
115029,0.00194105191622
115030,0.0385871492326
115031,0.00719565758482
115032,0.0616196244955
115039,0.0258733853698
115040,0.0316680558026
115041,0.00400858325884
115045,0.0248103681952
115046,0.00133853824809
115047,0.00948811508715
115049,0.00857707578689
115050,0.00173188652843
115051,0.00422908691689
115052,0.0278868284076
115053,0.130522608757
115054,0.183093830943
115055,0.063953615725
115057,0.00748034799471
115058,0.00469940016046
115060,0.109832562506
115061,0.0845552533865
115062,0.0697222426534
115063,0.0322899334133
115066,0.00206356914714
115068,0.0111362393945
115069,0.0141994468868
115070,0.0311884377152
115072,0.0029731108807
115074,0.00237981672399
115075,0.00291246362031
115076,0.00292621436529
115077,0.00309566967189
115078,0.0327649414539
115079,0.00720344576985
115080,0.0151246180758
115082,0.0592179149389
115083,0.00538582168519
115087,0.00857485458255
115088,0.00873475894332
115090,0.00754292402416
115091,0.0490902587771
115093,0.002221518429
115095,0.00334875355475
115096,0.0175485555083
115098,0.0105308890343
115102,0.00837609544396
115104,0.00291508040391
115107,0.00516178971156
115110,0.0440821610391
115113,0.106341347098
115114,0.00430815201253
115125,0.0298005715013
115126,0.00617229938507
115129,0.0241281613708
115130,0.0248536579311
115131,0.0220985990018
115134,0.00772961089388
115135,0.0131028220057
115136,0.0320737734437
115137,0.00296368822455
115142,0.00208344357088
115143,0.0156678315252
115145,0.00548904528841
115146,0.0399898812175
115149,0.00533873401582
115150,0.00853542052209
115151,0.0407298840582
115158,0.0141994468868
115159,0.00237189279869
115160,0.195407152176
115161,0.00768573861569
115162,0.0118459016085
115163,0.0588214024901
115164,0.00217571039684
115168,0.0289605017751
115169,0.203772425652
115171,0.0107427816838
115172,0.236227318645
115173,0.00141440774314
115179,0.0107659846544
115181,0.0284538082778
115182,0.00726621365175
115184,0.0413337126374
115186,0.00428294623271
115188,0.184005632997
115189,0.187487915158
115191,0.00244189146906
115192,0.0367311425507
115194,0.00484306970611
115195,0.014563809149
115196,0.00233171484433
115198,0.0470961146057
115203,0.0184512343258
115206,0.14230184257
115208,0.00678391195834
115209,0.196613028646
115210,0.0237692259252
115214,0.0722275972366
115216,0.0120362285525
115224,0.0620727576315
115226,0.00386400427669
115229,0.00507857650518
115230,0.016509545967
115233,0.148503661156
115236,0.00223645125516
115238,0.00252856034786
115239,0.00305353011936
115241,0.0570283420384
115248,0.0154300779104
115249,0.0780774280429
115250,0.0141994468868
115251,0.0548770129681
115252,0.0145993418992
115256,0.0152630917728
115258,0.00905450712889
115260,0.00948976445943
115262,0.0314958617091
115268,0.00202822871506
115269,0.0265848133713
115273,0.00207193847746
115274,0.25528717041
115277,0.148807585239
115279,0.00988661684096
115285,0.00190397328697
115287,0.00702874455601
115289,0.134912282228
115290,0.0149503583089
115292,0.102325074375
115294,0.00623197620735
115295,0.00646214885637
115302,0.00304305576719
115303,0.0372031331062
115305,0.0133241508156
115309,0.201094016433
115310,0.00422382680699
115312,0.100955955684
115313,0.0358970873058
115314,0.0918474495411
115315,0.0858962908387
115318,0.00796848721802
115319,0.00463520595804
115320,0.00780519051477
115324,0.00850989483297
115328,0.0132710952312
115329,0.0316374152899
115330,0.0223627593368
115332,0.0810063630342
115333,0.0309042930603
115334,0.00862036272883
115335,0.0252101793885
115337,0.00704404665157
115340,0.0267368704081
115343,0.00556183792651
115346,0.0220047906041
115347,0.0372911430895
115351,0.0358019135892
115352,0.0067785223946
115354,0.00231594149955
115356,0.0321683846414
115357,0.0187970902771
115359,0.045779209584
115361,0.118811994791
115365,0.00873649772257
115368,0.0352873578668
115370,0.0256667714566
115371,0.00308037805371
115372,0.0716585442424
115374,0.0024889127817
115379,0.00252454658039
115382,0.0189208146185
115383,0.0542181283236
115384,0.018902471289
115385,0.00366358319297
115386,0.0528673455119
115388,0.00992800667882
115389,0.00263441493735
115390,0.00706401932985
115392,0.0220985990018
115396,0.0108921919018
115399,0.00331824761815
115403,0.0176763944328
115405,0.0255439821631
115408,0.153875023127
115410,0.0202360209078
115413,0.0178276523948
115415,0.0218524839729
115416,0.0133627085015
115418,0.0637964457273
115423,0.0087966164574
115425,0.0129658645019
115433,0.0196028240025
115434,0.00799679197371
115435,0.0182024911046
115436,0.00739371683449
115437,0.00160801853053
115438,0.00471007311717
115439,0.0169573947787
115440,0.00353966862895
115441,0.0290373377502
115445,0.0224890243262
115446,0.00894817803055
115447,0.00203737593256
115449,0.00744095956907
115451,0.00753895565867
115452,0.0414839573205
115456,0.0113112740219
115457,0.0490202717483
115459,0.0968893244863
115463,0.00206864904612
115464,0.00308854086325
115465,0.0106386244297
115469,0.0284871775657
115471,0.012613481842
115473,0.00826855562627
115475,0.109448634088
115476,0.00244271755219
115477,0.00566055206582
115478,0.203702867031
115480,0.0897359699011
115483,0.0076684653759
115486,0.0174791831523
115487,0.357517182827
115491,0.0132512915879
115496,0.00474831275642
115500,0.00948811508715
115501,0.0081734014675
115504,0.00283557106741
115506,0.00514606898651
115519,0.0503029823303
115520,0.00694457488135
115521,0.00277464697137
115523,0.1792999506
115524,0.00353359524161
115528,0.00565908197314
115530,0.00245550530963
115531,0.0353671647608
115533,0.00192517461255
115535,0.00223070546053
115536,0.0318670943379
115537,0.0014222364407
115538,0.00162214366719
115542,0.0236718393862
115543,0.00796850584447
115545,0.0265914350748
115546,0.0155632151291
115549,0.183093830943
115552,0.00152267026715
115554,0.0325916483998
115556,0.0139877619222
115559,0.266880959272
115563,0.0150722386315
115564,0.0332611873746
115567,0.0130383279175
115570,0.00237847887911
115571,0.213721215725
115578,0.0997265279293
115579,0.0179417785257
115582,0.0159346610308
115584,0.164333090186
115585,0.0117655443028
115587,0.111415706575
115588,0.0409052371979
115589,0.0136502664536
115593,0.0302458368242
115594,0.00549481902272
115596,0.0263638831675
115598,0.0050634178333
115599,0.0210881438106
115600,0.00138911185786
115605,0.0904766693711
115606,0.00221515516751
115607,0.0584251284599
115609,0.0347893685102
115612,0.00366390892304
115613,0.00311095826328
115615,0.0860768556595
115616,0.0331076085567
115620,0.0917729362845
115622,0.00206544273533
115623,0.0180229935795
115625,0.00361685361713
115626,0.0719677060843
115627,0.0377666987479
115629,0.0210824534297
115630,0.0147103499621
115632,0.00240568025038
115633,0.0168227702379
115636,0.00984620675445
115640,0.00702610565349
115641,0.00540963932872
115642,0.209515318274
115644,0.0746085196733
115645,0.00201726797968
115646,0.229772403836
115647,0.0149116450921
115648,0.00679591251537
115649,0.0273083392531
115650,0.0403636656702
115651,0.0177411269397
115652,0.0141994468868
115657,0.0172595921904
115659,0.0287887919694
115660,0.154896631837
115661,0.00425456278026
115662,0.0805083960295
115663,0.0261991098523
115664,0.0102051086724
115666,0.1104612872
115668,0.0207574442029
115669,0.0061134332791
115670,0.00488601764664
115671,0.00700153363869
115672,0.00977126788348
115673,0.0487770624459
115675,0.0248406715691
115676,0.00223070546053
115677,0.202331364155
115678,0.00194266741164
115682,0.0679561048746
115683,0.020894613117
115684,0.0689811259508
115690,0.00388939492404
115692,0.0515326410532
115695,0.0305681265891
115698,0.0589139349759
115703,0.0201252568513
115713,0.260215103626
115714,0.154348865151
115715,0.0143397655338
115716,0.0536969713867
115717,0.0025239509996
115719,0.00411216681823
115721,0.0220133922994
115722,0.00478369602934
115723,0.0184830669314
115724,0.00263198185712
115725,0.0199119988829
115727,0.00352548342198
115729,0.00234066229314
115731,0.00144433416426
115733,0.0107411136851
115734,0.00320538156666
115735,0.00432822108269
115736,0.0262341760099
115738,0.00288956449367
115739,0.54569208622
115741,0.12915147841
115742,0.00220518023707
115745,0.0441503077745
115748,0.0245187431574
115755,0.0217475928366
115759,0.00330541026779
115760,0.180871874094
115761,0.022748934105
115762,0.0342992693186
115763,0.00879617128521
115764,0.0309110414237
115767,0.0409752503037
115768,0.0562184043229
115769,0.0577903278172
115772,0.0197612959892
115773,0.00932539161295
115774,0.0433215610683
115776,0.00846009049565
115779,0.00262419134378
115781,0.0213687978685
115783,0.0141994468868
115786,0.0058805057779
115790,0.0390894375741
115791,0.0238645747304
115792,0.00467366818339
115794,0.0166280567646
115796,0.00625033304095
115797,0.00980602018535
115801,0.0030833624769
115806,0.00762809067965
115807,0.0208211652935
115809,0.0110990554094
115810,0.0138628073037
115812,0.0196526665241
115814,0.0157547798008
115816,0.0154499541968
115818,0.0217050220817
115819,0.00508871302009
115821,0.00768109224737
115822,0.00225303997286
115829,0.193744167686
115830,0.0209909174591
115834,0.0060033230111
115835,0.0173892658204
115836,0.00140001613181
115837,0.00142142677214
115839,0.00223519280553
115840,0.0111362449825
115843,0.00286772591062
115844,0.011082675308
115846,0.00241570733488
115847,0.0570121109486
115848,0.152603775263
115849,0.0104018626735
115852,0.158443048596
115853,0.00455827033147
115854,0.0284999106079
115855,0.0154300779104
115857,0.0285533294082
115858,0.00572705222294
115859,0.275599718094
115860,0.00493962550536
115863,0.00573882972822
115864,0.00692007597536
115866,0.00454673962668
115867,0.00513868452981
115869,0.0244589336216
115871,0.016867229715
115872,0.00377927161753
115876,0.0304575730115
115877,0.254570424557
115878,0.0137156872079
115881,0.032158151269
115884,0.00301216728985
115887,0.231455743313
115893,0.00158065627329
115895,0.0481839850545
115896,0.0219258628786
115897,0.031025711447
115898,0.00846009049565
115899,0.0201185066253
115900,0.00547593925148
115901,0.00350491050631
115902,0.0252596139908
115906,0.0151155507192
115907,0.0148458275944
115908,0.0141994468868
115910,0.0310731455684
115914,0.0453009754419
115916,0.181669875979
115918,0.0397093109787
115919,0.00295890844427
115920,0.0449129119515
115922,0.0024293535389
115925,0.00948811508715
115926,0.0430642217398
115928,0.00866081286222
115929,0.0102630062029
115930,0.0166801903397
115931,0.0837152004242
115932,0.0357107035816
115933,0.00883770082146
115934,0.0156908966601
115940,0.00123773049563
115943,0.062576636672
115944,0.00785981118679
115946,0.00974843744189
115948,0.0103395590559
115950,0.00893210247159
115951,0.0454970337451
115952,0.0558336488903
115953,0.201362207532
115954,0.059357304126
115956,0.0450681112707
115957,0.0406303815544
115959,0.18271458149
115962,0.00142584985588
115963,0.0356292277575
115964,0.124939411879
115965,0.0309790745378
115966,0.176368325949
115973,0.0196526665241
115974,0.0196028240025
115977,0.00221220846288
115982,0.0349447019398
115986,0.180243894458
115991,0.299208074808
115992,0.0336193218827
115993,0.00213704374619
115996,0.0285533294082
115997,0.0107003934681
115999,0.159782931209
116000,0.00333120906726
116001,0.0327064394951
116002,0.0229134596884
116004,0.0199724864215
116005,0.10972739011
116007,0.182862743735
116008,0.11714810878
116009,0.0141436932608
116011,0.0270649455488
116012,0.0518849529326
116013,0.00803293380886
116015,0.0011303400388
116016,0.00459206709638
116017,0.0388367474079
116018,0.0190881397575
116020,0.183493196964
116022,0.0179533082992
116023,0.00344279757701
116025,0.166876971722
116027,0.0303961709142
116029,0.011547787115
116030,0.0140471467748
116034,0.0114890877157
116036,0.00634004222229
116038,0.0489029362798
116039,0.131464332342
116042,0.00610149046406
116043,0.0145750977099
116044,0.00518348347396
116046,0.00593516370282
116049,0.0125741697848
116050,0.00934154726565
116051,0.00214187707752
116053,0.00591772980988
116057,0.00368848722428
116058,0.0273927319795
116060,0.00599670177326
116061,0.00229798723012
116062,0.00277559179813
116063,0.00571673549712
116064,0.01161158178
116066,0.0232295766473
116067,0.146041467786
116069,0.0033603515476
116071,0.00791579857469
116072,0.0416611842811
116074,0.0273658446968
116075,0.00767293293029
116077,0.0481839850545
116079,0.00376151269302
116085,0.130247220397
116086,0.024929298088
116088,0.0108880316839
116091,0.0868624597788
116094,0.021634247154
116095,0.010770490393
116097,0.0105808870867
116098,0.00492516672239
116099,0.0286337453872
116100,0.00286795501597
116101,0.0600436031818
116102,0.00566653488204
116104,0.00448913872242
116105,0.234441190958
116106,0.0375875011086
116110,0.00122268451378
116111,0.00571826752275
116113,0.00537338340655
116119,0.0457757413387
116121,0.0199924856424
116123,0.00790771376342
116125,0.00632504280657
116126,0.0276537444443
116129,0.0397790297866
116131,0.0057828258723
116132,0.0229954626411
116134,0.031604424119
116137,0.00302438670769
116138,0.00172236131039
116144,0.0407153517008
116145,0.0160967409611
116146,0.190879195929
116148,0.0080446023494
116150,0.0353649668396
116151,0.00203328859061
116152,0.225621417165
116155,0.00226006982848
116157,0.00525423651561
116159,0.0109462086111
116160,0.024489665404
116165,0.012792355381
116166,0.0116964597255
116173,0.00166087667458
116174,0.0114360656589
116177,0.0111362393945
116179,0.0198759436607
116180,0.00786594487727
116181,0.0520935431123
116183,0.0276402588934
116184,0.00252639059909
116190,0.0409752503037
116192,0.00704648857936
116194,0.0165167935193
116195,0.0558332949877
116196,0.182862743735
116197,0.108516968787
116203,0.00327442958951
116205,0.00629580020905
116207,0.267030477524
116208,0.0358378663659
116210,0.0204066000879
116213,0.00531675480306
116215,0.0196028240025
116216,0.00961099565029
116218,0.00304310815409
116221,0.00851834006608
116223,0.0180313419551
116225,0.00135942862835
116226,0.0183110535145
116232,0.0108625488356
116233,0.0101803774014
116234,0.0251212175936
116237,0.0106313200668
116239,0.183093830943
116240,0.0703583806753
116242,0.0444423556328
116244,0.0463652387261
116246,0.0394065305591
116249,0.00374882598408
116250,0.012391035445
116253,0.00272642658092
116254,0.0083548584953
116255,0.00263739237562
116256,0.165943160653
116258,0.0684221461415
116259,0.0186617169529
116263,0.00264805275947
116265,0.0126756690443
116270,0.00855153612792
116272,0.177686169744
116277,0.00289074750617
116279,0.00475321197882
116280,0.0105306217447
116281,0.0113541958854
116285,0.0832591056824
116287,0.208290830255
116288,0.21094276011
116290,0.0107491379604
116292,0.00375597411767
116294,0.0165024548769
116296,0.0371933653951
116298,0.0127212647349
116299,0.0997265279293
116300,0.00519475946203
116301,0.0696060284972
116302,0.00659028999507
116304,0.190762892365
116309,0.0282247290015
116311,0.0170094501227
116312,0.00301811587997
116313,0.00302906311117
116315,0.00331104220822
116317,0.00183816207573
116318,0.00948811508715
116320,0.00892424583435
116325,0.00238275295123
116326,0.0046686665155
116328,0.0128755848855
116331,0.185989946127
116333,0.00262697972357
116335,0.0095576569438
116337,0.0558840297163
116338,0.0134243704379
116339,0.0367468595505
116340,0.0196028240025
116341,0.00521578919142
116343,0.00191752554383
116346,0.00292209768668
116350,0.268389314413
116351,0.00345262745395
116352,0.00527577567846
116353,0.00283278152347
116354,0.0031111757271
116355,0.00427814992145
116356,0.00767426891252
116357,0.0100458273664
116359,0.0286312904209
116360,0.0844398587942
116361,0.0390370674431
116362,0.00618392275646
116367,0.0184855107218
116368,0.0020344122313
116371,0.00921047106385
116373,0.0156997814775
116377,0.0349955447018
116382,0.0169486366212
116383,0.00921933446079
116393,0.0317737795413
116396,0.0350879840553
116398,0.00242049014196
116399,0.235254228115
116400,0.00150747364387
116402,0.0025832077954
116403,0.00136408780236
116404,0.0492196343839
116405,0.0566913001239
116406,0.00240706070326
116407,0.0144633548334
116410,0.0390664488077
116411,0.0192795302719
116414,0.00593516370282
116416,0.00633061956614
116419,0.0547642894089
116420,0.136850371957
116421,0.0123303905129
116424,0.0166537053883
116426,0.0274359844625
116428,0.0528013184667
116429,0.00584026798606
116430,0.0251738522202
116431,0.00519284512848
116432,0.0064992797561
116435,0.0035253490787
116436,0.023542445153
116437,0.00248049199581
116438,0.0128709245473
116440,0.00474081514403
116441,0.00551267387345
116442,0.00343562127091
116445,0.0149907758459
116446,0.0103913340718
116448,0.00203952449374
116450,0.00271032983437
116451,0.00343109527603
116452,0.0283897966146
116453,0.00161167804617
116457,0.00987309869379
116459,0.00925471726805
116461,0.00333147821948
116469,0.165868967772
116475,0.00368901132606
116476,0.0407286882401
116477,0.0196028240025
116479,0.137351661921
116480,0.00367908389308
116481,0.00692465575412
116482,0.0381970256567
116483,0.126176744699
116490,0.224864542484
116491,0.00424878718331
116492,0.0191729404032
116494,0.00148852192797
116497,0.00400779535994
116498,0.0347974076867
116499,0.179096341133
116501,0.0599414967
116503,0.00119261909276
116504,0.0397302620113
116507,0.00973762571812
116512,0.00541259814054
116514,0.0309519413859
116515,0.00815173611045
116517,0.00337867648341
116520,0.00513956509531
116521,0.0313454382122
116523,0.00136494473554
116524,0.00281383818947
116526,0.0127695826814
116527,0.0141994468868
116529,0.0231861490756
116532,0.0196028240025
116533,0.00799749605358
116544,0.0071747447364
116547,0.0285596530885
116550,0.0589661262929
116551,0.0921608656645
116552,0.00422939425334
116558,0.00251091760583
116560,0.0588771142066
116561,0.216578155756
116562,0.0550063177943
116564,0.00499593513086
116565,0.00956072192639
116568,0.00212630140595
116569,0.0228318367153
116570,0.00971564464271
116572,0.157422751188
116575,0.00375758018345
116576,0.0258795749396
116578,0.13002383709
116579,0.00358872441575
116580,0.00622398452833
116582,0.0271483249962
116584,0.00225433846936
116588,0.00136201654095
116589,0.00342174945399
116590,0.00300011690706
116592,0.160212978721
116593,0.00524685671553
116596,0.0160017944872
116598,0.00206544273533
116601,0.0159947611392
116603,0.013639561832
116605,0.0638277158141
116607,0.011313742958
116608,0.00936264172196
116609,0.0187849886715
116611,0.0395546369255
116613,0.0590487755835
116614,0.00462317001075
116619,0.00791295710951
116620,0.00951341446489
116624,0.0828331261873
116627,0.00259215780534
116628,0.0227093528956
116630,0.00625033304095
116631,0.697590351105
116633,0.158467903733
116634,0.0244485065341
116635,0.00238325959072
116638,0.0062337545678
116641,0.0267244521528
116642,0.130596995354
116645,0.00823800638318
116646,0.121551252902
116647,0.0112152276561
116650,0.0357853844762
116651,0.031025711447
116658,0.0325774885714
116661,0.0264666639268
116666,0.009695767425
116667,0.00151712633669
116670,0.00319649162702
116671,0.0278441850096
116673,0.00291247200221
116674,0.00374405807815
116675,0.0196028240025
116676,0.112547211349
116678,0.0169512033463
116686,0.00536362174898
116689,0.0810682401061
116692,0.0746029987931
116693,0.00294718542136
116694,0.00248049199581
116695,0.0255444459617
116698,0.0460892468691
116699,0.0971392095089
116700,0.0059476508759
116702,0.0121523039415
116703,0.0258015543222
116705,0.191384077072
116706,0.0144922630861
116709,0.172725751996
116714,0.0616306364536
116715,0.00390984350815
116716,0.0324729047716
116719,0.0236519332975
116722,0.207370191813
116723,0.0347787216306
116724,0.00656907400116
116726,0.028176587075
116727,0.082716114819
116728,0.00974435079843
116729,0.00565513316542
116731,0.212734654546
116732,0.00438681617379
116733,0.0102144228294
116734,0.0290158409625
116735,0.00994960404932
116736,0.13312445581
116737,0.00229731830768
116739,0.00259295431897
116748,0.234776884317
116749,0.0205999277532
116751,0.00805994402617
116752,0.009695767425
116754,0.0439987257123
116755,0.037599015981
116756,0.0136241223663
116757,0.043127335608
116758,0.00996785052121
116759,0.044075794518
116762,0.0118954451755
116763,0.0145987300202
116764,0.0054099727422
116767,0.00659793335944
116769,0.00191655114759
116777,0.0472543425858
116779,0.011988658458
116780,0.159745484591
116784,0.0393254570663
116786,0.0399656444788
116790,0.0025499407202
116792,0.0130966575816
116796,0.00144194904715
116797,0.0234297886491
116799,0.00196333788335
116800,0.0068573676981
116801,0.00643161777407
116802,0.00534341298044
116803,0.0323109179735
116804,0.198871150613
116806,0.009695767425
116809,0.00942521076649
116810,0.180243894458
116814,0.0081121372059
116815,0.00152498320676
116818,0.0562575310469
116822,0.0779646784067
116823,0.0220985990018
116824,0.00835847388953
116827,0.0264523625374
116828,0.0339375473559
116831,0.00542321801186
116833,0.00929824635386
116839,0.00306368782185
116840,0.00686175329611
116841,0.00143081450369
116842,0.136691689491
116847,0.0762428417802
116849,0.0385699756444
116850,0.00144045986235
116851,0.00984762888402
116852,0.204462751746
116854,0.0047275503166
116855,0.00238562468439
116858,0.00128645787481
116861,0.00746829947457
116862,0.0334626585245
116865,0.0208450313658
116867,0.00692546181381
116869,0.0398704074323
116872,0.00243989890441
116877,0.332524120808
116880,0.049770899117
116883,0.0209388379008
116884,0.0412146039307
116887,0.00299845566042
116889,0.0146734137088
116891,0.0187734998763
116895,0.129433169961
116898,0.0101121002808
116899,0.0913955047727
116900,0.00811771396548
116901,0.00292417407036
116904,0.0213858615607
116907,0.0835413709283
116908,0.0750691071153
116911,0.0549453124404
116912,0.00776714505628
116913,0.1846485883
116915,0.010915318504
116919,0.00254814652726
116923,0.0220291353762
116924,0.0358027219772
116925,0.0149934375659
116927,0.00450945226476
116929,0.0224265214056
116931,0.183093830943
116932,0.0509233735502
116935,0.00948811508715
116938,0.013020073995
116939,0.0131779136136
116940,0.064822614193
116943,0.220145657659
116944,0.0530022792518
116945,0.0317743904889
116946,0.0341218300164
116950,0.00203895592131
116952,0.00853053107858
116956,0.0173235554248
116957,0.0242368280888
116959,0.0177602730691
116960,0.119483500719
116961,0.0544112734497
116965,0.0206179600209
116967,0.0231103003025
116968,0.0126545969397
116969,0.00872750394046
116972,0.0980829074979
116974,0.00203044875525
116975,0.0307502057403
116976,0.0370933711529
116978,0.0997265279293
116979,0.180791154504
116981,0.00252454658039
116984,0.0315941236913
116985,0.0150242280215
116986,0.0675987005234
116987,0.0125492271036
116988,0.00352091970854
116989,0.0307422690094
116990,0.032979734242
116993,0.277079313993
116994,0.0185707751662
116996,0.0450061559677
116998,0.0126522555947
116999,0.00252671982162
117000,0.0108726778999
117001,0.0243147779256
117003,0.0162898115814
117004,0.0592625811696
117008,0.0221349466592
117010,0.232698395848
117014,0.00712623819709
117017,0.00941707659513
117019,0.00208298070356
117023,0.00258181034587
117027,0.0109083913267
117028,0.00418575853109
117029,0.0273359529674
117033,0.00310408207588
117034,0.0055294376798
117035,0.0031626354903
117036,0.00971564464271
117037,0.240948021412
117039,0.0435105040669
117043,0.0412102974951
117047,0.0037797363475
117050,0.101807191968
117052,0.0108723649755
117053,0.0244092382491
117054,0.181669875979
117056,0.063953615725
117058,0.0201489068568
117060,0.148746311665
117065,0.0233747754246
117066,0.00139950634912
117067,0.107420109212
117068,0.0732070803642
117069,0.00306257675402
117070,0.00142361794133
117071,0.00271986355074
117073,0.152385652065
117076,0.00884601287544
117077,0.00494059594348
117078,0.0357107035816
117083,0.0437181666493
117085,0.0284538082778
117088,0.00127236638218
117089,0.0372344367206
117092,0.00364561798051
117093,0.111997008324
117094,0.00827051047236
117095,0.13354152441
117097,0.0161874331534
117102,0.0209458973259
117103,0.122899636626
117104,0.0146839441732
117106,0.0116606848314
117107,0.0280102398247
117108,0.0832549184561
117111,0.0160038974136
117112,0.00257099047303
117116,0.022527853027
117117,0.0173546634614
117120,0.0433702580631
117121,0.00256989616901
117122,0.0196028240025
117123,0.00973647646606
117124,0.0169958211482
117125,0.00245983875357
117128,0.00210251845419
117129,0.00148852192797
117131,0.00377246062271
117133,0.00638589356095
117134,0.0296913012862
117137,0.00198563095182
117142,0.0367035977542
117143,0.00881038047373
117145,0.0108190411702
117146,0.00384725746699
117157,0.167847529054
117158,0.00299594504759
117163,0.0181318707764
117166,0.0119551206008
117168,0.0222671944648
117172,0.0788994729519
117176,0.00170935015194
117178,0.285933673382
117179,0.026354489848
117180,0.0262512303889
117181,0.00486638071015
117182,0.0224129613489
117185,0.0423765815794
117187,0.081511311233
117188,0.0352054201066
117189,0.242606192827
117193,0.0246995054185
117194,0.0347424522042
117198,0.0500297471881
117201,0.00887436233461
117206,0.0250191409141
117207,0.107860401273
117208,0.00933884643018
117209,0.0161109380424
117210,0.0271592009813
117211,0.0196028240025
117212,0.0743058249354
117218,0.0190268363804
117221,0.00964952912182
117226,0.0141994468868
117227,0.0168709214777
117228,0.0357107035816
117235,0.00136408780236
117236,0.0198837239295
117237,0.0196028240025
117238,0.0290799308568
117239,0.00534333940595
117240,0.1669921875
117241,0.0425739511847
117246,0.0500766597688
117247,0.253825962543
117251,0.00257099047303
117253,0.00135352986399
117255,0.180243894458
117257,0.0054271928966
117259,0.0116956159472
117260,0.00371081056073
117261,0.0062674167566
117262,0.0148458275944
117263,0.0142192104831
117265,0.00448492588475
117266,0.157189056277
117267,0.0311432201415
117271,0.034956317395
117272,0.0034297129605
117273,0.00251044007018
117275,0.27381747961
117277,0.0255105569959
117278,0.0721803382039
117279,0.139859423041
117282,0.0107326665893
117285,0.00451376335695
117286,0.0153221879154
117287,0.0104030650109
117288,0.00970273371786
117289,0.0201185066253
117291,0.271724522114
117292,0.00723162712529
117294,0.145150586963
117296,0.0261322706938
117297,0.068688467145
117298,0.0662961006165
117299,0.137440651655
117301,0.00240568025038
117304,0.0338944979012
117306,0.0429140627384
117307,0.176368325949
117308,0.0223226211965
117309,0.00567965582013
117312,0.00727743469179
117315,0.131326138973
117316,0.0374554805458
117318,0.0117893088609
117320,0.0936256945133
117324,0.0229828394949
117327,0.235649988055
117328,0.0794774740934
117330,0.017388002947
117331,0.0157547798008
117335,0.063953615725
117336,0.00217004679143
117339,0.0342004820704
117346,0.0134474663064
117347,0.00282566924579
117350,0.00897441618145
117353,0.160188257694
117355,0.00234839622863
117356,0.00899350829422
117358,0.00264906906523
117362,0.0282110814005
117365,0.00286928471178
117367,0.00342623027973
117368,0.0309778004885
117369,0.0732787176967
117372,0.0154300779104
117373,0.0145964119583
117374,0.00769574195147
117375,0.0580034218729
117376,0.026897193864
117379,0.00146951281931
117380,0.00154880608898
117381,0.0326367169619
117382,0.00256136641838
117383,0.0051232110709
117384,0.00246822135523
117387,0.0342369452119
117389,0.02768054232
117390,0.0278882589191
117391,0.00484513165429
117392,0.0386282466352
117400,0.0559430830181
117401,0.00254207570106
117402,0.0115932198241
117405,0.227816194296
117406,0.00443537347019
117407,0.009695767425
117409,0.0345368236303
117410,0.0242751929909
117414,0.0440978892148
117415,0.0450681112707
117416,0.00252320826985
117419,0.0086038466543
117421,0.00248049199581
117422,0.0158719886094
117423,0.0152279986069
117424,0.0802490711212
117426,0.00282268947922
117428,0.0180342886597
117429,0.230663910508
117430,0.0975446328521
117431,0.0945522412658
117432,0.257768005133
117433,0.063953615725
117436,0.00317271891981
117437,0.0110448971391
117438,0.194520160556
117440,0.0076684653759
117442,0.0205854829401
117444,0.00227894238196
117445,0.0307153761387
117446,0.00268246629275
117448,0.00272528198548
117449,0.00142603856511
117450,0.0397665351629
117452,0.00979238934815
117453,0.00274567725137
117455,0.0649767518044
117456,0.00145268091001
117458,0.00341536500491
117459,0.0451503284276
117460,0.0339617878199
117461,0.158467903733
117467,0.00230963132344
117471,0.00194552342873
117476,0.00230175978504
117478,0.0413337126374
117480,0.0185660161078
117481,0.00124484032858
117482,0.0141766313463
117484,0.0181360524148
117485,0.256939142942
117487,0.110261328518
117488,0.0130419861525
117491,0.00497671309859
117492,0.00309965270571
117493,0.0149907758459
117494,0.0170498546213
117497,0.0480176322162
117498,0.00277464697137
117499,0.0357243418694
117501,0.054305292666
117502,0.0193609632552
117506,0.00265102623962
117508,0.024026254192
117509,0.00196891184896
117512,0.00254814652726
117518,0.0236759223044
117526,0.0529791526496
117531,0.00971564464271
117539,0.010238324292
117540,0.00280171935447
117542,0.269934564829
117543,0.0196028240025
117548,0.0023634780664
117549,0.00229126494378
117552,0.00376240443438
117553,0.00252565299161
117554,0.037825062871
117556,0.00552529888228
117558,0.0369543246925
117559,0.0171734020114
117560,0.00499065220356
117561,0.0547610633075
117563,0.228212311864
117567,0.0185478311032
117568,0.00669412501156
117569,0.0262512303889
117570,0.00780618051067
117573,0.0242706146091
117575,0.216060549021
117576,0.00882916338742
117578,0.0268369000405
117580,0.00947517249733
117581,0.00196480634622
117583,0.0270210821182
117587,0.00783828832209
117588,0.00674173841253
117589,0.00263115460984
117592,0.00913247372955
117596,0.00822876673192
117597,0.0247571077198
117600,0.00233825063333
117602,0.193529382348
117603,0.00333161605522
117606,0.145357444882
117609,0.181912183762
117611,0.00154948758427
117613,0.02257197164
117614,0.0264344085008
117615,0.00241584633477
117616,0.219829931855
117617,0.0913999080658
117620,0.0953072756529
117631,0.0141994468868
117632,0.00308732665144
117633,0.132215946913
117635,0.0177973620594
117639,0.0254601091146
117645,0.203914299607
117647,0.0684664472938
117648,0.00230268202722
117649,0.0124456677586
117652,0.0343122705817
117653,0.0188276711851
117658,0.0468592680991
117661,0.00811270903796
117664,0.00294261681847
117665,0.00250584585592
117667,0.0151505377144
117668,0.0102051086724
117672,0.00926091428846
117674,0.0149820968509
117676,0.227646067739
117677,0.00907554291189
117679,0.0377616994083
117680,0.00730681000277
117681,0.0121607901528
117682,0.00528032658622
117684,0.0051129530184
117687,0.0322391279042
117690,0.0171755887568
117691,0.0486041419208
117692,0.0262512303889
117693,0.00412224140018
117695,0.0183846056461
117696,0.0220985990018
117698,0.0409713722765
117699,0.0262512303889
117701,0.0638492777944
117702,0.0535638555884
117705,0.0221635401249
117707,0.00680720247328
117708,0.0230449531227
117709,0.0354374013841
117712,0.0101539641619
117713,0.101041793823
117714,0.0191022288054
117715,0.0392566397786
117716,0.0306614357978
117717,0.00212069554254
117720,0.00972072035074
117721,0.0208656899631
117723,0.0602339804173
117724,0.0354683771729
117725,0.0229054912925
117726,0.00297558004968
117727,0.0584569983184
117728,0.0135856894776
117730,0.0154300779104
117734,0.008580384776
117736,0.0135528445244
117738,0.0056033898145
117739,0.0178278945386
117742,0.220890402794
117744,0.0027967535425
117745,0.00283497665077
117746,0.113231599331
117747,0.00449351407588
117748,0.0258073695004
117749,0.159538075328
117755,0.0653327926993
117757,0.0189628843218
117758,0.00931448675692
117759,0.179096341133
117764,0.00403348915279
117765,0.00843624398112
117767,0.0032397643663
117768,0.00265928334557
117769,0.0115437703207
117774,0.00300406874157
117776,0.00319013791159
117779,0.0179606750607
117780,0.0285533294082
117782,0.0266681294888
117785,0.0165611281991
117787,0.0285851303488
117789,0.0471779294312
117790,0.0133711863309
117791,0.105162203312
117792,0.0207300074399
117793,0.0245195571333
117795,0.0014034936903
117797,0.0169714540243
117798,0.042121604085
117803,0.00944884959608
117804,0.0352430380881
117805,0.0157775916159
117807,0.00956097058952
117809,0.0102051086724
117810,0.0186877474189
117811,0.0296882651746
117814,0.0291447173804
117815,0.277577340603
117818,0.0260470658541
117819,0.0298688579351
117823,0.00245992303826
117824,0.0414712764323
117825,0.00929178763181
117826,0.0145694557577
117830,0.260215103626
117831,0.0223997458816
117832,0.0139536764473
117833,0.0142969852313
117834,0.0172004308552
117835,0.0118402084336
117837,0.062306497246
117839,0.0517077296972
117843,0.00179962359834
117844,0.0255321282893
117845,0.0225392635912
117846,0.00981066003442
117847,0.1120538041
117850,0.00868215225637
117851,0.00775274122134
117852,0.0255444459617
117853,0.0140210902318
117854,0.0181594565511
117855,0.00130251282826
117856,0.032730255276
117857,0.0229039117694
117859,0.0196028240025
117862,0.0163502786309
117863,0.00580822862685
117865,0.0108787147328
117866,0.00994960404932
117867,0.0959368050098
117868,0.00630556233227
117869,0.0149749061093
117871,0.0014140146086
117874,0.00440368428826
117875,0.0327353104949
117876,0.0457719825208
117880,0.0182296354324
117881,0.00340342079289
117884,0.00637362152338
117891,0.00994114391506
117892,0.0612559616566
117893,0.00107931683306
117894,0.0746589377522
117895,0.122649520636
117896,0.0157931707799
117897,0.00778896035627
117898,0.00859022326767
117901,0.00585092278197
117902,0.126505121589
117904,0.00925230327994
117906,0.093818962574
117907,0.00285825692117
117911,0.0196028240025
117912,0.00165138370357
117913,0.00315774907358
117914,0.0168618839234
117915,0.00740587385371
117916,0.0649047717452
117918,0.0162212755531
117919,0.111251749098
117921,0.00932067539543
117922,0.0387308783829
117925,0.0192314628512
117926,0.0101909385994
117928,0.00740227103233
117930,0.011650018394
117932,0.00955302175134
117933,0.00643750792369
117934,0.0165611281991
117941,0.00210603675805
117942,0.0180633924901
117943,0.0158919859678
117945,0.00331636355259
117948,0.00330378953367
117950,0.00341557757929
117953,0.0071155205369
117959,0.0149907758459
117960,0.209515318274
117961,0.0138493971899
117962,0.105130054057
117963,0.00156857410911
117964,0.00958619918674
117967,0.00536076305434
117968,0.0512277632952
117970,0.0202295202762
117972,0.00721944356337
117975,0.0220985990018
117979,0.0720547661185
117982,0.0330949164927
117983,0.0245401524007
117984,0.00231705000624
117987,0.0187273882329
117988,0.00384841649793
117989,0.00837055686861
117990,0.260215103626
117991,0.0324482023716
117992,0.00556937558576
117993,0.0023965141736
117994,0.00254814652726
117995,0.00192834541667
117996,0.0228679552674
117997,0.00417290488258
117999,0.0345440246165
118001,0.0569671615958
118006,0.00390529097058
118008,0.00269552622922
118009,0.0533386543393
118011,0.149104356766
118012,0.0793373584747
118013,0.00323435035534
118014,0.00307650165632
118018,0.0103906383738
118019,0.00558415194973
118021,0.0485473275185
118023,0.0250101722777
118026,0.108497239649
118027,0.0240250360221
118029,0.0407321341336
118031,0.0464783348143
118032,0.0444162487984
118033,0.0108117507771
118035,0.0163939949125
118038,0.00975699350238
118040,0.0030056303367
118041,0.0118094971403
118042,0.0679027438164
118045,0.0472462587059
118046,0.00266618467867
118048,0.0163498558104
118050,0.0094046741724
118052,0.0325679667294
118056,0.0121994931251
118058,0.0111050186679
118061,0.0102051086724
118062,0.15470610559
118063,0.0845638215542
118065,0.0462858080864
118068,0.00297631998546
118069,0.180040553212
118071,0.0359567664564
118075,0.0993690341711
118076,0.0228206794709
118078,0.0284738074988
118080,0.112330824137
118083,0.00388898304664
118084,0.00836176238954
118085,0.0233404356986
118090,0.0149011276662
118091,0.157189056277
118096,0.0144554525614
118098,0.00613829027861
118099,0.0169880501926
118101,0.00201315479353
118102,0.0213766358793
118105,0.00237636757083
118107,0.0343162119389
118108,0.0193363316357
118109,0.0139869665727
118112,0.19683803618
118113,0.00221351813525
118114,0.0459464415908
118117,0.00538436835632
118121,0.00259610195644
118123,0.0014288239181
118125,0.255861252546
118127,0.0249827355146
118129,0.0163618866354
118131,0.00290355528705
118132,0.00285577354953
118133,0.059099663049
118136,0.0044919825159
118137,0.0227247383446
118140,0.0318670943379
118141,0.00663999281824
118143,0.0149196442217
118144,0.00387682882138
118147,0.0832372903824
118149,0.00652160635218
118150,0.00640094280243
118151,0.0196028240025
118152,0.00460120011121
118154,0.0151978954673
118156,0.0694342777133
118157,0.147727862
118160,0.0110909193754
118161,0.0156702883542
118164,0.00403263280168
118165,0.0848884806037
118166,0.00889904424548
118167,0.106745913625
118169,0.0973170474172
118170,0.00542910303921
118171,0.0157267805189
118172,0.0118583654985
118173,0.131326138973
118174,0.0191628951579
118175,0.00406853575259
118177,0.00281923264265
118184,0.079856403172
118187,0.0136879524216
118188,0.0342517904937
118192,0.00948811508715
118193,0.192631587386
118195,0.0123358620331
118196,0.009695767425
118198,0.00943550094962
118199,0.0228661652654
118201,0.00719965156168
118204,0.00895933620632
118208,0.0171869341284
118209,0.00917174108326
118210,0.0246223900467
118213,0.0152198998258
118216,0.0158257428557
118219,0.0196028240025
118221,0.0151614695787
118224,0.00610508909449
118225,0.0158062428236
118226,0.0577005967498
118227,0.00432058144361
118228,0.00189573969692
118231,0.143531531096
118232,0.024600699544
118233,0.0751145631075
118237,0.0635872930288
118240,0.00269893440418
118243,0.0272182580084
118244,0.0042987796478
118248,0.0561008229852
118255,0.0087766898796
118257,0.00273578404449
118262,0.00681673269719
118264,0.01054337807
118265,0.0926470458508
118266,0.0111696645617
118267,0.00575992465019
118269,0.00477982452139
118271,0.0508376285434
118274,0.00989869888872
118280,0.162858620286
118282,0.00172338658012
118283,0.007805748377
118285,0.0610970743001
118287,0.00898146815598
118288,0.0061979428865
118291,0.0392800867558
118293,0.0426841564476
118294,0.00832743383944
118297,0.00408809119835
118300,0.00214133085683
118306,0.0486073717475
118307,0.017388002947
118308,0.0113569051027
118309,0.0465612523258
118315,0.00612045498565
118316,0.0138244777918
118318,0.020407024771
118319,0.00228496314958
118320,0.0181221403182
118321,0.0289763081819
118322,0.107343360782
118324,0.183093830943
118329,0.0240489970893
118332,0.0230715498328
118333,0.110691532493
118334,0.00487663922831
118335,0.0792767778039
118336,0.0345529802144
118337,0.00334620801732
118338,0.00391171034425
118339,0.0579849407077
118340,0.00238439813256
118343,0.0117223225534
118345,0.0103433411568
118347,0.00133881426882
118349,0.0547610633075
118352,0.0246168542653
118353,0.0279915314168
118354,0.00870553124696
118355,0.0409752503037
118357,0.00210588448681
118358,0.024064026773
118360,0.011988658458
118361,0.063953615725
118363,0.00911149661988
118364,0.0138069484383
118365,0.0471476092935
118366,0.00247110053897
118368,0.0466129109263
118370,0.00263123610057
118371,0.242018252611
118373,0.0129721080884
118374,0.00272917933762
118375,0.0183643549681
118377,0.0232309401035
118379,0.0198939759284
118383,0.0424579009414
118385,0.0047765574418
118386,0.0132993487641
118388,0.20897372067
118389,0.0563593022525
118390,0.135817140341
118393,0.0337874181569
118394,0.253528177738
118395,0.00892424583435
118399,0.0388367474079
118400,0.0176977030933
118405,0.0141924731433
118406,0.0895568802953
118407,0.00795143377036
118409,0.00273256842047
118412,0.059918101877
118414,0.0250670034438
118415,0.0318670943379
118417,0.0027229655534
118422,0.0172758661211
118423,0.0879041478038
118424,0.315901607275
118426,0.00750597286969
118427,0.00993402209133
118428,0.0496364980936
118430,0.0275673046708
118433,0.0853542238474
118434,0.0030963877216
118439,0.156160280108
118444,0.028988936916
118445,0.271330237389
118446,0.00200804346241
118447,0.153617560863
118450,0.0127598363906
118454,0.033780362457
118457,0.0266499537975
118458,0.0357107035816
118459,0.0078711528331
118460,0.00847098138183
118461,0.122161082923
118463,0.283174514771
118466,0.214064151049
118468,0.0773578584194
118470,0.168193012476
118471,0.00376926851459
118472,0.00243837200105
118477,0.0231095887721
118479,0.153289735317
118482,0.179720044136
118488,0.00948811508715
118489,0.0141994468868
118491,0.0259036421776
118492,0.116929717362
118493,0.0151217635721
118496,0.022039430216
118497,0.00655707903206
118498,0.0245975125581
118500,0.00227372883819
118501,0.0200796257704
118502,0.0120799737051
118506,0.129543796182
118512,0.0490842312574
118514,0.00636026076972
118515,0.101313620806
118516,0.0039629121311
118517,0.0533006973565
118522,0.0212815962732
118525,0.00388501002453
118526,0.0191331803799
118529,0.0558801405132
118530,0.00229287333786
118531,0.0017856216291
118532,0.0662327036262
118534,0.0163178630173
118540,0.122805446386
118543,0.00249841134064
118545,0.00914732925594
118546,0.206296473742
118547,0.0127695826814
118549,0.182833760977
118550,0.0105595272034
118554,0.00618753675371
118560,0.0376366227865
118563,0.073392495513
118565,0.0269001238048
118566,0.0574076063931
118568,0.152377322316
118569,0.0926070213318
118572,0.0231375675648
118573,0.00535963708535
118574,0.00185585999861
118575,0.0162448454648
118582,0.215830519795
118584,0.00475677987561
118586,0.0362873077393
118587,0.0135141210631
118589,0.00502741429955
118594,0.0407413057983
118595,0.086660079658
118603,0.0426431894302
118605,0.00931160524487
118606,0.0659772455692
118607,0.0121005456895
118608,0.150433465838
118609,0.0174312684685
118612,0.0566410236061
118613,0.0191001296043
118614,0.0519350804389
118615,0.00864190980792
118616,0.0049067302607
118618,0.118738755584
118619,0.0320855826139
118621,0.0203186571598
118622,0.00207132147625
118624,0.0101786181331
118626,0.0062937065959
118627,0.00202740938403
118629,0.0215487908572
118631,0.0233373586088
118633,0.0119128217921
118635,0.00971564464271
118636,0.00879670400172
118641,0.00847673416138
118644,0.00110910460353
118646,0.0094484789297
118647,0.0253383349627
118648,0.0606492049992
118651,0.181907817721
118654,0.00804288312793
118659,0.104779116809
118660,0.024563992396
118661,0.0209307800978
118662,0.0165782906115
118663,0.00334351696074
118665,0.0325795523822
118667,0.0109847048298
118670,0.0235219355673
118672,0.150459140539
118674,0.0459589846432
118675,0.05289215222
118678,0.030075635761
118679,0.00240568025038
118682,0.0127695826814
118684,0.00863430276513
118685,0.00528683280572
118687,0.00722945015877
118693,0.0569368675351
118699,0.00956626888365
118700,0.014318196103
118701,0.0131012490019
118702,0.0200014971197
118703,0.00222971965559
118707,0.0493966937065
118708,0.0176447611302
118710,0.0238038953394
118712,0.00490769650787
118714,0.0115345790982
118715,0.00535743357614
118717,0.0202400051057
118718,0.173168584704
118719,0.0032397643663
118720,0.00860989652574
118721,0.00262438110076
118722,0.00758290151134
118723,0.00958541221917
118724,0.305568724871
118726,0.017159063369
118727,0.0205027461052
118728,0.00327510805801
118730,0.0181642305106
118732,0.0106473956257
118733,0.00821403134614
118734,0.0364146791399
118735,0.242606192827
118738,0.0172497369349
118739,0.0196028240025
118742,0.0131884776056
118743,0.0148001126945
118744,0.0235210843384
118745,0.0196028240025
118746,0.258425414562
118747,0.0951250866055
118748,0.0227140579373
118749,0.0196028240025
118750,0.00199633161537
118752,0.0993500575423
118754,0.0584489367902
118755,0.00867220573127
118756,0.0336086191237
118757,0.00232149334624
118759,0.0215179380029
118762,0.00831644330174
118763,0.0534245483577
118764,0.32209867239
118766,0.0104209883139
118767,0.225965797901
118768,0.00234212377109
118770,0.00885896198452
118771,0.0043051992543
118773,0.015674136579
118774,0.0133087756112
118776,0.00794692058116
118779,0.00460493424907
118782,0.00444905739278
118784,0.0266120135784
118787,0.0173590481281
118789,0.0221785251051
118790,0.0157547798008
118792,0.0553937256336
118794,0.00437786802649
118795,0.0258031766862
118796,0.0872214138508
118798,0.0315502621233
118800,0.0367920771241
118801,0.00700580887496
118804,0.0675235837698
118807,0.00436859158799
118809,0.00391741655767
118811,0.00291667459533
118814,0.0074397274293
118815,0.00245711300522
118817,0.206774368882
118824,0.0152949104086
118826,0.0272835865617
118827,0.00258076190948
118828,0.0118402084336
118831,0.00932539161295
118834,0.013381450437
118835,0.00303099770099
118836,0.0438195876777
118837,0.203772425652
118838,0.0414613634348
118839,0.0123507557437
118842,0.0032951743342
118843,0.0278376787901
118846,0.0327332876623
118847,0.0639581158757
118850,0.0787118673325
118853,0.191512703896
118856,0.0119197266176
118858,0.0949164554477
118862,0.019426735118
118865,0.00760193681344
118867,0.0197573099285
118868,0.00289063085802
118870,0.0287613086402
118872,0.213721215725
118873,0.0218496210873
118874,0.00977126788348
118875,0.00305977393873
118879,0.00754079734907
118880,0.00906075071543
118882,0.00760123506188
118884,0.012749244459
118885,0.0919131189585
118886,0.0259309262037
118887,0.229876473546
118888,0.0387308783829
118891,0.0362638197839
118896,0.164180055261
118905,0.010809501633
118906,0.00143930327613
118907,0.063953615725
118909,0.00860957149416
118910,0.011020604521
118912,0.0196526665241
118913,0.00999792665243
118914,0.0195373017341
118915,0.0936256945133
118916,0.0240281615406
118917,0.204956039786
118918,0.00748068327084
118919,0.0298029147089
118920,0.109230190516
118926,0.0165016818792
118929,0.0277369190007
118932,0.0211659148335
118937,0.0482421033084
118938,0.0052461377345
118939,0.00860130507499
118940,0.0185019001365
118943,0.225221693516
118944,0.0131822172552
118945,0.00995471607894
118946,0.209515318274
118947,0.00900953169912
118948,0.00139031151775
118950,0.0135461017489
118953,0.0124725326896
118954,0.00925707351416
118957,0.0735254064202
118964,0.00842617079616
118965,0.0184834208339
118969,0.0480202995241
118970,0.00892424583435
118972,0.00948811508715
118974,0.00287507893518
118975,0.0108058014885
118976,0.00533354096115
118977,0.00151767907664
118978,0.0524146072567
118979,0.198876202106
118980,0.0116042401642
118981,0.0180786959827
118989,0.0307153761387
118990,0.0435585826635
118992,0.0692467913032
118995,0.0331983454525
118996,0.00275884871371
118997,0.0282924436033
118998,0.0848872438073
119002,0.103736437857
119004,0.0154300779104
119005,0.0114368963987
119007,0.0130482725799
119008,0.00854517053813
119012,0.00624520564452
119013,0.00873475894332
119015,0.00458229798824
119018,0.00199054786935
119020,0.0692064166069
119022,0.0022576819174
119026,0.00246004713699
119029,0.00702302902937
119031,0.0166299119592
119033,0.00234138849191
119034,0.00716449832544
119035,0.00265352893621
119040,0.00306680751964
119043,0.00670835794881
119044,0.0061086025089
119045,0.00243599899113
119046,0.00277503090911
119048,0.0210151206702
119049,0.0236764829606
119050,0.0521835386753
119054,0.187179386616
119055,0.0533080920577
119058,0.0166512150317
119061,0.0102391410619
119062,0.177686169744
119063,0.0270215831697
119068,0.183344006538
119072,0.162858620286
119073,0.0334985926747
119076,0.00772106135264
119077,0.0121590541676
119078,0.0350797660649
119081,0.00168886687607
119083,0.0110655408353
119085,0.0165782906115
119086,0.0524244867265
119089,0.22694504261
119092,0.0284652523696
119094,0.0129174506292
119095,0.0206288583577
119096,0.00304588535801
119097,0.00372279784642
119098,0.0925783813
119100,0.0325774885714
119108,0.181669875979
119112,0.00317612593062
119114,0.00229798723012
119118,0.00335653871298
119121,0.0902451500297
119124,0.0114443339407
119125,0.00705424603075
119129,0.0333590507507
119134,0.00319901946932
119136,0.0123961362988
119137,0.016634022817
119140,0.0275946129113
119141,0.00874919258058
119142,0.0141994468868
119143,0.197273865342
119144,0.0374310575426
119145,0.0126743381843
119147,0.015040948987
119148,0.0867980569601
119149,0.0307777132839
119152,0.00647137360647
119154,0.00319028808735
119155,0.0150974243879
119157,0.0225092563778
119160,0.0189208146185
119161,0.127790823579
119163,0.047733630985
119165,0.00121470622253
119167,0.0299742873758
119168,0.00326509424485
119169,0.00180440966506
119171,0.00648680655286
119172,0.00826304312795
119173,0.0107969203964
119174,0.00125756382477
119176,0.0170890819281
119178,0.0291618984193
119180,0.0606209300458
119182,0.00273924926296
119183,0.00149404245894
119184,0.0526923090219
119188,0.0190761703998
119191,0.0100791482255
119192,0.0322124250233
119193,0.292542666197
119194,0.0623475238681
119196,0.0171845592558
119197,0.0307790059596
119198,0.0246522855014
119200,0.002534535015
119201,0.105572409928
119202,0.00487177772447
119203,0.0105947833508
119206,0.0265400391072
119207,0.0230983048677
119208,0.00384326139465
119209,0.0128489099443
119210,0.0307387728244
119212,0.0309243220836
119213,0.00384472915903
119215,0.00227615656331
119217,0.0024471366778
119218,0.00295551167801
119220,0.0228602010757
119222,0.190879195929
119225,0.00999699253589
119226,0.00401817820966
119227,0.0328988134861
119228,0.0122413737699
119229,0.00750123150647
119230,0.0271862000227
119236,0.0795370563865
119238,0.00191766431089
119240,0.0241088550538
119241,0.02986924164
119243,0.00154270301573
119245,0.00555463507771
119247,0.0783949047327
119249,0.0133391357958
119251,0.050337869674
119252,0.00239913980477
119253,0.00992455706
119254,0.0370665565133
119255,0.00272089475766
119257,0.00460802111775
119258,0.0244751907885
119259,0.0343232601881
119260,0.00198850175366
119262,0.0271798390895
119264,0.00897072348744
119265,0.00524406274781
119268,0.0387696437538
119271,0.126661807299
119272,0.00871569290757
119273,0.0541784092784
119276,0.00719965156168
119282,0.00465018348768
119285,0.0154820466414
119287,0.00154115539044
119290,0.00262156059034
119291,0.00551817938685
119293,0.00344824139029
119294,0.00792635418475
119296,0.0297465305775
119298,0.00317858485505
119299,0.00241570733488
119300,0.00876284576952
119301,0.00147055229172
119302,0.00265424069948
119303,0.0289510022849
119304,0.209515318274
119310,0.0124859120697
119311,0.00272293994203
119312,0.0317387841642
119313,0.0204811058939
119314,0.131990283728
119317,0.00367300654761
119318,0.00264200964011
119319,0.0343324616551
119320,0.157116383314
119321,0.00413525989279
119322,0.0227470844984
119323,0.00130634114612
119324,0.00349539192393
119328,0.00310423271731
119330,0.0135782342404
119331,0.217714101076
119332,0.00368318497203
119333,0.00446856254712
119340,0.00987942609936
119344,0.0046090297401
119350,0.00370167405345
119352,0.010687100701
119357,0.0849706977606
119361,0.00245429086499
119362,0.0415752343833
119365,0.0033823652193
119368,0.00381672731601
119369,0.00786202773452
119370,0.00280592450872
119371,0.156226843596
119374,0.00255733495578
119375,0.00930962152779
119377,0.153012394905
119378,0.0306360274553
119379,0.0337465256453
119380,0.0163562465459
119381,0.00396897178143
119382,0.0113353598863
119385,0.038197696209
119386,0.0464327521622
119387,0.0902355983853
119389,0.0227277316153
119391,0.459464758635
119392,0.0128709245473
119394,0.0123546300456
119395,0.105485834181
119396,0.0265218578279
119397,0.0997801199555
119398,0.0155059630051
119399,0.0234287753701
119401,0.00658883247524
119403,0.0517545118928
119405,0.00142931181472
119411,0.181669875979
119417,0.009695767425
119418,0.00961550790817
119419,0.0176270324737
119421,0.0176737625152
119422,0.0306662600487
119426,0.00905832368881
119427,0.0942971557379
119428,0.00862400326878
119431,0.00149367272388
119432,0.0409712716937
119433,0.00344881019555
119434,0.0899749100208
119435,0.0551288165152
119438,0.17356787622
119439,0.0363566204906
119441,0.0141150075942
119442,0.00792697723955
119443,0.0026055437047
119445,0.0398167483509
119448,0.00828079879284
119449,0.00477730296552
119450,0.0773841813207
119452,0.193717718124
119454,0.00265071750619
119455,0.00492228614166
119457,0.00446745520458
119459,0.0172064136714
119461,0.0162568129599
119462,0.00996178667992
119463,0.0112340738997
119464,0.00137469451874
119465,0.00133696803823
119467,0.00243156845681
119468,0.00543427839875
119469,0.112330824137
119471,0.00327996350825
119472,0.013678278774
119476,0.00359132071026
119477,0.0173213724047
119479,0.0516835860908
119485,0.00143199367449
119486,0.0567787736654
119487,0.0078199794516
119488,0.0220985990018
119489,0.0241010785103
119491,0.0040874988772
119493,0.211922153831
119494,0.0106465527788
119498,0.0256710760295
119499,0.0217770319432
119501,0.00678391195834
119503,0.114108912647
119506,0.00254503358155
119511,0.00609800731763
119512,0.00184396130498
119519,0.0291663017124
119521,0.216284632683
119524,0.00428388174623
119532,0.0903938412666
119536,0.00695223687217
119537,0.00500697875395
119541,0.0132700167596
119542,0.0143497241661
119544,0.00854066759348
119549,0.093649789691
119551,0.0649393349886
119553,0.0025764007587
119558,0.218510597944
119561,0.00646445434541
119562,0.108516968787
119564,0.00817460380495
119565,0.0392108671367
119567,0.00352741009556
119568,0.0370448566973
119569,0.00284227449447
119570,0.0229667965323
119571,0.0409752503037
119574,0.0720852166414
119577,0.0110403299332
119579,0.148503661156
119580,0.0203772708774
119582,0.0101306894794
119583,0.0266136657447
119584,0.0195914953947
119585,0.00789977237582
119590,0.00115209841169
119593,0.00455023534596
119597,0.0336374901235
119598,0.0129523659125
119599,0.0223347730935
119600,0.00648172292858
119601,0.0217573735863
119603,0.00227992469445
119604,0.00225130631588
119606,0.0102471029386
119609,0.00854517053813
119614,0.00113465311006
119615,0.104659467936
119616,0.0415692701936
119617,0.00764868594706
119620,0.0198759436607
119622,0.0091719403863
119623,0.0232593156397
119626,0.0018066422781
119627,0.00782070867717
119629,0.0318670943379
119630,0.00349008617923
119633,0.0291504729539
119636,0.00985003355891
119638,0.0136469984427
119642,0.0153308743611
119643,0.162858620286
119644,0.00136924593244
119646,0.0223156232387
119650,0.00782983843237
119652,0.00308754830621
119653,0.0198759436607
119658,0.00831376947463
119661,0.149692520499
119662,0.0181642305106
119664,0.00577566074207
119666,0.0352513417602
119667,0.00283521530218
119668,0.0136649245396
119670,0.0262646842748
119677,0.00571128772572
119678,0.0785547196865
119680,0.180349782109
119684,0.00470720417798
119685,0.0337290242314
119687,0.0149565879256
119691,0.0127232838422
119693,0.0037418550346
119695,0.00937165040523
119696,0.0302179288119
119697,0.0383873283863
119703,0.0185575727373
119704,0.00349697028287
119706,0.178152903914
119708,0.0303154606372
119711,0.00938124768436
119712,0.040951769799
119717,0.0145423766226
119718,0.0261646509171
119721,0.00252988841385
119726,0.00291667459533
119728,0.0961287915707
119729,0.00835238490254
119731,0.00854782573879
119733,0.0116232987493
119736,0.005188961979
119737,0.0111541170627
119738,0.0175935812294
119739,0.00673049828038
119740,0.149897843599
119742,0.0134418886155
119743,0.00612439773977
119744,0.00519612710923
119747,0.206774368882
119748,0.00590167893097
119751,0.00159253622405
119756,0.0572147890925
119757,0.0153719009832
119758,0.00270448205993
119759,0.00242168549448
119762,0.0192569345236
119763,0.0272835865617
119766,0.0174793470651
119770,0.0673744902015
119771,0.0152258407325
119772,0.13211171329
119776,0.00305362441577
119778,0.0255321282893
119780,0.0112680494785
119785,0.00730959093198
119788,0.0564699731767
119789,0.0223014745861
119790,0.0483720898628
119794,0.00602086447179
119798,0.00764203630388
119801,0.13002383709
119806,0.11702927947
119808,0.0198759436607
119811,0.00646736146882
119813,0.00397589383647
119815,0.0394092462957
119820,0.017827026546
119821,0.0196028240025
119822,0.0164491720498
119824,0.0127277337015
119825,0.00628080917522
119826,0.00963910855353
119829,0.0081785293296
119832,0.00885935965925
119834,0.00258723227307
119842,0.244584709406
119848,0.092348203063
119849,0.0963131934404
119850,0.047474116087
119852,0.00557372439653
119853,0.00494277430698
119854,0.00168427301105
119855,0.0163311641663
119860,0.00295114913024
119862,0.0145423766226
119863,0.191742062569
119864,0.0304672215134
119867,0.0114231994376
119868,0.0549946427345
119872,0.0211490876973
119881,0.00164888077416
119882,0.0510096549988
119883,0.00473168259487
119885,0.0235219355673
119889,0.0281453635544
119892,0.00217495695688
119893,0.0331165939569
119894,0.0224231611937
119895,0.0104078277946
119896,0.0475693754852
119897,0.190774276853
119898,0.00443065771833
119900,0.201782524586
119901,0.124789476395
119903,0.00819669291377
119907,0.0275929644704
119909,0.0222799163312
119910,0.0541797019541
119914,0.00715609127656
119915,0.00994177721441
119916,0.00598681624979
119917,0.00962964538485
119918,0.0163224563003
119920,0.04648020491
119921,0.0825761407614
119922,0.214820444584
119924,0.00952057447284
119927,0.00201450125314
119928,0.0596825666726
119929,0.176368325949
119932,0.0390775129199
119933,0.0153700169176
119935,0.00609686272219
119936,0.0200767554343
119937,0.168202072382
119938,0.00210251845419
119940,0.00912836752832
119941,0.063953615725
119945,0.0100032994524
119946,0.175284028053
119947,0.0196028240025
119951,0.00320068164729
119954,0.00707983318716
119960,0.00363104790449
119964,0.0115988701582
119965,0.0230715498328
119970,0.21298854053
119972,0.00885968189687
119977,0.00293795065954
119978,0.215152397752
119980,0.00785808172077
119981,0.011156979017
119982,0.00133629969787
119983,0.0036728545092
119987,0.00796850584447
119991,0.00847697909921
119993,0.0285271070898
119994,0.00817303080112
119995,0.00248375418596
119997,0.00854782573879
119999,0.172150194645
120002,0.00273021357134
120003,0.0380173958838
120005,0.0172841083258
120006,0.00258723227307
120007,0.00996958184987
120009,0.0174293331802
120010,0.109069608152
120013,0.197329893708
120015,0.017401156947
120016,0.0117728989571
120017,0.020255073905
120018,0.00266106589697
120019,0.0154300779104
120021,0.00805632676929
120025,0.0027736639604
120027,0.236603781581
120030,0.0345363691449
120031,0.00282079074532
120033,0.00202835025266
120040,0.0922622904181
120045,0.146135479212
120047,0.0196526665241
120049,0.00729620223865
120055,0.00222159991972
120058,0.0196028240025
120059,0.00555915944278
120060,0.0678534507751
120061,0.00310823717155
120062,0.0137148872018
120064,0.0110885929316
120065,0.00776714505628
120068,0.00806049350649
120069,0.0112555455416
120072,0.00969432573766
120073,0.00263786269352
120074,0.003540760139
120078,0.0412420630455
120079,0.00226492551155
120080,0.00822437461466
120081,0.0886169224977
120083,0.0295993555337
120087,0.0466129109263
120088,0.207534015179
120089,0.0114105045795
120090,0.004090949893
120091,0.00399895198643
120094,0.0467021539807
120095,0.00126130424906
120097,0.00396843999624
120098,0.167927995324
120100,0.0109833991155
120101,0.010444923304
120102,0.00860957149416
120106,0.00272917933762
120108,0.0446299351752
120110,0.194193676114
120111,0.0037005788181
120112,0.00771715771407
120113,0.00590107729658
120114,0.0128024946898
120115,0.00152022100519
120117,0.00700011197478
120119,0.0196028240025
120122,0.0177817810327
120123,0.00234328513034
120124,0.00215503852814
120125,0.0118732890114
120128,0.0535490512848
120130,0.00917843915522
120132,0.123912140727
120133,0.0196028240025
120135,0.0118739530444
120139,0.00634028576314
120141,0.00973656866699
120143,0.0269631762058
120147,0.0141994468868
120150,0.0332212261856
120151,0.0186017174274
120152,0.156160280108
120153,0.0228732358664
120155,0.0158426612616
120156,0.0103000476956
120160,0.0307153761387
120162,0.00435209460557
120164,0.0185605101287
120169,0.00236868159845
120172,0.0431599915028
120174,0.00286772591062
120176,0.0133721297607
120178,0.0112226651981
120179,0.0135528445244
120180,0.254804164171
120181,0.00872900988907
120182,0.0582086779177
120183,0.0236046500504
120185,0.0178962294012
120187,0.0165088027716
120188,0.180243894458
120191,0.0260658711195
120196,0.0358659513295
120197,0.00902606546879
120198,0.00862984359264
120200,0.00259189261124
120201,0.0226583629847
120203,0.0141994468868
120204,0.0292178317904
120206,0.00434453459457
120208,0.00263173924759
120209,0.203772425652
120210,0.12481623888
120213,0.00504324352369
120215,0.0170727334917
120217,0.0265460256487
120219,0.0628512650728
120221,0.00217650760897
120222,0.0196028240025
120223,0.0118763148785
120224,0.0193009190261
120228,0.032158151269
120229,0.0677582472563
120230,0.00402288325131
120233,0.00374893797562
120234,0.0118402084336
120236,0.106956616044
120241,0.0190815646201
120244,0.00191192317288
120245,0.00400793971494
120246,0.00184661638923
120247,0.0130250742659
120249,0.0390664488077
120253,0.0051523684524
120254,0.0799104124308
120256,0.00230135023594
120257,0.00995237659663
120265,0.17385391891
120266,0.0160038974136
120267,0.0335798561573
120269,0.00821779575199
120272,0.177796497941
120273,0.00971564464271
120276,0.157189056277
120277,0.0424966514111
120279,0.0344891883433
120280,0.0039896927774
120281,0.0784417018294
120283,0.0146494554356
120284,0.150433465838
120287,0.0141994468868
120288,0.00727740721777
120289,0.0243487432599
120292,0.0769077166915
120293,0.0396148487926
120294,0.0249241515994
120296,0.0770453214645
120298,0.00353065133095
120301,0.0108059644699
120302,0.0846316367388
120304,0.0160168856382
120305,0.00852698273957
120308,0.00183347356506
120309,0.00342075270601
120313,0.0196028240025
120316,0.0386995114386
120318,0.00376111967489
120321,0.0149957193062
120324,0.00295466021635
120325,0.0152921732515
120328,0.00963910855353
120331,0.0177622120827
120334,0.039722442627
120335,0.0916232541203
120337,0.181669875979
120338,0.00317664071918
120340,0.0239858608693
120343,0.152214303613
120344,0.00261198170483
120345,0.0108044305816
120346,0.00506757060066
120352,0.0606492049992
120353,0.0266618169844
120354,0.0301577933133
120356,0.0470002293587
120358,0.00473187770694
120364,0.00666622444987
120365,0.0391853898764
120366,0.0174791831523
120368,0.00304818269797
120369,0.0182517133653
120370,0.0123516451567
120371,0.0104627450928
120373,0.240081906319
120376,0.0117009645328
120381,0.00193434767425
120382,0.0358124412596
120383,0.00439429469407
120385,0.124101862311
120386,0.00587003910914
120388,0.00707436120138
120389,0.12537047267
120390,0.123537525535
120392,0.00248499843292
120394,0.00691616768017
120395,0.0166717451066
120397,0.0543144270778
120398,0.0330046452582
120399,0.00464176665992
120400,0.0406967513263
120401,0.00984907522798
120402,0.0240844897926
120403,0.0157839525491
120406,0.00533826602623
120409,0.00268246629275
120410,0.0716394707561
120412,0.00803372357041
120413,0.0984351187944
120416,0.0041139498353
120418,0.00138738448732
120420,0.180243894458
120421,0.0242706146091
120422,0.0169207900763
120423,0.0290654283017
120424,0.009695767425
120427,0.00990966428071
120428,0.0122532555833
120431,0.010607692413
120432,0.0118423793465
120434,0.0267464648932
120435,0.0260765627027
120436,0.00783496256918
120438,0.00615566037595
120440,0.0153534784913
120443,0.0246611796319
120447,0.0256992857903
120450,0.0552407428622
120451,0.164809376001
120455,0.0157418008894
120458,0.0582807064056
120460,0.12936642766
120461,0.0249825511128
120464,0.0189937613904
120465,0.00487177772447
120467,0.208073496819
120470,0.00903485622257
120471,0.0925276875496
120472,0.0149340881035
120474,0.0925577580929
120475,0.0334797278047
120477,0.00999768543988
120478,0.0148248989135
120481,0.0150030460209
120482,0.0307153761387
120483,0.00344539480284
120484,0.0699619576335
120485,0.00433861091733
120488,0.0760825574398
120490,0.00138043623883
120491,0.0246099289507
120494,0.106341347098
120498,0.00627902708948
120499,0.00903532095253
120503,0.00423072744161
120504,0.0133767919615
120506,0.176738545299
120507,0.00585661176592
120511,0.120047196746
120514,0.0202165879309
120515,0.00800986774266
120517,0.0233978256583
120518,0.00537543045357
120523,0.154348865151
120526,0.0110900988802
120528,0.0209027640522
120531,0.0258185546845
120532,0.0163153298199
120537,0.0163815598935
120539,0.00403815601021
120543,0.0150836184621
120550,0.00531259831041
120554,0.0216816347092
120557,0.00464300299063
120561,0.00147362216376
120562,0.010685573332
120566,0.0211939048022
120568,0.218438774347
120570,0.0331631079316
120574,0.0366870872676
120575,0.0033655629959
120576,0.0170468837023
120581,0.00256989616901
120583,0.0327610783279
120584,0.0361836440861
120589,0.00318611459807
120594,0.0189231261611
120596,0.0268905665725
120598,0.00299814785831
120599,0.04203350842
120600,0.020280752331
120601,0.18793413043
120602,0.00900604575872
120603,0.077486872673
120605,0.0134601304308
120606,0.0902654230595
120608,0.00837055686861
120609,0.00139915314503
120610,0.189952686429
120615,0.00930356327444
120618,0.0347819775343
120619,0.00228123110719
120622,0.0551496222615
120623,0.0257562231272
120624,0.072826333344
120626,0.176368325949
120633,0.0211204197258
120635,0.0139197194949
120640,0.0166661962867
120641,0.096365340054
120642,0.0192896202207
120643,0.00282568251714
120644,0.0379002951086
120645,0.0166244860739
120647,0.00438804086298
120648,0.00297261076048
120649,0.179096341133
120651,0.0221349466592
120652,0.02861613594
120653,0.0350518301129
120657,0.00203506578691
120659,0.0152202285826
120663,0.0198759436607
120665,0.00242301868275
120671,0.0499903410673
120672,0.00136147707235
120674,0.00597556680441
120676,0.0134068001062
120677,0.0206046290696
120678,0.00543244834989
120679,0.101814210415
120681,0.0163311641663
120684,0.00312926038168
120685,0.00243803695776
120687,0.0206327345222
120688,0.0083752674982
120689,0.0350084528327
120690,0.0122866015881
120691,0.00785720534623
120693,0.00632819067687
120695,0.00174435065128
120697,0.0150750782341
120702,0.0209296960384
120703,0.0196028240025
120704,0.00667142076418
120705,0.0241949204355
120707,0.0379637479782
120708,0.0668508633971
120709,0.0362610928714
120710,0.0153349284083
120711,0.00645347498357
120712,0.00542136887088
120714,0.0159559100866
120717,0.0307790059596
120718,0.0236390195787
120723,0.130247220397
120724,0.00222159991972
120726,0.0266120135784
120727,0.00821729935706
120728,0.0196028240025
120729,0.018940653652
120730,0.0459267050028
120731,0.0143912602216
120732,0.0154042895883
120733,0.0107399895787
120735,0.00307832285762
120737,0.00231922580861
120740,0.0255321282893
120741,0.00611124327406
120742,0.019369199872
120743,0.00761743495241
120744,0.014325754717
120746,0.00694429781288
120747,0.0118301380426
120748,0.0264217704535
120749,0.00280905771069
120752,0.228128150105
120754,0.00140001752879
120758,0.0187539663166
120760,0.00820609927177
120765,0.0173160713166
120768,0.00219717877917
120769,0.0261228084564
120771,0.0111543014646
120774,0.0249732993543
120777,0.0100493561476
120779,0.0212541855872
120780,0.0232368055731
120782,0.00225992151536
120785,0.0240871459246
120786,0.0178636573255
120789,0.175271525979
120792,0.0149161554873
120793,0.00453794933856
120794,0.00327791413292
120795,0.0515428259969
120797,0.0295247342438
120798,0.00155754212756
120800,0.0181318707764
120801,0.0290880780667
120803,0.186200425029
120804,0.0407153517008
120808,0.00345215690322
120809,0.110516056418
120813,0.0253042783588
120814,0.0117885479704
120816,0.00475245900452
120818,0.235649988055
120819,0.00439627328888
120822,0.013788334094
120823,0.0101831741631
120825,0.0102667799219
120826,0.0956068411469
120827,0.176044583321
120828,0.0127019360662
120829,0.0127028152347
120830,0.0663903579116
120831,0.218461230397
120832,0.0565477013588
120834,0.00373015692458
120835,0.142231151462
120836,0.00238439813256
120837,0.0783390775323
120838,0.131755501032
120839,0.00385106960312
120840,0.0114176338539
120842,0.0170612316579
120845,0.00237110769376
120847,0.0285533294082
120848,0.0367307327688
120851,0.00215503852814
120852,0.00226492551155
120855,0.0197376776487
120856,0.0125980451703
120858,0.0130500774831
120859,0.027329435572
120861,0.0257948804647
120864,0.00422350410372
120865,0.307755440474
120870,0.00268631777726
120873,0.0029786627274
120878,0.0254503469914
120879,0.00188113725744
120880,0.00229555391707
120881,0.00797919929028
120886,0.0214766077697
120887,0.0105608878657
120892,0.00698362151161
120893,0.0542133636773
120902,0.0444829538465
120904,0.00963727943599
120905,0.0464690811932
120908,0.0377224497497
120910,0.00334620801732
120914,0.00583260366693
120915,0.0400072112679
120920,0.00263533601537
120922,0.0810682401061
120924,0.00486161233857
120926,0.0154300779104
120927,0.0226488187909
120928,0.027639515698
120929,0.00533207366243
120930,0.0331172123551
120931,0.0185478311032
120933,0.0157110355794
120934,0.00453815376386
120935,0.0119741614908
120937,0.0883155837655
120940,0.139878675342
120942,0.0785296335816
120945,0.0200397372246
120946,0.0485665649176
120948,0.0129469111562
120949,0.0345430001616
120950,0.180243894458
120953,0.00363245070912
120954,0.00862350594252
120956,0.023605003953
120957,0.00369559973478
120958,0.00294918986037
120961,0.0267321188003
120965,0.00765161775053
120969,0.00276208436117
120971,0.00134613539558
120975,0.0490457750857
120977,0.0196526665241
120979,0.0185452066362
120980,0.0357180535793
120984,0.00495749851689
120985,0.0248389784247
120986,0.003775436664
120989,0.0220291353762
120993,0.00339246005751
120994,0.0016500139609
120996,0.0091363620013
120997,0.0182590335608
120998,0.00615156022832
120999,0.0596697889268
121004,0.00795784499496
121005,0.0168823227286
121006,0.0469784289598
121012,0.0196028240025
121014,0.167927995324
121016,0.0220985990018
121017,0.0340808294713
121018,0.0435380265117
121020,0.00470017408952
121021,0.00189305376261
121023,0.0147708076984
121024,0.0102655347437
121025,0.0429012924433
121028,0.118954576552
121029,0.0031824761536
121031,0.0163693856448
121032,0.191421434283
121035,0.11010402441
121036,0.0109377708286
121038,0.00138824363239
121039,0.00168474204838
121041,0.00203044875525
121045,0.0166537053883
121046,0.0499875321984
121047,0.00947021972388
121052,0.0167839545757
121053,0.00191752554383
121056,0.00927383825183
121057,0.00764443771914
121058,0.045747756958
121059,0.0509673021734
121061,0.00425563380122
121063,0.00175764702726
121064,0.0175294037908
121066,0.0168302636594
121067,0.0245071742684
121068,0.0176469013095
121071,0.00214807200246
121072,0.00840008724481
121074,0.0271878577769
121079,0.0495470725
121080,0.00603127526119
121085,0.00897645670921
121091,0.0148458275944
121092,0.235738784075
121094,0.028067547828
121095,0.02685546875
121097,0.00471885548905
121101,0.00262060458772
121102,0.0779342129827
121105,0.0354448370636
121106,0.0234409309924
121108,0.00280905771069
121110,0.0124012744054
121112,0.00181991711725
121113,0.00229798723012
121114,0.0484948791564
121115,0.00474823219702
121116,0.0541898459196
121118,0.00938809197396
121120,0.0026225768961
121123,0.0129721080884
121127,0.00376832345501
121132,0.0299993939698
121134,0.0109404539689
121135,0.015706628561
121136,0.0165611281991
121138,0.00565982796252
121139,0.0337696224451
121143,0.0645191147923
121145,0.00173536397051
121148,0.101815871894
121149,0.0181965231895
121150,0.0825638771057
121151,0.00948811508715
121152,0.135274380445
121155,0.159217968583
121156,0.0141994468868
121157,0.0922868326306
121158,0.182694420218
121162,0.284042745829
121163,0.0118402084336
121164,0.0235828571022
121165,0.00139915314503
121166,0.0093115568161
121168,0.0424841865897
121169,0.0196028240025
121175,0.00798762403429
121176,0.00971564464271
121177,0.0181380398571
121178,0.0204868093133
121187,0.0141994468868
121189,0.00426711607724
121191,0.006458026357
121193,0.00391307240352
121196,0.00325127807446
121197,0.0131375016645
121199,0.0029264006298
121200,0.225221693516
121201,0.00444354629144
121202,0.00912700872868
121204,0.00739506445825
121208,0.0269989520311
121210,0.0141994468868
121211,0.0496359579265
121213,0.0160999819636
121214,0.00264029647224
121217,0.015992840752
121220,0.00276272930205
121221,0.00282241799869
121222,0.0124012744054
121225,0.0262512303889
121226,0.0025434254203
121229,0.0127727454528
121230,0.0176755338907
121231,0.00343604735099
121232,0.0313490442932
121233,0.0175898391753
121235,0.0025343215093
121242,0.00768522918224
121243,0.00268363882788
121244,0.0953537076712
121245,0.00210393755697
121246,0.0282713901252
121250,0.00823955330998
121253,0.00241122185253
121254,0.20910102129
121255,0.0267017651349
121256,0.014504827559
121257,0.00183687033132
121260,0.0259829405695
121262,0.0146394772455
121267,0.00151962123346
121268,0.00139875686727
121270,0.0412359088659
121271,0.0276067201048
121272,0.0418871976435
121275,0.00837444048375
121276,0.00616359477863
121277,0.00273049273528
121278,0.015674136579
121280,0.0409752503037
121286,0.00262060458772
121288,0.00849041156471
121290,0.0283927693963
121291,0.0225647203624
121292,0.00162628886756
121294,0.00382913742214
121297,0.00149655144196
121298,0.00252520479262
121300,0.0146315144375
121301,0.00732952728868
121305,0.0109984558076
121306,0.0227274186909
121307,0.00888599548489
121311,0.00652374466881
121312,0.00775929167867
121315,0.0309842880815
121317,0.0169890988618
121318,0.0106092793867
121321,0.00328273652121
121323,0.0639132782817
121325,0.00149812200107
121328,0.0809675529599
121330,0.00973762571812
121333,0.185702711344
121335,0.00585177447647
121336,0.00882659386843
121338,0.00252843648195
121340,0.0480167120695
121341,0.00160784169566
121346,0.016618616879
121349,0.0154300779104
121352,0.0684982389212
121353,0.00932539161295
121354,0.00201521767303
121357,0.0607785582542
121358,0.0151860164478
121359,0.11849181354
121360,0.0037106059026
121361,0.260215103626
121366,0.0146589213982
121368,0.0632661581039
121372,0.00561145413667
121373,0.0201967321336
121374,0.0409752503037
121375,0.00415007676929
121377,0.0465786792338
121379,0.00570963090286
121380,0.0111618880183
121381,0.0230473261327
121382,0.0140788219869
121383,0.0136429686099
121385,0.0141560863703
121391,0.0260170288384
121393,0.00333375902846
121396,0.0109154274687
121399,0.00256937812082
121400,0.0148944016546
121401,0.0216816347092
121405,0.0124121541157
121406,0.0149274757132
121407,0.0398106239736
121408,0.226056113839
121409,0.0210259184241
121413,0.0173160713166
121414,0.0163384266198
121415,0.0120320906863
121416,0.00344557175413
121420,0.028939107433
121424,0.00116271944717
121425,0.0213015526533
121427,0.0043762428686
121428,0.00732297915965
121429,0.00860222429037
121432,0.0104030650109
121434,0.009695767425
121435,0.0166657287627
121438,0.00223565218039
121439,0.00600104639307
121441,0.00454385718331
121442,0.0124957049266
121443,0.0036378512159
121446,0.00730117456988
121447,0.0101457918063
121450,0.00288559123874
121451,0.0682110488415
121452,0.00297284405679
121455,0.0428393594921
121458,0.0206780284643
121460,0.0123230060562
121464,0.0299157463014
121467,0.0217391401529
121468,0.00313640548848
121473,0.0395625978708
121474,0.00936918891966
121476,0.0240418128669
121478,0.10179014504
121479,0.256093233824
121481,0.00416972581297
121484,0.0169120188802
121485,0.00173681101296
121486,0.0654425024986
121487,0.00759496819228
121489,0.0272615309805
121490,0.00912715960294
121492,0.00722942641005
121493,0.002513860818
121497,0.067013271153
121498,0.0308738723397
121500,0.0279673449695
121501,0.00673386920244
121504,0.0110395494848
121505,0.0124769490212
121511,0.0203271210194
121512,0.00775348953903
121513,0.188942015171
121515,0.00953239388764
121517,0.0715673193336
121519,0.0325588807464
121520,0.14797347784
121523,0.00168276391923
121524,0.0154725508764
121525,0.00364407175221
121528,0.213721215725
121530,0.176502436399
121532,0.114796735346
121535,0.0313127860427
121536,0.00602386705577
121537,0.100707173347
121538,0.00821808818728
121540,0.00576362526044
121541,0.00304943928495
121544,0.009695767425
121547,0.00599937140942
121548,0.0558858290315
121549,0.0238510537893
121551,0.00275601400062
121552,0.0141994468868
121555,0.022225568071
121559,0.015824072063
121563,0.00875903572887
121564,0.0503313839436
121565,0.0334546603262
121568,0.00389250204898
121569,0.00147999636829
121570,0.016655407846
121571,0.0137669909745
121573,0.00138896692079
121576,0.0176322180778
121577,0.00948811508715
121579,0.0164505988359
121580,0.00586121948436
121582,0.208290830255
121587,0.248437464237
121588,0.00148999830708
121590,0.0827570483088
121591,0.0300195906311
121594,0.00894359126687
121595,0.011813047342
121597,0.00937601644546
121600,0.0205999277532
121602,0.0318670943379
121604,0.00233537703753
121606,0.00943453423679
121607,0.0573297180235
121608,0.0199260078371
121610,0.00268618483096
121612,0.007575775031
121613,0.00263218954206
121615,0.00771240796894
121616,0.0225913599133
121618,0.0200953520834
121619,0.00253439764492
121620,0.0153918834403
121621,0.00603636819869
121622,0.0282973386347
121624,0.0200660247356
121626,0.00207474734634
121627,0.0177118182182
121628,0.0547546967864
121629,0.028125602752
121630,0.00721944356337
121633,0.003551494563
121636,0.00223251665011
121638,0.00828653015196
121639,0.0118583654985
121641,0.0176157392561
121643,0.0113905183971
121646,0.0318670943379
121649,0.00345667893998
121650,0.0100661674514
121653,0.0148458275944
121655,0.0251180939376
121657,0.113391131163
121659,0.079707249999
121660,0.0493324585259
121662,0.00223055132665
121664,0.0305704008788
121665,0.0093040689826
121671,0.0411051511765
121673,0.096555814147
121676,0.00546349352226
121677,0.00350618292578
121678,0.0196028240025
121679,0.0541898459196
121683,0.00783842243254
121684,0.221191868186
121687,0.0161718279123
121689,0.267313212156
121690,0.235183507204
121692,0.00775474123657
121693,0.00218985136598
121696,0.0104197980836
121698,0.0177639015019
121701,0.0138064557686
121702,0.0141767505556
121705,0.298518955708
121707,0.0167015939951
121710,0.00676593976095
121711,0.00835096370429
121713,0.00230609276332
121718,0.00139296415728
121720,0.003018575022
121721,0.0443622022867
121722,0.062076728791
121723,0.00442386884242
121724,0.0159264374524
121725,0.00393871543929
121729,0.0362263172865
121731,0.00141079234891
121733,0.00766324577853
121734,0.0146901831031
121738,0.00264380080625
121739,0.00307117425837
121743,0.00436902698129
121747,0.014964338392
121748,0.0175953358412
121749,0.04996644333
121750,0.00218291790225
121751,0.0028412961401
121757,0.00345793226734
121760,0.0353972539306
121765,0.0118402084336
121766,0.0127407973632
121769,0.00304709770717
121770,0.0133737344295
121772,0.00339905382134
121774,0.0255122948438
121775,0.0106386244297
121776,0.00517019769177
121778,0.0115191880614
121779,0.0181411989033
121780,0.00373235135339
121781,0.00236838520505
121782,0.0263314545155
121783,0.00948811508715
121784,0.0183429978788
121787,0.00485787633806
121789,0.0173419825733
121794,0.0502715408802
121798,0.0870596393943
121804,0.0119756683707
121806,0.0495470725
121809,0.19790007174
121810,0.0189159624279
121811,0.016029952094
121814,0.0265998616815
121816,0.00245460961014
121818,0.187198877335
121819,0.030419267714
121823,0.0186833012849
121824,0.0215941201895
121825,0.06140069291
121826,0.143352508545
121827,0.0732787176967
121832,0.117865152657
121833,0.0554368048906
121834,0.0128417015076
121835,0.0218204241246
121838,0.00146539672278
121839,0.100706748664
121842,0.0157547798008
121844,0.0259703211486
121845,0.00816759373993
121846,0.031534973532
121847,0.148503661156
121848,0.0424718409777
121849,0.00523181352764
121850,0.0156527422369
121852,0.00780147733167
121853,0.180243894458
121854,0.191955149174
121857,0.00746927829459
121858,0.00322723132558
121859,0.0088378014043
121861,0.0044644260779
121865,0.0100988913327
121868,0.026344306767
121870,0.0231887847185
121872,0.0321832224727
121876,0.0570952035487
121877,0.0341862291098
121878,0.0118387583643
121880,0.124163866043
121881,0.037825062871
121883,0.0196663588285
121884,0.00353333842941
121885,0.22724634409
121887,0.0993949174881
121888,0.0515432357788
121892,0.0299860611558
121894,0.0117422379553
121897,0.00404035439715
121899,0.0138049488887
121900,0.128210321069
121901,0.00625049974769
121902,0.143625333905
121904,0.0440821610391
121905,0.00174632295966
121908,0.0853409096599
121909,0.00273049273528
121916,0.00256360555068
121917,0.00380919966847
121919,0.022144600749
121921,0.00318631483242
121922,0.00346248690039
121923,0.0564663149416
121929,0.0016432935372
121933,0.0209832210094
121939,0.0110278781503
121941,0.0567158609629
121942,0.106341347098
121943,0.00223070546053
121944,0.0167348068208
121946,0.0990744531155
121948,0.0167968254536
121949,0.00750722642988
121950,0.237997487187
121951,0.0331608317792
121952,0.00169128377456
121953,0.00533908139914
121954,0.00673889694735
121959,0.00194828642998
121960,0.00977126788348
121967,0.0183058995754
121971,0.00144489342347
121972,0.0115264216438
121973,0.0971096679568
121976,0.00874927919358
121979,0.0247696489096
121980,0.00374064268544
121981,0.0033148759976
121983,0.293388962746
121987,0.00406379671767
121991,0.0171696580946
121992,0.00973656866699
121993,0.00140001752879
121994,0.00215356564149
121995,0.0149907758459
121996,0.0199724864215
122000,0.0183311961591
122001,0.0139567796141
122003,0.00821171607822
122004,0.00255838851444
122006,0.0030339572113
122009,0.278164774179
122010,0.0309437066317
122011,0.00198810058646
122012,0.00116761180107
122013,0.0148458275944
122014,0.0154999941587
122015,0.0171465165913
122017,0.00350703275762
122018,0.0611947737634
122020,0.00520532904193
122021,0.163385361433
122022,0.00327059230767
122023,0.0196028240025
122024,0.0780400559306
122026,0.00250584585592
122027,0.0183376185596
122029,0.00889975950122
122031,0.0118101257831
122033,0.0196181833744
122035,0.14630562067
122036,0.246789380908
122037,0.0129223829135
122040,0.00738704297692
122041,0.0525570437312
122042,0.142545595765
122044,0.0047080796212
122045,0.00282683293335
122047,0.00487539218739
122049,0.00618258025497
122050,0.0132500752807
122054,0.0237989034504
122055,0.0112297423184
122057,0.0450978241861
122058,0.0188587438315
122059,0.0412822254002
122060,0.00425077881664
122061,0.0168718714267
122062,0.0157229136676
122063,0.0110669815913
122064,0.101829782128
122066,0.185458183289
122069,0.00609677936882
122070,0.00410800147802
122071,0.0328472554684
122072,0.00339898583479
122073,0.0168823227286
122074,0.00140001752879
122077,0.00922718271613
122080,0.060899592936
122082,0.0129705090076
122083,0.00274800742045
122086,0.0218324307352
122087,0.0320547744632
122088,0.0249596610665
122089,0.0170992892236
122090,0.0159950163215
122092,0.0523315258324
122093,0.00263441493735
122095,0.0270232018083
122096,0.0781581103802
122097,0.0935711041093
122098,0.0362045690417
122102,0.0217395350337
122103,0.109392248094
122104,0.00274045974948
122105,0.02258512564
122109,0.175810948014
122111,0.0767570585012
122112,0.0106732612476
122113,0.00212002056651
122116,0.033711258322
122120,0.440753608942
122122,0.0118402084336
122123,0.0205629505217
122125,0.0757004320621
122126,0.00496941246092
122127,0.0909451916814
122129,0.00442955968902
122130,0.0372695550323
122134,0.011219099164
122135,0.036423638463
122136,0.00192517461255
122137,0.0108510935679
122138,0.00233235280029
122139,0.0466324090958
122140,0.055767647922
122143,0.0032683594618
122148,0.00247124163434
122149,0.0141994468868
122151,0.0132011631504
122153,0.0196028240025
122158,0.0409754477441
122161,0.00432236865163
122164,0.00830807443708
122167,0.109343938529
122168,0.0061134332791
122172,0.011822681874
122175,0.0420334339142
122184,0.0149907758459
122186,0.227852612734
122187,0.011474609375
122188,0.00971564464271
122189,0.00685068452731
122193,0.0191918835044
122194,0.0238446220756
122195,0.0220985990018
122196,0.0394196659327
122200,0.0399133823812
122201,0.0386204645038
122204,0.00766989123076
122206,0.0123439813033
122208,0.00271090609021
122209,0.00678277062252
122211,0.0554454363883
122214,0.00796850584447
122215,0.00250561465509
122217,0.0101877693087
122221,0.0185478311032
122225,0.00284227449447
122226,0.00989484041929
122227,0.00180828629527
122230,0.0173419825733
122231,0.00247748754919
122232,0.194896712899
122237,0.0154300779104
122240,0.0273571461439
122241,0.00288635701872
122243,0.00435786740854
122245,0.0149907758459
122246,0.0280998796225
122247,0.0118402084336
122248,0.00200235238299
122252,0.00317858485505
122256,0.00427764980122
122261,0.174630403519
122262,0.0558840297163
122266,0.00442629912868
122267,0.107304185629
122269,0.0163655783981
122272,0.00520221656188
122273,0.081658154726
122275,0.0157547798008
122276,0.00240815803409
122280,0.145740941167
122282,0.00225835759193
122283,0.00304806837812
122284,0.0268911644816
122285,0.0145423766226
122286,0.00536019634455
122287,0.00645712343976
122288,0.00129405129701
122290,0.00180828629527
122294,0.0244157351553
122295,0.029436968267
122296,0.0296434499323
122297,0.146041467786
122298,0.0023287825752
122299,0.0346836447716
122301,0.217295557261
122303,0.015142143704
122305,0.011695693247
122307,0.0197741258889
122309,0.0493967719376
122310,0.180871874094
122316,0.13633506
122318,0.00509969238192
122320,0.0245016738772
122321,0.0439237058163
122326,0.100706748664
122328,0.00373293855228
122329,0.009695767425
122330,0.0388970412314
122332,0.0235770270228
122335,0.0412517860532
122343,0.0367035977542
122346,0.0349489226937
122347,0.00354360626079
122348,0.00353391421959
122351,0.00349550833926
122352,0.0121320327744
122355,0.00957929808646
122359,0.0105874035507
122361,0.0606492049992
122362,0.0413255877793
122365,0.00505395745859
122370,0.0104555990547
122373,0.00201726797968
122374,0.00882916338742
122375,0.0379806421697
122376,0.0179953575134
122377,0.00990106817335
122378,0.0175545420498
122379,0.0213641114533
122380,0.00308668543585
122381,0.018144108355
122384,0.00836423039436
122386,0.0218486841768
122389,0.00367878866382
122390,0.0301456134766
122391,0.0304050985724
122394,0.00149259343743
122395,0.0107633490115
122397,0.00200032955036
122398,0.0264374092221
122400,0.0118402084336
122404,0.182862743735
122406,0.0621743127704
122408,0.0285741817206
122409,0.0220985990018
122410,0.157189056277
122411,0.0681711435318
122415,0.0744166597724
122418,0.0176162775606
122419,0.152377322316
122420,0.00948811508715
122425,0.00172889826354
122426,0.0330152176321
122427,0.00229798723012
122429,0.170899823308
122430,0.00461674109101
122433,0.00601986609399
122435,0.00524077285081
122436,0.00953656900674
122437,0.00562993902713
122438,0.0219608880579
122441,0.00196730834432
122444,0.00136083667167
122445,0.0111734308302
122448,0.00586514687166
122452,0.112330824137
122456,0.00678431615233
122458,0.00142361794133
122461,0.00918720290065
122464,0.0947370231152
122466,0.0125913564116
122467,0.153244554996
122468,0.00806276220828
122469,0.0406927503645
122470,0.00205869949423
122472,0.00655855843797
122473,0.0374109819531
122474,0.00260672252625
122475,0.011254186742
122476,0.00245982245542
122477,0.00264928070828
122481,0.00272741727531
122482,0.0515109226108
122483,0.0232717134058
122484,0.0274818725884
122485,0.0128442589194
122486,0.00584005191922
122489,0.106216587126
122490,0.0288531631231
122491,0.055767647922
122493,0.00962427165359
122495,0.00445769168437
122496,0.00250359415077
122497,0.00796850584447
122498,0.0261188279837
122499,0.0242478493601
122502,0.0170560982078
122504,0.010495393537
122508,0.087869592011
122513,0.0415741987526
122517,0.0343497730792
122520,0.157189056277
122522,0.00394610036165
122523,0.00440956698731
122526,0.00915718451142
122532,0.0245696064085
122537,0.0348493568599
122539,0.175810948014
122542,0.0182284917682
122545,0.00829211622477
122546,0.0151226865128
122548,0.0112717207521
122549,0.016823258251
122552,0.209551289678
122557,0.00973762571812
122560,0.035083334893
122563,0.0276948735118
122564,0.00752428872511
122566,0.0139330904931
122567,0.0390485264361
122568,0.00597111042589
122570,0.0160377454013
122571,0.0247842762619
122572,0.0145423766226
122574,0.00922761391848
122575,0.0494538322091
122577,0.0476096607745
122578,0.00317858485505
122580,0.00548066711053
122581,0.0148903103545
122583,0.0276931207627
122584,0.00252671982162
122589,0.0311066452414
122591,0.0417814403772
122592,0.0566714517772
122593,0.0305697452277
122598,0.0516396537423
122603,0.0121487323195
122605,0.00643334584311
122607,0.00201521767303
122609,0.0430720746517
122611,0.00235821306705
122612,0.025706987828
122613,0.00587731786072
122615,0.0147726107389
122618,0.00719465594739
122619,0.00190062797628
122621,0.110691532493
122622,0.00166344200261
122623,0.00328879547305
122624,0.00279240147211
122625,0.00199633161537
122627,0.00733908452094
122633,0.0351682119071
122634,0.00989148113877
122637,0.0651947781444
122639,0.00605806754902
122640,0.0175423342735
122643,0.0153559446335
122644,0.0204005483538
122645,0.00698478566483
122647,0.00311680068262
122649,0.00909312441945
122650,0.0355439223349
122653,0.0154346786439
122657,0.0241069551557
122659,0.104643173516
122664,0.0272054392844
122665,0.00302363047376
122668,0.0390358157456
122669,0.0518035367131
122671,0.00209010532126
122672,0.0136988423765
122675,0.127722650766
122678,0.0856789425015
122683,0.0196028240025
122684,0.00315008219332
122685,0.199514046311
122686,0.0136469146237
122687,0.122734762728
122688,0.00299178459682
122691,0.00254814652726
122693,0.0489463359118
122696,0.0150909312069
122697,0.184005632997
122700,0.00370411062613
122701,0.00290516554378
122703,0.0636678859591
122707,0.00437133852392
122709,0.0234287753701
122710,0.231107071042
122713,0.0916173383594
122715,0.0565427318215
122718,0.0476270802319
122719,0.210475981236
122722,0.00771888811141
122723,0.00890496745706
122727,0.0191599242389
122731,0.00137002265546
122732,0.0065262732096
122735,0.0208800137043
122741,0.0790136530995
122744,0.0325166918337
122747,0.0222826693207
122748,0.217299133539
122751,0.0060105426237
122754,0.113479487598
122755,0.0244621466845
122756,0.136356383562
122757,0.00990530941635
122759,0.0923084020615
122762,0.00712837744504
122764,0.00660019321367
122768,0.0167944487184
122769,0.00948811508715
122770,0.0296434499323
122771,0.0621031485498
122775,0.00850199256092
122778,0.0288171246648
122779,0.164333090186
122780,0.00139316846617
122783,0.0627225711942
122790,0.00212633470073
122793,0.0486287921667
122794,0.00315148872323
122795,0.0149052860215
122798,0.00809762440622
122802,0.00224912026897
122803,0.0122244916856
122810,0.00975290872157
122811,0.201799452305
122812,0.00818893965334
122815,0.017638174817
122817,0.003557914868
122818,0.148746311665
122819,0.0189937613904
122820,0.00411930633709
122821,0.0154300779104
122822,0.0547063462436
122828,0.0168823227286
122829,0.0530161969364
122830,0.0186686273664
122831,0.0169664043933
122833,0.0858915448189
122834,0.0198769457638
122836,0.0320855826139
122840,0.0154300779104
122843,0.0123300654814
122850,0.0196028240025
122851,0.0350506864488
122852,0.00701215444133
122853,0.0114468364045
122855,0.0408329963684
122856,0.0225493907928
122860,0.0196028240025
122861,0.0108880316839
122862,0.0318670943379
122863,0.00148512679152
122870,0.00800464488566
122872,0.00519377877936
122873,0.0173225328326
122874,0.011779602617
122876,0.0137879457325
122877,0.0611816570163
122879,0.00918577890843
122881,0.00235821306705
122882,0.00993176642805
122886,0.00668597221375
122887,0.0858915448189
122891,0.0196526665241
122892,0.0240103844553
122894,0.0272941049188
122896,0.157189056277
122898,0.0712323561311
122900,0.296508073807
122901,0.00994960404932
122903,0.0125432843342
122908,0.0105599761009
122910,0.0253845397383
122911,0.00273124477826
122913,0.0123300999403
122914,0.0318284779787
122915,0.00276927952655
122916,0.0198769457638
122919,0.00462240865454
122921,0.00456837052479
122922,0.0154692167416
122927,0.00184396130498
122929,0.0388488322496
122930,0.0172265525907
122932,0.0350006185472
122934,0.00369327422231
122935,0.0337896868587
122936,0.00994466431439
122938,0.00790591910481
122940,0.00422243913636
122942,0.047733630985
122944,0.0315547063947
122946,0.0312797389925
122947,0.005858999677
122948,0.0177067741752
122949,0.185893043876
122950,0.0273241195828
122951,0.0260132160038
122952,0.0250275675207
122954,0.0235800575465
122955,0.257337063551
122958,0.00762065127492
122962,0.0102471029386
122965,0.00433094054461
122966,0.0388367474079
122967,0.00339265028015
122971,0.0119415540248
122972,0.00872922874987
122973,0.290111958981
122975,0.00511296279728
122976,0.00265125976875
122978,0.0117701971903
122979,0.194774925709
122983,0.0369020663202
122984,0.0333179347217
122985,0.0078662019223
122986,0.00252988841385
122988,0.00309880124405
122995,0.0182284917682
122998,0.136053666472
122999,0.0221524443477
123004,0.0100487489253
123005,0.0333962738514
123006,0.0107188690454
123010,0.228111729026
123013,0.0221090409905
123014,0.0385871492326
123020,0.00827339757234
123022,0.00439760880545
123023,0.0059682582505
123025,0.0328638404608
123030,0.00305812060833
123033,0.00390698667616
123034,0.181669875979
123035,0.0298533439636
123037,0.0392199940979
123038,0.0381783619523
123047,0.0384494774044
123048,0.0107670770958
123049,0.151835769415
123051,0.00973762571812
123052,0.028973672539
123055,0.00627495814115
123057,0.00931372493505
123058,0.0541207715869
123060,0.00442149862647
123061,0.0145250428468
123064,0.00272854976356
123066,0.00388891110197
123068,0.0226975288242
123069,0.013239257969
123071,0.0128168873489
123073,0.128757476807
123074,0.0028412961401
123075,0.0220985990018
123079,0.00764435483143
123080,0.113335892558
123081,0.106369234622
123082,0.277453869581
123087,0.00193988461979
123088,0.0900996029377
123089,0.0154300779104
123090,0.00236358609982
123091,0.00181056861766
123094,0.016511419788
123095,0.0133991762996
123099,0.0034344624728
123100,0.0192733686417
123102,0.0263026114553
123103,0.00546744139865
123105,0.0103791318834
123109,0.00662056170404
123110,0.0818662419915
123112,0.165868967772
123113,0.00587590225041
123114,0.00149367272388
123115,0.0836466103792
123118,0.00211913906969
123120,0.0669164434075
123123,0.180243894458
123124,0.0243374072015
123125,0.172531411052
123126,0.00738617219031
123127,0.0118517074734
123128,0.0110348500311
123129,0.00836615636945
123130,0.0269379969686
123132,0.0397302620113
123134,0.00238439813256
123135,0.0119483182207
123136,0.028833610937
123138,0.0047042472288
123139,0.00511526502669
123141,0.22142007947
123143,0.0307153761387
123144,0.00332033960149
123151,0.0233747754246
123155,0.00815429724753
123156,0.0026208863128
123158,0.00519119529054
123159,0.00258779968135
123160,0.143938630819
123164,0.0131097305566
123165,0.0331453867257
123167,0.0419113151729
123168,0.00930388830602
123173,0.0267623383552
123174,0.00369246909395
123177,0.00929873436689
123178,0.0272499583662
123179,0.015158964321
123180,0.279455065727
123185,0.0964624807239
123187,0.017084652558
123188,0.0149907758459
123189,0.0496002919972
123191,0.0559375435114
123192,0.20090842247
123195,0.051669947803
123197,0.152377322316
123198,0.145461276174
123200,0.0345149673522
123201,0.0170923750848
123204,0.00246849609539
123206,0.00477713532746
123207,0.0035102320835
123208,0.0172581039369
123211,0.124856993556
123212,0.00217100419104
123213,0.00666390080005
123217,0.00350145297125
123220,0.0219955313951
123221,0.00786594487727
123223,0.167151138186
123226,0.006449975539
123227,0.0320855826139
123228,0.0543075539172
123233,0.00512310676277
123234,0.00348071567714
123235,0.0157859623432
123236,0.00852440670133
123237,0.00626292172819
123238,0.0190938990563
123239,0.0228520855308
123241,0.0307153761387
123242,0.00934875570238
123244,0.00932539161295
123246,0.0202831216156
123249,0.0141994468868
123251,0.0457966700196
123253,0.00156857410911
123256,0.0331775657833
123257,0.0210681650788
123258,0.0166290085763
123260,0.002339404542
123262,0.0810090303421
123264,0.0581569112837
123265,0.00556631293148
123266,0.00724743306637
123267,0.00700580887496
123269,0.0250457506627
123270,0.00659961532801
123271,0.161717802286
123274,0.0769148468971
123276,0.00752375880256
123279,0.00736236805096
123280,0.0568270236254
123281,0.00619990518317
123288,0.0124012744054
123289,0.00586514919996
123290,0.0491583533585
123291,0.0951624438167
123293,0.0402671210468
123294,0.00135222531389
123298,0.0404908657074
123302,0.0223716422915
123308,0.0132433017716
123309,0.215676233172
123310,0.0132925743237
123315,0.0305766686797
123322,0.029685979709
123324,0.00544579233974
123325,0.0254402253777
123330,0.0150487907231
123331,0.00957775954157
123332,0.00855893362314
123333,0.00266654859297
123336,0.00949334166944
123338,0.264330089092
123340,0.00131590338424
123341,0.00301774428226
123342,0.00573644647375
123344,0.00959831755608
123345,0.0169044900686
123346,0.00190864107572
123347,0.250547945499
123348,0.0205521788448
123350,0.0191134978086
123354,0.0325096584857
123356,0.290690630674
123359,0.0127695826814
123360,0.00351733132266
123361,0.049708776176
123363,0.006509445142
123365,0.00655037071556
123370,0.666650652885
123371,0.0296819321811
123373,0.00569021096453
123375,0.0171783752739
123376,0.00447855005041
123377,0.00411870749667
123379,0.00327076972462
123381,0.0231595262885
123382,0.019536992535
123383,0.0329012237489
123385,0.00220753904432
123387,0.0108454758301
123389,0.00253439764492
123394,0.00762809067965
123398,0.0760601311922
123399,0.00349115929566
123400,0.0149907758459
123403,0.0222870633006
123404,0.0163944493979
123406,0.0220985990018
123409,0.00381490704603
123410,0.0101665193215
123411,0.00184233486652
123412,0.0239431783557
123414,0.0720852166414
123423,0.00989858713001
123424,0.0291504729539
123425,0.0316080302
123426,0.00263586384244
123428,0.0522815138102
123429,0.010770490393
123431,0.0140953259543
123433,0.0317905507982
123435,0.0414464212954
123438,0.168193012476
123440,0.0197859443724
123443,0.00869493745267
123444,0.119433745742
123446,0.203772425652
123447,0.0475956723094
123448,0.0362025499344
123449,0.277152657509
123450,0.00133696803823
123452,0.00376985617913
123453,0.00766007322818
123455,0.104907736182
123456,0.00772799132392
123457,0.00242554303259
123459,0.0213223099709
123460,0.0197617150843
123461,0.00464361533523
123463,0.0154609465972
123464,0.0208710823208
123465,0.00583307398483
123467,0.00136408780236
123468,0.00254503358155
123469,0.150433465838
123470,0.00384262949228
123473,0.00301108765416
123474,0.00942683685571
123480,0.0279891435057
123481,0.0748795345426
123483,0.0192592274398
123486,0.00943437311798
123491,0.0029813204892
123492,0.0122655602172
123495,0.0211401060224
123497,0.00483838329092
123502,0.00580151984468
123505,0.0145995747298
123506,0.0230734366924
123508,0.0203940365463
123509,0.035274554044
123512,0.0134066427127
123513,0.0359926372766
123514,0.0400660708547
123515,0.0766169950366
123516,0.00671064574271
123519,0.0625104084611
123520,0.00705424603075
123521,0.0288669429719
123523,0.0113450363278
123524,0.0130410650745
123527,0.0867269486189
123528,0.0264729689807
123531,0.0825761407614
123538,0.018976137042
123539,0.0305612627417
123545,0.157189056277
123546,0.128306686878
123548,0.0394092462957
123551,0.00293033244088
123552,0.0151926726103
123554,0.0175759289414
123555,0.0157547798008
123556,0.00243275775574
123557,0.0338317900896
123561,0.108593568206
123563,0.0081597212702
123569,0.0196028240025
123570,0.176368325949
123574,0.0172671731561
123575,0.0154300779104
123576,0.0143911736086
123581,0.0146964024752
123583,0.00316446553916
123584,0.0406543947756
123586,0.014922237955
123588,0.00931372493505
123589,0.0117636322975
123591,0.0157547798008
123592,0.0541898459196
123593,0.152090385556
123596,0.00208344357088
123597,0.00497621484101
123598,0.0407021157444
123599,0.0192928556353
123600,0.0038889425341
123601,0.0119851175696
123602,0.0325166918337
123603,0.0143497241661
123604,0.0145110301673
123605,0.00428081350401
123606,0.0323956571519
123607,0.0129131413996
123608,0.091105081141
123610,0.00136494473554
123613,0.00374351348728
123614,0.0101748099551
123615,0.0158370565623
123618,0.073052868247
123619,0.0400226004422
123623,0.0173254795372
123624,0.097376614809
123625,0.0886962786317
123627,0.0269593261182
123628,0.0642332583666
123629,0.0233334098011
123630,0.00384505093098
123631,0.0340022742748
123632,0.174728617072
123635,0.00159641681239
123636,0.0314998701215
123637,0.00352070038207
123638,0.00515053840354
123639,0.0387106724083
123641,0.0443750619888
123644,0.0071677477099
123646,0.0997989028692
123647,0.0273577291518
123651,0.0357107035816
123655,0.0138235483319
123658,0.166057318449
123660,0.0101490812376
123663,0.00702124740928
123666,0.0334560796618
123667,0.00523341214284
123668,0.0180697329342
123669,0.0759361386299
123674,0.00148345762864
123677,0.00415660301223
123679,0.0349171049893
123681,0.00170851056464
123682,0.00156450876966
123683,0.00351223768666
123684,0.061293438077
123686,0.0253731328994
123687,0.150260597467
123689,0.189952686429
123691,0.0236590020359
123692,0.158467903733
123699,0.0156007893384
123700,0.00320570892654
123701,0.0641802102327
123704,0.00536661408842
123705,0.0196028240025
123706,0.0208993628621
123707,0.0045392611064
123709,0.016137201339
123710,0.0161188989878
123711,0.0126522555947
123712,0.0858915448189
123713,0.07493994385
123714,0.0101986424997
123716,0.0178278945386
123717,0.021511875093
123718,0.20202293992
123722,0.0499021857977
123724,0.0059861978516
123725,0.0652260929346
123728,0.0311177559197
123730,0.00435880478472
123731,0.00239169225097
123738,0.00218766951002
123740,0.0304136630148
123741,0.00429183151573
123742,0.00973762571812
123743,0.00339270173572
123746,0.180229306221
123750,0.00245972420089
123752,0.0227344371378
123754,0.0180454496294
123756,0.0748645737767
123757,0.00439323950559
123760,0.008271003142
123762,0.0142500903457
123763,0.0182395130396
123764,0.00351626682095
123766,0.00392066081986
123769,0.00932539161295
123772,0.01488354709
123780,0.00433076405898
123783,0.0388367474079
123785,0.0153656946495
123787,0.00997190736234
123789,0.0216816347092
123790,0.0141994468868
123791,0.102566704154
123792,0.0345368236303
123793,0.0958337038755
123797,0.0397347658873
123798,0.00423283362761
123800,0.0042628836818
123801,0.0185478311032
123802,0.0093260621652
123803,0.0314419791102
123804,0.0148001126945
123806,0.0162972100079
123813,0.049167111516
123814,0.0710019096732
123815,0.010000674054
123819,0.0196028240025
123820,0.00260637258179
123822,0.00521865766495
123823,0.00232691201381
123824,0.115876659751
123825,0.0976407602429
123826,0.0320855826139
123827,0.0412496514618
123830,0.01893568784
123831,0.0586025081575
123833,0.130311250687
123836,0.00908199045807
123842,0.00256360555068
123844,0.0251373630017
123846,0.0208842549473
123847,0.0721803382039
123849,0.0119163580239
123853,0.00250391103327
123857,0.00643979292363
123859,0.0370120219886
123860,0.00355111155659
123861,0.00963910855353
123862,0.00136348442174
123866,0.0097162136808
123867,0.00906167645007
123868,0.0428640022874
123869,0.00810656417161
123870,0.00306338607334
123872,0.009695767425
123874,0.00230159121566
123875,0.270985305309
123877,0.00757919903845
123880,0.0171832051128
123881,0.0149621451274
123883,0.196083277464
123884,0.00555463507771
123887,0.0298068467528
123888,0.0102602802217
123889,0.0252620317042
123890,0.00869705434889
123895,0.00976259727031
123897,0.00293782213703
123898,0.157120719552
123899,0.0173618700355
123900,0.073752656579
123902,0.0237613394856
123903,0.00520634930581
123904,0.00405626604334
123906,0.00144731299952
123907,0.00729138962924
123908,0.00222806958482
123909,0.234668046236
123911,0.00340630603023
123913,0.00171873811632
123916,0.043558344245
123917,0.0301680732518
123918,0.0251355729997
123919,0.00521743483841
123920,0.130226060748
123921,0.0134895863011
123926,0.024847112596
123927,0.00219487491995
123928,0.0523571893573
123931,0.0214435495436
123932,0.17811897397
123935,0.0305569246411
123938,0.0235410816967
123939,0.00636407407001
123940,0.159745484591
123943,0.00184396130498
123944,0.1792999506
123945,0.00948811508715
123949,0.162423580885
123950,0.0196028240025
123952,0.00878244545311
123953,0.00334708299488
123954,0.00988302845508
123955,0.0710839778185
123959,0.011913725175
123960,0.00793024338782
123966,0.0524914078414
123967,0.00905930902809
123971,0.0999095514417
123972,0.00263152387924
123975,0.0585096739233
123977,0.00636749761179
123978,0.0129087604582
123979,0.00234745559283
123980,0.0108050722629
123981,0.0494491569698
123982,0.00129694282077
123987,0.00402207719162
123988,0.00833196751773
123989,0.00192399858497
123991,0.00285577354953
123993,0.0758450776339
123995,0.0117182517424
123996,0.0209424961358
123998,0.0112969381735
123999,0.0513456389308
124001,0.0254940800369
124002,0.205967575312
124004,0.0025226646103
124005,0.0158796850592
124007,0.0425606705248
124008,0.0087928744033
124010,0.00612995261326
124012,0.0147653752938
124013,0.0800204649568
124015,0.0131730530411
124017,0.063953615725
124023,0.0124463830143
124025,0.0271324347705
124026,0.0185478311032
124027,0.0226107314229
124028,0.0157547798008
124029,0.0203400533646
124030,0.0184097457677
124032,0.009695767425
124033,0.00636163819581
124035,0.0173930544406
124036,0.0321033000946
124040,0.038779143244
124049,0.0788246020675
124052,0.00611981051043
124055,0.00613114982843
124056,0.0148458275944
124057,0.0867767781019
124059,0.00127895234618
124060,0.0592625401914
124063,0.0022757104598
124064,0.229549765587
124065,0.00349622452632
124072,0.279949218035
124073,0.0721943080425
124074,0.0670282691717
124078,0.00254943873733
124079,0.0866427123547
124081,0.0205900557339
124083,0.00261162640527
124084,0.00865115597844
124085,0.0167370121926
124087,0.0243690051138
124088,0.0253567192703
124089,0.0997265279293
124090,0.0192740764469
124094,0.18793413043
124095,0.262745082378
124096,0.0281961653382
124097,0.00308968033642
124098,0.00140740745701
124099,0.0139101538807
124103,0.0572527274489
124105,0.0317925699055
124106,0.0111755859107
124108,0.00829107686877
124110,0.00963910855353
124111,0.00368221569806
124114,0.0357107035816
124115,0.106748685241
124117,0.109979994595
124118,0.00834383908659
124119,0.009695767425
124121,0.0317861102521
124125,0.00214133085683
124127,0.00122268451378
124129,0.011929278262
124133,0.0448826923966
124134,0.0553472787142
124136,0.00168902450241
124137,0.00536445900798
124138,0.00830767024308
124139,0.00444321520627
124147,0.00847098138183
124148,0.0110531551763
124150,0.00373432040215
124151,0.0449790768325
124153,0.0117091163993
124155,0.0438828021288
124157,0.0255719516426
124158,0.0357180535793
124159,0.00358624244109
124160,0.00174518954009
124162,0.0118402084336
124163,0.0117845050991
124164,0.0053261895664
124165,0.00772071769461
124167,0.0185478311032
124168,0.020117899403
124170,0.0187270771712
124172,0.00948811508715
124178,0.0671565085649
124180,0.00271109677851
124181,0.0256305206567
124183,0.172081366181
124184,0.169517308474
124185,0.00708250887692
124187,0.00900475215167
124188,0.0602487996221
124191,0.199514046311
124192,0.00519535318017
124194,0.0125645287335
124196,0.0287835411727
124198,0.0270899105817
124199,0.00288574490696
124200,0.00948811508715
124201,0.0566630661488
124202,0.0367920771241
124203,0.006699396763
124204,0.0369797721505
124205,0.0293086096644
124207,0.0102709233761
124209,0.017388002947
124213,0.0104532316327
124214,0.00997181329876
124215,0.0272809993476
124216,0.174036160111
124217,0.0172581039369
124219,0.0093065649271
124222,0.104338653386
124224,0.0406074523926
124225,0.227852612734
124226,0.0997265279293
124231,0.00985003355891
124232,0.0226276125759
124233,0.00932539161295
124237,0.0176741592586
124238,0.0494932830334
124240,0.00243957061321
124247,0.0323417074978
124248,0.0220985990018
124250,0.0143632255495
124252,0.0098925512284
124255,0.015674136579
124256,0.00598862674087
124258,0.0848425477743
124259,0.00218266248703
124261,0.21854826808
124263,0.00121489260346
124265,0.00297530554235
124266,0.063953615725
124268,0.210154429078
124269,0.182694420218
124274,0.00230102078058
124275,0.0306684989482
124276,0.00216127373278
124277,0.0102758156136
124278,0.0357988625765
124280,0.0289644375443
124283,0.030248388648
124284,0.00133803032804
124286,0.0105634396896
124288,0.0236445069313
124289,0.00796850584447
124291,0.00138863699976
124292,0.0196028240025
124294,0.0172589048743
124295,0.0313670039177
124296,0.024507207796
124297,0.0608297809958
124298,0.0407836250961
124303,0.0431222692132
124305,0.0326768048108
124306,0.0119453752413
124307,0.0141994468868
124308,0.0239419620484
124314,0.0266360901296
124315,0.13211171329
124317,0.00711585115641
124321,0.0301797688007
124322,0.0340279228985
124325,0.0141994468868
124327,0.0249874517322
124328,0.0522792190313
124329,0.148959606886
124331,0.0335925333202
124332,0.0145423766226
124335,0.0224153194577
124336,0.00253995112143
124337,0.00786638725549
124339,0.00647179642692
124340,0.00416588410735
124341,0.00942505523562
124345,0.225426018238
124349,0.00443877326325
124353,0.00291746668518
124354,0.00527850165963
124355,0.025322329253
124356,0.0789760053158
124359,0.00804596487433
124360,0.0114971371368
124361,0.00257385079749
124362,0.015845650807
124363,0.0794171765447
124365,0.0165611281991
124368,0.0237772334367
124369,0.114961698651
124370,0.0305698309094
124371,0.00217072432861
124374,0.00225303997286
124375,0.00609707646072
124381,0.00678988685831
124382,0.0641095787287
124384,0.00662258500233
124385,0.0254055634141
124386,0.157189056277
124387,0.011020604521
124388,0.0584542118013
124393,0.0850482881069
124394,0.0362413935363
124396,0.00484237540513
124397,0.00323384162039
124398,0.0917000547051
124399,0.00346183404326
124400,0.235465198755
124406,0.00484309019521
124407,0.0350667499006
124410,0.00299743958749
124411,0.00215268880129
124414,0.0163693856448
124416,0.182862743735
124418,0.0103475349024
124421,0.0144903631881
124425,0.0065280823037
124426,0.00339572923258
124429,0.0346075110137
124430,0.0145423766226
124431,0.0311711002141
124434,0.0297634936869
124438,0.00634104246274
124439,0.00855992920697
124440,0.00703099463135
124444,0.010770490393
124445,0.144698604941
124446,0.00931372493505
124449,0.235363781452
124450,0.0138221504167
124451,0.0322848595679
124455,0.0117655443028
124456,0.00236269342713
124457,0.0061134332791
124462,0.0127695826814
124464,0.0386871509254
124469,0.00837590172887
124470,0.00490529136732
124472,0.24945063889
124473,0.14630562067
124478,0.0223688874394
124479,0.259471744299
124481,0.157243221998
124482,0.163275197148
124483,0.0035443790257
124486,0.0423159152269
124487,0.181669875979
124491,0.00580351427197
124492,0.199661791325
124493,0.247575074434
124494,0.0391900166869
124497,0.0196028240025
124501,0.00261312490329
124502,0.0148944016546
124504,0.0143443644047
124505,0.0300987288356
124506,0.0485715307295
124508,0.010084929876
124509,0.00419760728255
124512,0.00704256584868
124516,0.08908919245
124517,0.011020604521
124519,0.00288254837506
124520,0.0286658052355
124522,0.110166825354
124527,0.00862559769303
124528,0.0160457007587
124529,0.00252671982162
124531,0.00304994103499
124533,0.0014106486924
124538,0.0130297839642
124539,0.209515318274
124540,0.0318670943379
124541,0.0398129671812
124542,0.00406587030739
124544,0.00268246629275
124546,0.051079697907
124549,0.0994139313698
124550,0.123993620276
124552,0.00721623096615
124553,0.0365144275129
124555,0.00254078698345
124558,0.00200804346241
124559,0.00689842598513
124564,0.0109919849783
124565,0.00253783073276
124569,0.0196028240025
124570,0.00268246629275
124573,0.0224240347743
124575,0.0959098786116
124576,0.0219549946487
124577,0.0465965233743
124580,0.0138419177383
124581,0.00728867389262
124583,0.00957615021616
124585,0.0141994468868
124587,0.0106752198189
124588,0.0141994468868
124590,0.00147495872807
124591,0.00279147364199
124597,0.0623975209892
124598,0.0205721724778
124599,0.0518090538681
124600,0.0168827902526
124601,0.0179737415165
124602,0.0209323093295
124603,0.00689545739442
124604,0.00988156814128
124607,0.00291994377039
124609,0.0183572359383
124611,0.0397698506713
124612,0.179046839476
124613,0.00263764942065
124619,0.0103084025905
124624,0.00490247178823
124625,0.0108816558495
124627,0.0145423766226
124629,0.0108921555802
124632,0.0340372994542
124633,0.00822199042886
124634,0.0248306822032
124636,0.00887479353696
124637,0.00577893387526
124639,0.0287012830377
124640,0.141314342618
124643,0.229966416955
124647,0.00640302663669
124649,0.00181384989992
124650,0.0158363580704
124651,0.00211320514791
124658,0.00854517053813
124661,0.00235772295855
124662,0.0133545519784
124668,0.00725669553503
124670,0.0159037355334
124672,0.0789598301053
124675,0.0176782421768
124677,0.0169142559171
124678,0.0404630228877
124685,0.0232734698802
124686,0.133896186948
124687,0.0242162849754
124690,0.00864539202303
124691,0.213721215725
124692,0.00769855733961
124693,0.00433013448492
124696,0.0409467443824
124697,0.00448393402621
124699,0.00236355443485
124702,0.0318670943379
124703,0.00506152026355
124704,0.00921197235584
124706,0.0071263294667
124708,0.0145694557577
124709,0.00755839655176
124710,0.0731178000569
124711,0.0166537053883
124712,0.0204898174852
124714,0.183093830943
124721,0.00463435053825
124722,0.032979734242
124723,0.0598698295653
124728,0.0145423766226
124729,0.0225994735956
124732,0.0234287753701
124733,0.00278033525683
124734,0.00418436946347
124735,0.00721944356337
124736,0.141918048263
124738,0.00341793498956
124739,0.00267087249085
124741,0.0914334282279
124742,0.0320855826139
124744,0.0584425888956
124745,0.00790406018496
124746,0.0323769450188
124750,0.205337911844
124751,0.00748068327084
124752,0.0179033298045
124755,0.00328983832151
124756,0.0101116988808
124758,0.0405985414982
124759,0.0307153761387
124765,0.0261849779636
124767,0.00244189146906
124768,0.0106201004237
124770,0.0252578891814
124771,0.0130269201472
124773,0.0673089921474
124780,0.00154744402971
124784,0.0242002382874
124788,0.0110531551763
124789,0.0540767274797
124790,0.0703995153308
124791,0.0044806804508
124794,0.0037474159617
124797,0.0110062602907
124799,0.0285533294082
124802,0.00139917980414
124803,0.0297560822219
124805,0.0304072275758
124806,0.0604488216341
124807,0.0324018858373
124808,0.0124012744054
124810,0.0109643284231
124813,0.0414321310818
124814,0.0225348137319
124818,0.00421334663406
124819,0.00306561519392
124825,0.115411512554
124828,0.00481468532234
124829,0.00255095493048
124830,0.0148334400728
124834,0.0366140864789
124836,0.00142793019768
124841,0.0196028240025
124842,0.00261162640527
124843,0.0144672086462
124844,0.00128956336994
124847,0.0269557014108
124850,0.0165611281991
124851,0.00369916716591
124853,0.00420800223947
124855,0.0214345157146
124856,0.0760798230767
124859,0.0135441711172
124862,0.00163943821099
124865,0.0139585379511
124866,0.0292482059449
124868,0.0541207715869
124870,0.0835830569267
124873,0.0323408693075
124874,0.00376064796001
124875,0.0124315982684
124877,0.0552634894848
124878,0.00976390205324
124879,0.003309835447
124883,0.00290840235539
124884,0.00819146540016
124885,0.011771001853
124888,0.157189056277
124892,0.0262646842748
124893,0.24666659534
124894,0.0097518581897
124896,0.0128085473552
124902,0.00769917294383
124905,0.00234276568517
124906,0.00893350038677
124913,0.215081125498
124914,0.0244785957038
124922,0.0112815937027
124923,0.00430785538629
124925,0.16497258842
124926,0.0117655443028
124927,0.00561226857826
124928,0.0526467822492
124930,0.0112602692097
124932,0.0522487387061
124933,0.0467208698392
124934,0.00185100641102
124935,0.0757288485765
124938,0.00531269144267
124940,0.0449834503233
124941,0.0226437728852
124942,0.00876875407994
124943,0.00856186728925
124944,0.0168823227286
124949,0.00210126116872
124950,0.0130419861525
124951,0.0279400255531
124952,0.0138150732964
124954,0.129478782415
124955,0.00688152806833
124957,0.0106175653636
124958,0.00441518705338
124964,0.0132643599063
124965,0.150433465838
124966,0.001303343568
124967,0.00665936991572
124968,0.00906496495008
124969,0.00372111657634
124970,0.0101906741038
124976,0.00292983395047
124977,0.0222154501826
124978,0.0271151270717
124981,0.00822199042886
124982,0.0179997831583
124983,0.00273494119756
124984,0.00430017570034
124985,0.0941908583045
124986,0.00213221507147
124988,0.236939176917
124992,0.0109750470147
124993,0.0420073568821
124995,0.158467903733
124996,0.0102091459557
125003,0.0722406208515
125005,0.0192515701056
125006,0.0544750839472
125008,0.0126556036994
125009,0.0036785074044
125010,0.0216128267348
125013,0.0131398877129
125014,0.0784766823053
125015,0.181282520294
125017,0.0349747687578
125019,0.0569183044136
125025,0.00833685044199
125026,0.00318816886283
125027,0.00792870949954
125028,0.041394289583
125029,0.0209265053272
125030,0.0033966738265
125033,0.183344006538
125035,0.158768460155
125036,0.0186809711158
125037,0.116146728396
125039,0.0100599639118
125040,0.314825505018
125044,0.00243556010537
125045,0.0220985990018
125046,0.0177620369941
125048,0.0112713333219
125049,0.00891172885895
125050,0.0476948469877
125051,0.303879231215
125052,0.0396895855665
125053,0.0284949205816
125057,0.0429707057774
125060,0.0150086982176
125061,0.0168962106109
125062,0.00302608101629
125063,0.0231541022658
125064,0.010699137114
125065,0.0170923750848
125066,0.00188811833505
125067,0.00851909723133
125068,0.0318670943379
125069,0.00712221115828
125070,0.00854355469346
125071,0.100045777857
125074,0.00263083446771
125076,0.00232589407824
125077,0.00571583304554
125078,0.01057938952
125079,0.00474728085101
125080,0.0260786768049
125083,0.0302626807243
125086,0.0241088550538
125088,0.0272499583662
125090,0.0120212007314
125093,0.13211171329
125095,0.00445733359084
125098,0.162858620286
125099,0.00808624923229
125101,0.0345492735505
125104,0.072559915483
125106,0.0420108027756
125107,0.00612731510773
125108,0.245334222913
125109,0.00442622136325
125111,0.129806265235
125117,0.189380124211
125118,0.00458822166547
125120,0.0191125869751
125121,0.0283052586019
125123,0.121436469257
125124,0.00171162339393
125126,0.00516886869445
125127,0.202469214797
125128,0.00322324270383
125129,0.0299009643495
125133,0.010930406861
125136,0.0173782873899
125141,0.0367071814835
125142,0.00573730887845
125146,0.0270964987576
125148,0.00508871302009
125149,0.0525001324713
125150,0.162858620286
125152,0.017488790676
125153,0.0103948991746
125154,0.0292839892209
125156,0.0681821405888
125157,0.0240563061088
125161,0.00263586128131
125165,0.0108296293765
125168,0.00685068452731
125169,0.00510997278616
125170,0.131990283728
125173,0.0196028240025
125174,0.00455926125869
125175,0.0117359366268
125180,0.00139846373349
125181,0.00555410282686
125182,0.00845232978463
125184,0.0108124092221
125187,0.0399656444788
125188,0.0788896158338
125189,0.00147582567297
125191,0.112938523293
125194,0.265732675791
125195,0.00136814313009
125197,0.23091866076
125198,0.00439566979185
125201,0.00622672215104
125202,0.215802580118
125205,0.00228006811813
125206,0.0318670943379
125208,0.178799152374
125209,0.00328247109428
125211,0.0129034137353
125212,0.0114616686478
125214,0.00579536193982
125215,0.0014034936903
125216,0.00184240587987
125217,0.00299648474902
125218,0.0284538082778
125221,0.00382475065999
125224,0.0292178317904
125226,0.00428512040526
125229,0.214710444212
125230,0.0398164540529
125231,0.0225248113275
125232,0.129378929734
125233,0.0229667965323
125234,0.00660499744117
125236,0.00127895234618
125237,0.0582363903522
125238,0.0145694557577
125240,0.0223178248852
125241,0.0342946648598
125245,0.0143984658644
125248,0.0377369560301
125249,0.0382836647332
125250,0.133313417435
125251,0.00581228919327
125253,0.00948811508715
125254,0.0337319150567
125255,0.0352815538645
125259,0.020666539669
125261,0.180871874094
125263,0.0073130549863
125264,0.0147016104311
125266,0.00384798855521
125267,0.00980712193996
125268,0.0154300779104
125270,0.00345149380155
125272,0.0285533294082
125273,0.0169564969838
125275,0.0180876068771
125277,0.00243156845681
125278,0.113534875214
125284,0.00582092255354
125287,0.0141994468868
125288,0.0240511167794
125289,0.0279203355312
125290,0.00225500017405
125293,0.022582737729
125294,0.0249825511128
125300,0.014049815014
125301,0.0317217297852
125305,0.00305476854555
125306,0.0215978883207
125308,0.00730664702132
125314,0.228128150105
125315,0.00729326810688
125316,0.00889904424548
125317,0.02332190983
125319,0.0196028240025
125320,0.0385871492326
125321,0.00720418570563
125323,0.00911311153322
125325,0.0112969381735
125326,0.152377322316
125327,0.00211210246198
125330,0.00901972595602
125331,0.0148980617523
125332,0.00379161606543
125333,0.00363623374142
125334,0.588346719742
125335,0.0606492049992
125336,0.0403868220747
125337,0.00622672215104
125340,0.00748034799471
125342,0.00660645542666
125344,0.0228784102947
125349,0.0637104138732
125351,0.0388040244579
125354,0.0157350283116
125356,0.00434338627383
125357,0.00302433944307
125358,0.0535707063973
125359,0.0168863907456
125361,0.030641131103
125363,0.254804164171
125364,0.00706658512354
125367,0.00288480520248
125369,0.0217648949474
125374,0.02149845846
125375,0.002459152136
125376,0.0148052442819
125377,0.00587593019009
125379,0.0181642305106
125380,0.157826378942
125383,0.00358117860742
125384,0.00840680208057
125385,0.017821200192
125386,0.067131139338
125387,0.0102051086724
125388,0.0113579118624
125390,0.0101229641587
125393,0.0315321497619
125395,0.180871874094
125396,0.183980405331
125399,0.0023634780664
125403,0.219102889299
125405,0.00804275367409
125407,0.00360293360427
125408,0.032158151269
125409,0.00948811508715
125411,0.0303158257157
125412,0.0236519332975
125414,0.0168863907456
125417,0.030155999586
125419,0.168426498771
125423,0.00306475977413
125426,0.0142576927319
125428,0.131892040372
125434,0.0648674741387
125436,0.00466670608148
125438,0.0389349386096
125439,0.014260770753
125440,0.00234328513034
125443,0.00870894733816
125444,0.08908919245
125447,0.00528746237978
125448,0.0135301118717
125449,0.0181511398405
125454,0.00901972595602
125455,0.0149907758459
125464,0.00860276445746
125465,0.00532911578193
125466,0.0196028240025
125468,0.0248271785676
125469,0.0022334526293
125471,0.0162162408233
125472,0.00273049273528
125474,0.0165490172803
125477,0.205377459526
125479,0.0020344122313
125482,0.0175545420498
125486,0.0221069119871
125487,0.0455839410424
125488,0.0189257748425
125489,0.0224082656205
125493,0.0370124392211
125494,0.0140864551067
125498,0.00233299518004
125501,0.0160085447133
125502,0.0260758437216
125503,0.00906750559807
125504,0.00712253432721
125508,0.268865644932
125510,0.16567286849
125513,0.0024184230715
125515,0.0194334127009
125517,0.0680016055703
125518,0.0272499583662
125519,0.0111362393945
125520,0.0577658005059
125521,0.0323959030211
125523,0.00356977269985
125526,0.0130579099059
125528,0.00263784895651
125529,0.0106870951131
125530,0.0811302289367
125531,0.00290328753181
125532,0.0453940965235
125534,0.0370322428644
125535,0.00238894391805
125536,0.140431314707
125537,0.00720695592463
125540,0.0333238169551
125541,0.00763688189909
125542,0.0270618386567
125544,0.0221662316471
125546,0.0132957007736
125547,0.00963333807886
125548,0.00337645015679
125549,0.00823150295764
125550,0.0184268318117
125553,0.0302375871688
125554,0.00783918239176
125558,0.0621951557696
125562,0.00537314917892
125564,0.0176669005305
125567,0.165868967772
125570,0.00723451701924
125571,0.018506584689
125578,0.00297478493303
125580,0.213674813509
125581,0.0338680632412
125584,0.00340367970057
125586,0.0143848508596
125587,0.00460358150303
125589,0.0201185066253
125590,0.00950827077031
125593,0.0118252504617
125594,0.0130162257701
125598,0.0375551097095
125599,0.00365265691653
125601,0.181669875979
125607,0.0196526665241
125612,0.00387143902481
125613,0.00702929729596
125614,0.0422427169979
125615,0.217169135809
125619,0.00238996814005
125620,0.0169880334288
125621,0.0184728149325
125622,0.159217968583
125625,0.00554453488439
125626,0.00673654861748
125627,0.343200832605
125628,0.148854330182
125629,0.00445523532107
125631,0.0576490238309
125632,0.00641749752685
125634,0.158237010241
125635,0.0459891110659
125638,0.0882185921073
125639,0.0406074523926
125649,0.197141736746
125650,0.0900252535939
125651,0.0350161716342
125652,0.0144243314862
125656,0.0118911638856
125659,0.0180995259434
125661,0.0109735410661
125662,0.0577005967498
125665,0.0157547798008
125666,0.00287239532918
125668,0.158768460155
125669,0.0023694219999
125670,0.0013696529204
125671,0.00790985487401
125672,0.0223178248852
125674,0.103712558746
125677,0.0385699756444
125680,0.00191264564637
125683,0.159217968583
125686,0.229911342263
125687,0.167927995324
125689,0.0102051086724
125693,0.004040164873
125694,0.00309264846146
125698,0.0188852269202
125699,0.0154932728037
125700,0.00949822552502
125702,0.0358435250819
125703,0.0168691668659
125705,0.020708616823
125706,0.0204193051904
125709,0.0468774363399
125711,0.0541207715869
125712,0.214788943529
125713,0.0100442627445
125715,0.0186558701098
125716,0.0142647996545
125721,0.00772492401302
125723,0.010770490393
125726,0.00323231238872
125730,0.0605307854712
125737,0.00806183554232
125741,0.0224512591958
125746,0.0413337126374
125748,0.0141994468868
125749,0.010770490393
125750,0.0131090395153
125754,0.00973656866699
125756,0.0191862974316
125760,0.0309538524598
125764,0.0814534425735
125769,0.00408395985141
125773,0.171088069677
125774,0.010262362659
125776,0.00933905318379
125777,0.0169867984951
125778,0.0192930810153
125779,0.00310061941855
125780,0.00460527511314
125782,0.198388248682
125783,0.0018807083834
125784,0.00626919837669
125785,0.00738803250715
125787,0.0165234804153
125789,0.00140001752879
125792,0.135719954967
125794,0.00408219732344
125796,0.00652063963935
125797,0.0122890723869
125799,0.0345383174717
125801,0.00230785529129
125802,0.00329860905185
125803,0.0384049192071
125805,0.00501417461783
125806,0.016234042123
125808,0.014038332738
125809,0.0336681716144
125810,0.0112797534093
125811,0.181642189622
125812,0.00477828457952
125814,0.00207066326402
125815,0.206855222583
125818,0.0193488225341
125822,0.0793880671263
125823,0.112484253943
125826,0.00665070768446
125827,0.0111160147935
125828,0.0309072453529
125829,0.00641536107287
125830,0.00508019328117
125831,0.00190062797628
125832,0.0425560921431
125833,0.0201560519636
125836,0.0384219065309
125839,0.0196028240025
125841,0.00723095610738
125842,0.0285533294082
125845,0.0163693856448
125846,0.00681246630847
125849,0.0163693856448
125852,0.00211290060543
125853,0.0385871492326
125854,0.00578010361642
125858,0.00181899045128
125863,0.0257220994681
125865,0.00860957149416
125866,0.0164679121226
125867,0.00609397701919
125868,0.15577159822
125870,0.00429535843432
125872,0.105035096407
125873,0.0134411854669
125875,0.00274367118254
125877,0.184669673443
125878,0.0123558808118
125881,0.0411040894687
125882,0.0101072518155
125884,0.0145744746551
125885,0.255021929741
125886,0.0024212282151
125890,0.159217968583
125892,0.20775860548
125893,0.00728555582464
125895,0.0606204532087
125896,0.00410946691409
125897,0.0265537239611
125899,0.0549511685967
125900,0.015674136579
125903,0.00423162337393
125904,0.0141366152093
125906,0.0330152176321
125907,0.088204331696
125909,0.00287348846905
125910,0.0115997726098
125912,0.225083187222
125913,0.0196028240025
125915,0.0224129613489
125916,0.106341347098
125918,0.0109280049801
125921,0.00200219335966
125922,0.0209782421589
125923,0.0165946632624
125924,0.213119268417
125925,0.0510584823787
125926,0.0470806248486
125930,0.00760526861995
125933,0.00643639452755
125934,0.0291059613228
125935,0.0196028240025
125937,0.00320486328565
125940,0.0547610633075
125941,0.0853226780891
125942,0.012833205983
125948,0.0217648651451
125950,0.23463241756
125951,0.00199339725077
125953,0.0161835923791
125954,0.0148450387642
125955,0.00767429871485
125957,0.00229310570285
125958,0.0120131215081
125960,0.0119338203222
125970,0.0048017250374
125975,0.0634015351534
125976,0.0154067119583
125978,0.00275659305044
125981,0.043390057981
125986,0.0129131413996
125989,0.0867901220918
125991,0.00236445525661
125992,0.0137889748439
125999,0.15010984242
126004,0.004726015497
126005,0.00164060632233
126006,0.0438615046442
126010,0.00704018538818
126013,0.00812359433621
126016,0.0017588858027
126018,0.0308247208595
126020,0.0260429419577
126021,0.0144810313359
126025,0.00815166346729
126027,0.1792999506
126029,0.0235887654126
126031,0.209515318274
126032,0.00602759141475
126033,0.0247822273523
126039,0.134235009551
126040,0.00856861006469
126043,0.0470830202103
126044,0.2946831882
126045,0.00187523034401
126048,0.0316278785467
126050,0.0399656444788
126052,0.00910284370184
126055,0.0410942994058
126057,0.0020059843082
126060,0.00940999388695
126062,0.00222184509039
126067,0.180642962456
126070,0.0191848706454
126073,0.0452063903213
126075,0.0141994468868
126076,0.00854517053813
126077,0.0120974443853
126079,0.00254303822294
126080,0.0521475486457
126083,0.0278111845255
126084,0.0123845832422
126085,0.0112859616056
126087,0.0357414409518
126088,0.0175533909351
126089,0.185527220368
126090,0.00931372493505
126092,0.168333560228
126094,0.00963910855353
126095,0.00519022997469
126101,0.00892209541053
126102,0.00320570892654
126103,0.00611863005906
126105,0.00857141707093
126106,0.010215469636
126109,0.0137689542025
126110,0.00499338749796
126111,0.0188978370279
126116,0.0724002718925
126118,0.0137985441834
126120,0.107500091195
126121,0.00402700621635
126122,0.00301023921929
126124,0.00184287072625
126126,0.105699039996
126127,0.24945063889
126132,0.00542731117457
126139,0.00591936009005
126140,0.00750597286969
126142,0.0016212372575
126147,0.282152116299
126149,0.0720212310553
126151,0.0218545589596
126152,0.00341003760695
126153,0.0322334133089
126154,0.122351400554
126156,0.162858620286
126157,0.00263586384244
126160,0.213158905506
126161,0.0154300779104
126163,0.00722660683095
126164,0.049588304013
126165,0.00212591374293
126166,0.0253527071327
126167,0.0945495292544
126168,0.0805410072207
126169,0.0209813006222
126171,0.162858620286
126175,0.00372646260075
126177,0.00278894323856
126181,0.00302845682018
126182,0.00740260072052
126188,0.00253605796024
126189,0.00896529015154
126193,0.00235196715221
126195,0.00412898510695
126196,0.0117246601731
126197,0.0128469318151
126198,0.0358053967357
126201,0.00530573865399
126204,0.0196526665241
126206,0.0052186944522
126210,0.00768858240917
126211,0.0410527922213
126214,0.0864177197218
126217,0.0135382860899
126218,0.00491663953289
126219,0.00958820618689
126221,0.00625033304095
126222,0.146135479212
126224,0.0154300779104
126225,0.00597656099126
126226,0.0390664488077
126227,0.00263152387924
126228,0.13670244813
126230,0.0425739511847
126234,0.0140114901587
126239,0.0163103397936
126241,0.0100251017138
126242,0.188869059086
126246,0.00268618483096
126247,0.199514046311
126250,0.0403559729457
126255,0.0265365596861
126259,0.0223178248852
126261,0.0111403465271
126263,0.00951804313809
126264,0.00203983508982
126266,0.0725425705314
126270,0.00479936506599
126271,0.00489723542705
126273,0.0349171049893
126274,0.0123415682465
126275,0.00769900484011
126276,0.0408076047897
126280,0.00131590338424
126282,0.00953840184957
126283,0.00782409869134
126285,0.0208302717656
126288,0.00628766464069
126294,0.0205999277532
126295,0.0018057016423
126296,0.126394763589
126297,0.0791237205267
126298,0.00887884665281
126299,0.0391633324325
126302,0.00902899168432
126306,0.00499404640868
126309,0.00121489260346
126312,0.044406272471
126315,0.0028683419805
126316,0.0202202480286
126317,0.00543893733993
126325,0.00139911449514
126327,0.00845997035503
126330,0.0564688779414
126332,0.00245971023105
126335,0.0435676649213
126336,0.00780147733167
126337,0.00317448237911
126338,0.0771856978536
126339,0.0237280726433
126340,0.0124939410016
126341,0.0795174613595
126342,0.0110403299332
126347,0.0271245762706
126348,0.0104061579332
126350,0.0765173733234
126351,0.0519191399217
126356,0.169007346034
126358,0.158611759543
126360,0.227028563619
126362,0.00116271944717
126363,0.0166722610593
126364,0.177686169744
126366,0.0468728765845
126369,0.018470864743
126370,0.0123416846618
126373,0.0491945706308
126374,0.0233565270901
126375,0.0181117244065
126377,0.0114607764408
126379,0.00610531494021
126381,0.0372726693749
126382,0.00388607848436
126387,0.0168362688273
126389,0.0118464594707
126391,0.00172829593066
126397,0.00209876219742
126398,0.00707759475335
126399,0.164087980986
126400,0.029922818765
126401,0.00263764942065
126402,0.00615441519767
126403,0.0541483834386
126404,0.042293485254
126405,0.00126075290609
126406,0.00293146120384
126407,0.035800524056
126408,0.00559284677729
126415,0.0630212724209
126416,0.00460964208469
126418,0.00287177134305
126421,0.0201185066253
126422,0.00565075920895
126426,0.00240309652872
126428,0.00802534539253
126430,0.0014937146334
126432,0.0268203243613
126433,0.00359991542064
126434,0.0418146215379
126437,0.00938865076751
126439,0.00476114777848
126442,0.0191894993186
126443,0.0193249322474
126446,0.0334097929299
126448,0.166018232703
126450,0.00660033104941
126451,0.0408899374306
126452,0.00154962623492
126453,0.0128961391747
126454,0.0165512673557
126455,0.00225272588432
126458,0.156998619437
126459,0.0314998701215
126460,0.203772425652
126463,0.00470656482503
126464,0.236314788461
126466,0.269287496805
126467,0.0365355946124
126468,0.0237136185169
126469,0.016400301829
126471,0.0030914330855
126473,0.0075266212225
126474,0.00653053168207
126477,0.0400523431599
126478,0.00252169650048
126479,0.00611894344911
126480,0.0122033720836
126485,0.00450337305665
126486,0.00561897596344
126488,0.00831974297762
126491,0.182333022356
126493,0.0125895887613
126494,0.051707226783
126497,0.0260226856917
126498,0.00348146329634
126500,0.00594908045605
126501,0.00264607882127
126503,0.0148248989135
126506,0.0117502696812
126510,0.0289225839078
126513,0.029975572601
126514,0.00966680143028
126516,0.0100782243535
126519,0.0715317055583
126520,0.0186338610947
126523,0.0757538825274
126524,0.0249896645546
126525,0.101384989917
126527,0.0022380319424
126528,0.00513147888705
126529,0.00967612210661
126531,0.0091771511361
126532,0.00273049273528
126536,0.0120235458016
126537,0.0526104681194
126542,0.00385566754267
126544,0.0195493586361
126547,0.0100163416937
126548,0.0145948976278
126549,0.284012556076
126550,0.00896795187145
126551,0.00268212449737
126552,0.0322844721377
126553,0.0047673243098
126555,0.00994960404932
126556,0.182694420218
126560,0.00372177036479
126563,0.00575339328498
126565,0.00263845478185
126566,0.00731012737378
126567,0.0105445766822
126569,0.241036713123
126573,0.167322829366
126574,0.0173213724047
126580,0.130798742175
126581,0.122465610504
126583,0.0495470725
126586,0.230237990618
126587,0.0179540142417
126593,0.194172456861
126594,0.236603781581
126596,0.0154300779104
126597,0.0282990653068
126598,0.0241107624024
126601,0.0884707644582
126602,0.0523510426283
126606,0.00678674923256
126608,0.00492703961208
126609,0.0178488641977
126611,0.173439383507
126612,0.0297185704112
126613,0.00380779919215
126614,0.00253265514039
126615,0.00628078868613
126616,0.029325645417
126617,0.00597540289164
126619,0.0222176685929
126620,0.0106462808326
126622,0.0109017211944
126625,0.0260146073997
126631,0.0809675529599
126632,0.0230853389949
126633,0.129847481847
126636,0.0177067741752
126637,0.0016833783593
126638,0.00577468937263
126639,0.00169195211492
126640,0.0557776466012
126643,0.00599349150434
126647,0.00389523711056
126648,0.00920085515827
126649,0.0230531860143
126650,0.0445252321661
126651,0.0611902661622
126652,0.235649988055
126654,0.00528832757846
126655,0.206513822079
126660,0.105110555887
126663,0.00730016874149
126665,0.0173689331859
126668,0.00298511143774
126670,0.00637621013448
126674,0.193703815341
126675,0.00556558696553
126676,0.0120688881725
126678,0.313527286053
126679,0.00417979620397
126680,0.158467903733
126681,0.0101494267583
126683,0.0113877309486
126684,0.0407298840582
126685,0.016257988289
126686,0.300195485353
126688,0.00233500497416
126689,0.0255321282893
126692,0.0388367474079
126694,0.107487119734
126699,0.185919985175
126700,0.00258254585788
126701,0.212880223989
126705,0.0228313095868
126707,0.0307788196951
126708,0.00326374475844
126712,0.177686169744
126713,0.187885060906
126714,0.0226666536182
126719,0.217401251197
126723,0.0109752845019
126726,0.0381640307605
126728,0.0747176259756
126729,0.0450680963695
126732,0.0156593415886
126734,0.0087829483673
126735,0.0101121999323
126736,0.0088166538626
126737,0.00645086495206
126739,0.209128797054
126740,0.0167516451329
126741,0.0256667714566
126743,0.0229657478631
126744,0.00185988773592
126745,0.0298294834793
126746,0.0303488057107
126747,0.0331120491028
126749,0.00338049954735
126751,0.134112864733
126754,0.00494887540117
126755,0.00129504618235
126756,0.00218657054938
126760,0.0152372056618
126764,0.0163046717644
126765,0.0179540142417
126768,0.0172200948
126770,0.0164186954498
126773,0.006794271525
126776,0.0616196244955
126777,0.00546565465629
126779,0.00920738652349
126780,0.0015826561721
126781,0.181669875979
126782,0.0345383025706
126785,0.00253096572123
126787,0.0153918834403
126788,0.0134539389983
126790,0.0163794774562
126791,0.0200574100018
126795,0.159217968583
126796,0.00512698478997
126797,0.0536299459636
126801,0.012050957419
126802,0.0466129109263
126804,0.0281747058034
126805,0.00203713634983
126806,0.0185230020434
126811,0.00158080912661
126812,0.157189056277
126814,0.0109175220132
126815,0.0140013024211
126819,0.0266483202577
126820,0.0361083820462
126821,0.00376538163982
126822,0.0390167683363
126825,0.0178343337029
126826,0.00513058807701
126828,0.162858620286
126830,0.0812098756433
126831,0.177686169744
126833,0.00198809313588
126834,0.228212311864
126839,0.142393872142
126841,0.236227318645
126842,0.00664654141292
126843,0.27636256814
126844,0.0111362393945
126845,0.00586637854576
126846,0.00858512055129
126848,0.0190188232809
126852,0.00272575230338
126855,0.0377878472209
126862,0.019860226661
126866,0.00298991193995
126868,0.0131726069376
126871,0.0262646842748
126874,0.030048135668
126877,0.0101506914943
126879,0.00979471579194
126883,0.0196028240025
126884,0.0312007702887
126886,0.00283704372123
126888,0.0186762865633
126889,0.0460233092308
126891,0.00358792673796
126892,0.0225229226053
126893,0.00327253295109
126895,0.00256320810877
126899,0.0128160491586
126900,0.0919131189585
126901,0.0519244000316
126903,0.00268339645118
126905,0.00196891184896
126909,0.0184568688273
126915,0.0166537053883
126919,0.00181366677862
126921,0.00240568025038
126923,0.013288483955
126924,0.0171085316688
126925,0.00196255976334
126926,0.199072435498
126927,0.109923131764
126929,0.00576454633847
126931,0.00370991858654
126932,0.0227894168347
126933,0.011943067424
126935,0.00693107815459
126936,0.00175374187529
126937,0.0261886809021
126938,0.00140860746615
126940,0.00391477718949
126941,0.00807907804847
126942,0.0277617536485
126945,0.0668095946312
126949,0.00598856201395
126950,0.0111238537356
126953,0.00357542210259
126954,0.0732681453228
126955,0.00655853934586
126958,0.0118256956339
126965,0.030419267714
126967,0.217169135809
126970,0.177686169744
126974,0.0361398085952
126978,0.0185152217746
126981,0.00447257142514
126983,0.0251559652388
126985,0.0102150496095
126986,0.159745484591
126987,0.00835870672017
126990,0.0384168922901
126991,0.0137184727937
126992,0.0114372950047
126994,0.0184110812843
126998,0.00147023936734
127000,0.0422796458006
127001,0.110670849681
127006,0.0318670943379
127012,0.0145423766226
127013,0.0117602562532
127014,0.174728617072
127015,0.0418515503407
127016,0.0407205410302
127018,0.158467903733
127019,0.00888607092202
127023,0.00312437792309
127024,0.0377086922526
127026,0.0155391311273
127027,0.173892527819
127028,0.0162716973573
127029,0.0455585345626
127030,0.0286109354347
127032,0.0225176885724
127033,0.0170428734273
127035,0.0750660300255
127040,0.00439734198153
127041,0.159745484591
127043,0.0137195056304
127044,0.0070177312009
127046,0.012880852446
127047,0.00590203655884
127050,0.00430016359314
127051,0.097376614809
127052,0.0154854636639
127055,0.157733619213
127056,0.0185478311032
127058,0.0174236819148
127059,0.121641725302
127061,0.0110243791714
127063,0.0391575470567
127065,0.019979050383
127066,0.0343551449478
127067,0.00878128316253
127068,0.073752656579
127070,0.00560375116765
127071,0.0110106673092
127072,0.00228262506425
127074,0.0233747754246
127075,0.00196891184896
127077,0.0172639768571
127083,0.00358450156637
127084,0.0206138156354
127085,0.0193149987608
127086,0.0141994468868
127088,0.0253723599017
127089,0.00721944356337
127090,0.0121763404459
127091,0.0313670039177
127092,0.0171320419759
127093,0.0109182996675
127094,0.00643635774031
127095,0.0220985990018
127097,0.0233747754246
127101,0.00424033263698
127102,0.177713468671
127105,0.00214350433089
127106,0.00155875424389
127107,0.00802632793784
127108,0.00885543692857
127109,0.235183507204
127110,0.0216816347092
127112,0.141378387809
127113,0.0154300779104
127115,0.0198204778135
127118,0.00500583369285
127119,0.00346663896926
127120,0.00948811508715
127121,0.154348865151
127122,0.0256007071584
127125,0.0318670943379
127128,0.115691229701
127131,0.0239751152694
127132,0.033578671515
127133,0.152990862727
127134,0.0154820466414
127135,0.0291621964425
127136,0.0084832618013
127137,0.0467219017446
127138,0.00306306150742
127139,0.040009137243
127141,0.0108929425478
127142,0.00866124220192
127143,0.011988658458
127144,0.00220612459816
127146,0.0107302572578
127147,0.0147708076984
127148,0.032141212374
127150,0.00944202393293
127151,0.00908872578293
127152,0.00811025407165
127153,0.0201185066253
127155,0.511371731758
127158,0.0208146627992
127160,0.172592580318
127163,0.009695767425
127164,0.00235555134714
127165,0.013785617426
127166,0.148682937026
127168,0.0897639170289
127169,0.0335549265146
127170,0.0141994468868
127172,0.0877122879028
127173,0.0196028240025
127176,0.219693779945
127179,0.00275783077814
127180,0.0118402084336
127181,0.0282069928944
127182,0.00439227791503
127183,0.01527325809
127185,0.0818975567818
127186,0.00388329592533
127187,0.00304034771398
127192,0.0088975597173
127193,0.00247893971391
127194,0.0030339283403
127202,0.0140328621492
127205,0.0357107035816
127207,0.155120357871
127208,0.00254814652726
127209,0.00164436490741
127210,0.0378486178815
127211,0.00931372493505
127212,0.00592542113736
127214,0.0139494584873
127215,0.0104727372527
127220,0.0464700721204
127223,0.00500238919631
127227,0.0410316213965
127228,0.001466416521
127229,0.0154300779104
127230,0.193744167686
127231,0.0779342129827
127235,0.0252277459949
127237,0.0309815499932
127239,0.0831715464592
127240,0.0121082318947
127241,0.00315042235889
127242,0.0772370025516
127243,0.0177638176829
127244,0.00259571429342
127245,0.0268082488328
127246,0.0463354550302
127247,0.00308456434868
127249,0.00558875873685
127252,0.01115786843
127254,0.113336727023
127256,0.00328551162966
127258,0.00256989616901
127259,0.00409772573039
127260,0.00500852102414
127266,0.0353693589568
127268,0.026824625209
127269,0.0544764511287
127270,0.0172042436898
127273,0.0140399830416
127277,0.11641869694
127279,0.063953615725
127281,0.0300651993603
127282,0.00480963196605
127288,0.0376601442695
127292,0.216356471181
127294,0.179096341133
127299,0.0028412961401
127301,0.0581916868687
127302,0.015158964321
127303,0.0256477631629
127304,0.00350712938234
127308,0.0349489226937
127311,0.0930628627539
127315,0.0139365689829
127317,0.0518069453537
127318,0.184662371874
127319,0.0163129661232
127323,0.234045386314
127324,0.10380885005
127327,0.00150730565656
127328,0.00522201275453
127332,0.211272507906
127333,0.140756100416
127334,0.00417575705796
127336,0.0065550794825
127337,0.00160343875177
127338,0.0255366414785
127339,0.115658588707
127340,0.0154767567292
127342,0.0163693856448
127343,0.011020604521
127345,0.039499823004
127346,0.0181642305106
127348,0.180871874094
127349,0.00320545304567
127351,0.0143178990111
127353,0.00264838640578
127354,0.111410282552
127355,0.0213538948447
127356,0.0360691361129
127359,0.0162548683584
127360,0.00283680506982
127364,0.262745082378
127366,0.0409100092947
127368,0.00198528612964
127372,0.00600335095078
127373,0.0459856688976
127376,0.017666446045
127377,0.00394696416333
127378,0.044164378196
127380,0.00725398538634
127381,0.0630999729037
127383,0.0283995307982
127384,0.187552213669
127387,0.00971564464271
127389,0.0102488873526
127391,0.00796850584447
127392,0.215902373195
127395,0.00124624499585
127399,0.00265602744184
127400,0.00423180265352
127401,0.0163080301136
127403,0.0396708250046
127408,0.034030597657
127409,0.00329230818897
127410,0.00504250638187
127417,0.23088657856
127419,0.00512180197984
127420,0.018506584689
127423,0.00243642786518
127424,0.0039301100187
127428,0.00917977467179
127430,0.0155111085624
127433,0.00121842941735
127434,0.00436057243496
127438,0.0277195498347
127439,0.0601206198335
127440,0.0189277213067
127442,0.00187797576655
127443,0.0351776592433
127444,0.0170243177563
127448,0.00942521076649
127452,0.00576400570571
127453,0.207435727119
127454,0.00501252384856
127457,0.083343565464
127459,0.0122303543612
127461,0.00343460286967
127462,0.0360573977232
127463,0.068688467145
127464,0.210154429078
127465,0.108955346048
127467,0.00454385718331
127470,0.00268246629275
127471,0.0119281774387
127472,0.156538486481
127473,0.0125076612458
127477,0.0154300779104
127478,0.0189208146185
127481,0.00232113548554
127482,0.107224717736
127483,0.0920322984457
127488,0.0134259369224
127489,0.0151689415798
127491,0.00464579323307
127495,0.0990670025349
127496,0.0294030793011
127497,0.00255666743033
127499,0.0892595499754
127501,0.00318677374162
127507,0.1173094064
127508,0.00266106589697
127509,0.011660608463
127510,0.00433964282274
127516,0.163348719478
127519,0.00275710062124
127521,0.00607777293772
127523,0.0125279380009
127524,0.0206912755966
127525,0.00308155850507
127526,0.0012452097144
127527,0.19291998446
127529,0.00871879979968
127531,0.0407925732434
127532,0.0217233300209
127533,0.031268145889
127534,0.1165035218
127537,0.0101263765246
127538,0.00198441883549
127540,0.0240414664149
127541,0.00431893253699
127546,0.00216626096517
127550,0.168633535504
127554,0.0131593607366
127559,0.00397778814659
127561,0.0175495184958
127562,0.010013801977
127563,0.129806265235
127564,0.001508421381
127565,0.126956954598
127566,0.0878442674875
127567,0.00211274879985
127569,0.0172877535224
127570,0.0107411136851
127572,0.0767275691032
127573,0.0744992718101
127575,0.0117023261264
127578,0.00520625291392
127582,0.0232680048794
127584,0.0832370519638
127585,0.0141994468868
127586,0.0401744805276
127587,0.00700580887496
127588,0.00293446355499
127589,0.0049721035175
127590,0.0200080554932
127591,0.0380702801049
127594,0.0290092602372
127595,0.0825566649437
127596,0.0116746295244
127602,0.0041572782211
127605,0.193851545453
127606,0.0113915326074
127610,0.0196028240025
127611,0.0161709114909
127613,0.0366144925356
127614,0.00789012946188
127617,0.0067782048136
127618,0.0334936529398
127619,0.0409752503037
127620,0.182066708803
127621,0.0395874083042
127622,0.210154429078
127623,0.0178278945386
127624,0.0128141064197
127625,0.00630604056641
127630,0.103196628392
127632,0.010246145539
127634,0.00261604320258
127635,0.0020296566654
127636,0.0180405117571
127637,0.0050867726095
127638,0.106748685241
127639,0.0196028240025
127640,0.0495470725
127642,0.00461138831452
127647,0.0108260139823
127648,0.00488657178357
127651,0.00430148700252
127653,0.108766637743
127654,0.0211601108313
127655,0.0149907758459
127658,0.00233825063333
127660,0.00576541572809
127664,0.00246389769018
127665,0.0953951925039
127667,0.015798041597
127668,0.0236110817641
127669,0.0344996191561
127672,0.0224792975932
127673,0.0111362393945
127674,0.0144624784589
127675,0.0892364233732
127678,0.00919481925666
127679,0.164667874575
127680,0.0861686915159
127681,0.00763100013137
127682,0.0019767654594
127687,0.00535052409396
127688,0.010770490393
127689,0.00227894238196
127690,0.00195198669098
127694,0.00315008219332
127695,0.00434386450797
127698,0.00618156371638
127699,0.0196028240025
127701,0.0042712953873
127702,0.175935283303
127704,0.00139850308187
127705,0.00587052339688
127706,0.0169453173876
127707,0.0032296681311
127709,0.0284089911729
127710,0.00627011060715
127711,0.260347425938
127713,0.0602877698839
127715,0.0509295016527
127716,0.0143397655338
127718,0.00224064104259
127720,0.0102941151708
127722,0.207585886121
127724,0.0592582412064
127725,0.00937948003411
127727,0.11225913465
127728,0.00811155792326
127730,0.00433546258137
127731,0.0015277271159
127735,0.00982722919434
127737,0.0211434625089
127739,0.0231339354068
127742,0.0105030471459
127744,0.0196028240025
127745,0.0201992336661
127746,0.0444038845599
127748,0.0110531551763
127750,0.030334206298
127755,0.0678389891982
127756,0.0025139041245
127757,0.00973762571812
127761,0.00118708319496
127763,0.00255849445239
127764,0.173302814364
127765,0.0231239646673
127767,0.0639374777675
127769,0.0570844858885
127771,0.0128998430446
127772,0.195407152176
127773,0.00258181034587
127775,0.0348254851997
127777,0.00231220945716
127778,0.0127592775971
127779,0.0168508533388
127780,0.00215268880129
127782,0.0318670943379
127784,0.00302345072851
127785,0.0546360462904
127788,0.183093830943
127789,0.0150458654389
127790,0.00128342641983
127791,0.0327646024525
127794,0.0171373747289
127796,0.00269470969215
127797,0.00240158918314
127799,0.045879714191
127800,0.010181510821
127802,0.0531834624708
127803,0.00147123157512
127807,0.0702934712172
127808,0.0377530567348
127809,0.013167258352
127810,0.0351762212813
127813,0.211359724402
127815,0.00318631483242
127816,0.00454380735755
127818,0.011020604521
127819,0.00274690217339
127820,0.117143467069
127822,0.00174756534398
127824,0.0344106517732
127825,0.015726486221
127826,0.00919990707189
127827,0.0113594708964
127829,0.0232309401035
127832,0.00284752715379
127833,0.253528177738
127834,0.0102670956403
127836,0.00332236313261
127838,0.0143482675776
127840,0.035427633673
127842,0.132577449083
127844,0.00901887286454
127845,0.129513368011
127847,0.00508805410936
127849,0.0272199176252
127850,0.00627488130704
127851,0.0304145943373
127852,0.0128633175045
127856,0.0108601469547
127860,0.0025426549837
127861,0.0168024972081
127868,0.0110696759075
127869,0.113112188876
127871,0.0309142284095
127872,0.012770135887
127874,0.00151767907664
127875,0.0161776337773
127876,0.0148920379579
127877,0.0148651162162
127880,0.00682324357331
127883,0.00310738617554
127885,0.0204713791609
127886,0.120831586421
127888,0.161141082644
127889,0.0304003097117
127890,0.00490004103631
127892,0.0307883545756
127893,0.0236822534353
127894,0.0143289603293
127898,0.00812681484967
127902,0.059719260782
127906,0.00265928334557
127907,0.0271592009813
127909,0.106579259038
127910,0.0314652137458
127914,0.00315616000444
127916,0.00218384363689
127921,0.00239227479324
127924,0.00250837998465
127925,0.001448707073
127926,0.0236739758402
127930,0.00234871008433
127931,0.00268246629275
127935,0.00332387769595
127936,0.00221432908438
127938,0.0362200699747
127939,0.00698910979554
127940,0.0246619414538
127941,0.08892968297
127944,0.03039220348
127945,0.0409752503037
127948,0.0346084162593
127955,0.0911168307066
127957,0.302603930235
127959,0.0159649271518
127960,0.00965494848788
127961,0.0867488756776
127962,0.159975737333
127965,0.0176397524774
127966,0.0281219277531
127968,0.216578155756
127969,0.00776714505628
127970,0.0159351769835
127971,0.0370120219886
127973,0.0262044519186
127974,0.044244851917
127976,0.00939689483494
127978,0.00888599548489
127979,0.162858620286
127981,0.00355698657222
127982,0.0103341974318
127983,0.0495470725
127984,0.0412434786558
127985,0.00257078232244
127986,0.0484956763685
127988,0.00277168001048
127991,0.0110403299332
127992,0.194836109877
127993,0.00306839263067
127994,0.0113763026893
127995,0.00566306803375
127998,0.0342781282961
128000,0.153244554996
128003,0.00510595506057
128005,0.0019767654594
128006,0.0599042437971
128007,0.226368844509
128009,0.0142635190859
128010,0.00668441457674
128012,0.105714075267
128013,0.00537671800703
128016,0.0067960540764
128018,0.0103344228119
128019,0.00247705634683
128021,0.0196028240025
128023,0.0914049297571
128024,0.0484579727054
128026,0.036047514528
128028,0.00555463507771
128030,0.00490432558581
128031,0.0196028240025
128034,0.00280114682391
128036,0.104779116809
128037,0.0214215610176
128038,0.00690067419782
128040,0.0211492199451
128045,0.00867877155542
128049,0.0127620464191
128050,0.0108807366341
128052,0.0182487796992
128053,0.0592625401914
128056,0.0119349453598
128057,0.0164491720498
128059,0.0716510415077
128061,0.0588085129857
128063,0.0416626408696
128066,0.0224060360342
128067,0.00408153235912
128070,0.00821649469435
128073,0.0734534785151
128074,0.00142298755236
128075,0.205943897367
128077,0.0476928651333
128079,0.00783489644527
128082,0.00874507427216
128092,0.00688635976985
128093,0.00296011008322
128094,0.00217571039684
128095,0.0405657663941
128096,0.00260405335575
128097,0.14797347784
128098,0.183380305767
128099,0.0141924731433
128100,0.20383092761
128101,0.0193556807935
128104,0.00757675711066
128107,0.0684310421348
128108,0.0543472059071
128109,0.0124012744054
128110,0.00757568469271
128111,0.00716273067519
128112,0.180642962456
128116,0.0426862724125
128117,0.00969745218754
128118,0.0313440002501
128121,0.0182436294854
128122,0.151019319892
128123,0.0134275797755
128124,0.00228929822333
128125,0.0196028240025
128127,0.0235059931874
128128,0.0630273446441
128129,0.0360211208463
128130,0.0327610783279
128131,0.0189292002469
128135,0.0806454643607
128139,0.0154385855421
128140,0.00222627562471
128143,0.0148609327152
128144,0.00262027815916
128145,0.00857095979154
128147,0.00257054762915
128150,0.14630562067
128152,0.00958434864879
128153,0.0026124313008
128154,0.0196526665241
128159,0.0141994468868
128161,0.010332881473
128162,0.0247262753546
128163,0.11114449054
128165,0.014733963646
128166,0.0156296957284
128167,0.090679705143
128168,0.086267888546
128170,0.00187523034401
128172,0.00275470362976
128173,0.0787008404732
128174,0.0514418780804
128177,0.0109280208126
128178,0.00606492208317
128181,0.00254758168012
128183,0.00942521076649
128184,0.00646199844778
128185,0.0263679530472
128186,0.0318670943379
128190,0.00254815374501
128196,0.00585492933169
128197,0.011032871902
128198,0.00347906374373
128199,0.0232916474342
128204,0.00281721865758
128205,0.0221516545862
128207,0.129763990641
128208,0.0186898112297
128209,0.0580124780536
128210,0.0274523384869
128211,0.0110521502793
128212,0.00712934276089
128213,0.227802842855
128215,0.0322870723903
128216,0.00265067978762
128218,0.0962246581912
128220,0.00989537313581
128221,0.058013021946
128222,0.0263321809471
128223,0.00613351259381
128224,0.0118787549436
128225,0.00240826560184
128226,0.0177513752133
128228,0.266310930252
128229,0.00959704909474
128230,0.143469378352
128231,0.0194819532335
128232,0.0830186679959
128234,0.0855111032724
128235,0.0760491937399
128236,0.0320032685995
128237,0.0109886787832
128238,0.251990944147
128239,0.0348510816693
128240,0.00260875746608
128241,0.0196028240025
128246,0.0188402608037
128247,0.0117586227134
128251,0.0330161675811
128252,0.0118402084336
128253,0.00438269879669
128254,0.138374209404
128256,0.0110320448875
128257,0.00464527122676
128258,0.028573339805
128260,0.0867528989911
128262,0.23572781682
128263,0.00276939664036
128266,0.00345615693368
128267,0.00469963205978
128269,0.153244554996
128270,0.171607583761
128272,0.118857584894
128278,0.00206900457852
128279,0.00578798446804
128280,0.0154995294288
128281,0.153244554996
128282,0.0049895728007
128284,0.00788347329944
128286,0.0141448508948
128289,0.185963824391
128291,0.00625433027744
128294,0.0194466747344
128295,0.0292801186442
128299,0.00378019805066
128302,0.00308781978674
128306,0.0172254219651
128310,0.0153220873326
128313,0.00332868960686
128315,0.219621285796
128317,0.00400945916772
128318,0.0134651204571
128319,0.0290305949748
128321,0.0146897686645
128322,0.0866024196148
128323,0.00285188574344
128326,0.0250813737512
128330,0.0300993081182
128335,0.145875588059
128336,0.0292221084237
128340,0.00117586017586
128343,0.0171796549112
128346,0.0541207715869
128347,0.00276117702015
128349,0.00473314477131
128353,0.0459671393037
128355,0.0122605711222
128358,0.00304993661121
128363,0.0196028240025
128367,0.0474867038429
128371,0.00672747706994
128372,0.161717802286
128374,0.0184041764587
128375,0.0241695456207
128377,0.0762408599257
128378,0.0257759187371
128379,0.0135455923155
128380,0.0204744730145
128382,0.00694744568318
128383,0.222319751978
128386,0.188106074929
128388,0.0261236391962
128391,0.00562727078795
128393,0.0385782793164
128395,0.0335604734719
128397,0.0472370944917
128401,0.02053158544
128405,0.0688814669847
128406,0.0733697935939
128407,0.0318670943379
128408,0.00300993281417
128417,0.0295923128724
128420,0.020321149379
128421,0.0128376465291
128422,0.00308501906693
128423,0.0145423766226
128427,0.0018982765032
128428,0.0664717704058
128429,0.00560114020482
128430,0.00820926297456
128431,0.076252669096
128435,0.0244600698352
128436,0.00607492169365
128437,0.0825355052948
128439,0.00948811508715
128442,0.0230734366924
128444,0.0175991691649
128445,0.0043778619729
128446,0.0332277491689
128447,0.00613938970491
128448,0.02468662709
128450,0.00507999863476
128451,0.00516097946092
128453,0.194548889995
128455,0.00377418869175
128456,0.0400587543845
128457,0.00170381460339
128459,0.0226878635585
128461,0.0206462927163
128462,0.00728218303993
128469,0.0152439400554
128471,0.0196519959718
128473,0.0452790595591
128474,0.0118240304291
128476,0.125933870673
128481,0.0220985990018
128482,0.00703676976264
128483,0.0114249344915
128484,0.00713086500764
128486,0.0627674087882
128489,0.00266006751917
128490,0.00671046460047
128491,0.11988093704
128499,0.0196028240025
128500,0.00387490144931
128501,0.0120087424293
128503,0.222319751978
128510,0.124728746712
128512,0.00521123921499
128513,0.035054281354
128519,0.0797829404473
128522,0.0227602254599
128525,0.0213114414364
128526,0.0130068259314
128527,0.00468954816461
128529,0.144995480776
128530,0.00136000162456
128533,0.0356492772698
128535,0.0299050230533
128536,0.0134992534295
128538,0.073357835412
128539,0.00508871302009
128542,0.00332255731337
128543,0.00297542009503
128544,0.0148131204769
128545,0.0118402084336
128547,0.0280114412308
128548,0.00351995788515
128550,0.00882080104202
128552,0.00137469451874
128553,0.00250919256359
128558,0.0174155626446
128561,0.0141994468868
128566,0.0117651009932
128567,0.0111730191857
128568,0.00512071326375
128570,0.00165901728906
128571,0.149393439293
128572,0.0109614385292
128573,0.00541487336159
128575,0.0157547798008
128576,0.149263605475
128586,0.0237249918282
128595,0.0182488523424
128601,0.0115056540817
128603,0.011020604521
128606,0.00221951655112
128607,0.00445364741609
128609,0.235714927316
128611,0.0250646658242
128612,0.129266679287
128616,0.00451828865334
128617,0.0345430001616
128618,0.0881204009056
128619,0.0457826144993
128620,0.0155373374
128625,0.0401332005858
128627,0.00530841201544
128629,0.00438994960859
128630,0.00588936218992
128631,0.0255133025348
128633,0.00384668214247
128634,0.00923640280962
128635,0.00223055132665
128638,0.0152303306386
128640,0.0112239345908
128642,0.00819710828364
128644,0.00215205480345
128646,0.0278325118124
128647,0.0194013807923
128649,0.00252856034786
128652,0.00893916282803
128653,0.00869438238442
128655,0.00972671154886
128657,0.097712084651
128659,0.175448358059
128663,0.00296847266145
128664,0.12521456182
128666,0.0255321282893
128669,0.00418455805629
128670,0.00179410690907
128671,0.0160176660866
128673,0.0209240242839
128675,0.110025905073
128682,0.0359291657805
128684,0.0390664488077
128686,0.0318670943379
128687,0.181669875979
128688,0.00895577203482
128689,0.296508073807
128691,0.0262512303889
128692,0.0169608611614
128695,0.0247341953218
128697,0.0137010589242
128698,0.191437527537
128701,0.115980476141
128702,0.00435694679618
128703,0.0540311597288
128704,0.0800531506538
128708,0.0119992699474
128709,0.00299677113071
128712,0.00531156780198
128714,0.042227845639
128716,0.00366744934581
128717,0.0268997941166
128722,0.0185478311032
128724,0.230195716023
128725,0.0119523499161
128726,0.0253184065223
128727,0.0897049829364
128731,0.0124743534252
128732,0.00755061767995
128733,0.141520321369
128735,0.0781586915255
128739,0.0483079813421
128740,0.0192352887243
128744,0.180482283235
128746,0.256736606359
128748,0.0127562452108
128754,0.0251738522202
128755,0.0113802943379
128756,0.0168838109821
128758,0.0240798890591
128759,0.0249689295888
128763,0.00197405135259
128766,0.0196028240025
128767,0.00486695067957
128769,0.0146434400231
128773,0.0112338038161
128774,0.00256256316788
128776,0.00310031138361
128777,0.0240227840841
128778,0.216578155756
128780,0.00756250368431
128781,0.0337620228529
128783,0.00269213411957
128784,0.009695767425
128785,0.0118677178398
128789,0.147022008896
128791,0.00142462551594
128792,0.0220985990018
128795,0.00926510710269
128796,0.0594598427415
128797,0.0201611239463
128799,0.0125993853435
128802,0.00505564548075
128804,0.0485163033009
128805,0.00474274344742
128809,0.0169678591192
128810,0.0084656002
128812,0.0882185921073
128817,0.0284949205816
128818,0.0249462611973
128820,0.0859953612089
128821,0.00249983510002
128822,0.0129131413996
128823,0.0030056303367
128824,0.0506221465766
128828,0.00344279757701
128829,0.00948811508715
128833,0.00473530357704
128836,0.00262646493502
128838,0.00840680208057
128840,0.0833946019411
128849,0.0196028240025
128850,0.00413218000904
128851,0.027956712991
128852,0.0111362393945
128853,0.0413954854012
128854,0.163091987371
128855,0.0101571427658
128857,0.0425739511847
128859,0.00370245496742
128860,0.0720212310553
128862,0.0286290887743
128866,0.00421224441379
128867,0.0108321327716
128869,0.0130195459351
128870,0.00645574461669
128871,0.0817542746663
128872,0.013608885929
128875,0.0134042268619
128880,0.238555639982
128881,0.295658677816
128882,0.0541207715869
128883,0.0187023784965
128890,0.0117655443028
128891,0.0221707541496
128893,0.00665123341605
128898,0.160464182496
128904,0.00278092361987
128905,0.0154300779104
128908,0.0144753223285
128909,0.0125673804432
128912,0.0513341315091
128914,0.00241709360853
128916,0.194301873446
128917,0.0104967011139
128918,0.0355625636876
128921,0.025895640254
128922,0.00254136975855
128926,0.194171801209
128928,0.00462213018909
128930,0.012523278594
128932,0.022022370249
128934,0.0879237502813
128936,0.00711879599839
128937,0.00870413612574
128938,0.0196028240025
128939,0.0269301459193
128940,0.0154735296965
128941,0.0172679163516
128942,0.0400949716568
128944,0.00413663266227
128945,0.00134877441451
128946,0.0255278591067
128948,0.0175601597875
128949,0.0110246073455
128950,0.00202052574605
128951,0.04150846228
128952,0.178307160735
128953,0.0367920771241
128955,0.00547122303396
128957,0.0197998080403
128962,0.0175554137677
128963,0.0507675781846
128965,0.278022110462
128966,0.00422029243782
128967,0.277067482471
128969,0.027506262064
128970,0.00297165545635
128973,0.00973656866699
128975,0.00396563624963
128977,0.220534056425
128978,0.00962071772665
128979,0.0197216682136
128981,0.0207359232008
128982,0.0379259847105
128983,0.0210058074445
128986,0.00258047226816
128987,0.129806265235
128988,0.0254055634141
128991,0.010743226856
128992,0.0410844422877
128993,0.0171417035162
128994,0.0852495580912
128995,0.00424096686766
128996,0.0362769775093
128997,0.00889515504241
129000,0.00396654056385
129001,0.0539382062852
129005,0.00357398344204
129006,0.0196028240025
129010,0.0238340590149
129011,0.00777821009979
129012,0.0167639646679
129013,0.230621218681
129014,0.00855248980224
129015,0.0105703389272
129016,0.0536063276231
129022,0.0145423766226
129023,0.0155063048005
129025,0.00340836378746
129026,0.184622421861
129027,0.00882340315729
129030,0.0281966682523
129032,0.0239717457443
129033,0.227971345186
129035,0.212079241872
129036,0.0109280049801
129037,0.00767055200413
129038,0.00215825764462
129039,0.00246389769018
129042,0.00192517461255
129043,0.0038170623593
129049,0.180243894458
129052,0.00973762571812
129053,0.00243875500746
129056,0.0235004443675
129057,0.010770490393
129058,0.0239110514522
129059,0.00684502208605
129060,0.00551876286045
129063,0.11715400219
129069,0.0141449039802
129070,0.0196028240025
129072,0.0023965141736
129075,0.0217395350337
129076,0.0355235375464
129078,0.00568574247882
129079,0.00817521847785
129082,0.0744082033634
129085,0.0230476018041
129086,0.0147706745192
129087,0.00818880833685
129089,0.0330738015473
129090,0.023708101362
129092,0.0229052081704
129096,0.0616994202137
129097,0.0225088428706
129099,0.00507063698024
129101,0.0180132444948
129104,0.0037848262582
129105,0.002296223538
129106,0.00797490123659
129107,0.0127439461648
129108,0.0162783935666
129114,0.0363689363003
129115,0.15335790813
129116,0.0732139647007
129117,0.00771826365963
129118,0.00418421067297
129119,0.0409752503037
129120,0.0610429756343
129123,0.0128198619932
129124,0.187179386616
129126,0.002988724038
129130,0.0529237873852
129133,0.00527783297002
129134,0.183093830943
129135,0.0382537432015
129136,0.00243941997178
129139,0.00309929461218
129140,0.00322641385719
129142,0.0480056554079
129143,0.196406245232
129144,0.00249841134064
129145,0.00345733948052
129151,0.00632825959474
129153,0.0207844506949
129155,0.00242398004048
129157,0.0259890537709
129158,0.0340959206223
129159,0.0263792723417
129160,0.0909496247768
129162,0.0169044658542
129165,0.00556267704815
129166,0.00304547278211
129167,0.0703853145242
129173,0.0161435697228
129175,0.0143397655338
129179,0.02497090213
129181,0.00281132780947
129183,0.191742062569
129184,0.0124757392332
129186,0.0363075137138
129187,0.0312473401427
129189,0.00346812675707
129191,0.0283927693963
129193,0.242018252611
129195,0.00162671098951
129196,0.00218026689254
129198,0.0580791532993
129201,0.0144954845309
129203,0.0491170436144
129204,0.055767647922
129208,0.0172505769879
129211,0.00472622644156
129213,0.143230035901
129214,0.0325166918337
129215,0.0455133244395
129217,0.00316972704604
129219,0.00239402707666
129220,0.0780063867569
129221,0.00409710500389
129222,0.0120306899771
129224,0.00467849103734
129225,0.0363091155887
129226,0.00874703004956
129227,0.0207864139229
129228,0.00306999334134
129230,0.0109304850921
129231,0.0149907758459
129232,0.0151738701388
129235,0.00384251819924
129238,0.157422751188
129239,0.0316478200257
129241,0.0183508954942
129243,0.00141440774314
129244,0.00845997035503
129246,0.00222159991972
129249,0.00240568025038
129250,0.148746311665
129255,0.031971886754
129256,0.011420336552
129258,0.0269286222756
129259,0.0892233252525
129260,0.0388498492539
129262,0.0023963204585
129265,0.188242390752
129267,0.00268618483096
129269,0.0196028240025
129274,0.00406163418666
129275,0.0171451419592
129277,0.00187540869229
129279,0.0152279986069
129281,0.0503376983106
129283,0.0618581175804
129286,0.0039884140715
129287,0.00490921735764
129290,0.00441448483616
129293,0.0535714700818
129294,0.202599689364
129295,0.0106290979311
129297,0.285120546818
129299,0.0191955901682
129301,0.0240164399147
129302,0.0655449256301
129304,0.00157473969739
129311,0.00671232072636
129312,0.00508871302009
129313,0.109277971089
129315,0.00293322047219
129317,0.220518767834
129318,0.00456259120256
129319,0.0258411429822
129320,0.00703768944368
129323,0.234116196632
129325,0.0399786643684
129326,0.00320859462954
129328,0.00360932108015
129329,0.0322590060532
129330,0.0243961960077
129332,0.177686169744
129334,0.0265364106745
129337,0.00228223204613
129338,0.00127434078604
129339,0.00128349557053
129340,0.12598605454
129341,0.188280522823
129342,0.0111568691209
129347,0.0980829074979
129348,0.0307123884559
129349,0.0170525088906
129350,0.00721944356337
129353,0.00231449957937
129354,0.0130191538483
129355,0.0167010780424
129356,0.00382430921309
129357,0.00225307419896
129358,0.0196526665241
129361,0.00434584682807
129362,0.0175934322178
129364,0.0208858493716
129367,0.010215411894
129368,0.0465522706509
129369,0.013777484186
129370,0.0999095514417
129373,0.0772070512176
129374,0.0394012443721
129375,0.0100992545485
129376,0.0105004999787
129377,0.0145423766226
129379,0.0199592150748
129381,0.003065030789
129386,0.00836499780416
129387,0.0189937613904
129388,0.041540440172
129389,0.00971564464271
129390,0.180243894458
129391,0.0245925076306
129398,0.0415197201073
129401,0.0123894540593
129404,0.00874829478562
129407,0.103646539152
129409,0.0213831067085
129410,0.00671232072636
129413,0.00822199042886
129414,0.0153918834403
129415,0.0558840297163
129416,0.00906838383526
129420,0.00338340224698
129422,0.0892585590482
129425,0.0599490627646
129426,0.00300163053907
129427,0.0513800121844
129428,0.00443543028086
129429,0.23091866076
129430,0.0233747754246
129431,0.0228493642062
129434,0.176079079509
129436,0.0254565998912
129437,0.0136072998866
129439,0.00345936883241
129441,0.0264217704535
129446,0.0058168345131
129449,0.0233747754246
129450,0.00476858718321
129454,0.00697927130386
129456,0.0192816089839
129457,0.171646714211
129461,0.042227845639
129464,0.00207238132134
129465,0.013242396526
129466,0.0495704710484
129467,0.0799940004945
129468,0.213168025017
129469,0.00206058821641
129473,0.00500676734373
129474,0.0779838263988
129476,0.0105128828436
129477,0.0460642017424
129479,0.0098486142233
129480,0.0426691658795
129484,0.00355289387517
129486,0.0157448668033
129487,0.0248440392315
129488,0.032438531518
129490,0.00988841336221
129492,0.0141994468868
129493,0.00338106974959
129495,0.00816506706178
129498,0.00867456290871
129499,0.0221349466592
129502,0.267359524965
129503,0.267827510834
129504,0.0203224625438
129511,0.0035177259706
129512,0.00627500005066
129513,0.00973090622574
129514,0.203772425652
129517,0.181907817721
129518,0.00239802873693
129519,0.0318670943379
129520,0.0231088474393
129523,0.186031594872
129527,0.0188132096082
129528,0.00299879489467
129529,0.0127695826814
129535,0.0247682258487
129537,0.00833645276725
129542,0.0122405141592
129544,0.0141994468868
129545,0.00236999010667
129551,0.00265284255147
129556,0.00126129458658
129558,0.00251069897786
129560,0.032064769417
129562,0.0122470138595
129563,0.0196028240025
129564,0.00206415168941
129565,0.00275783077814
129566,0.0119055435061
129568,0.0244031473994
129569,0.0103427795693
129571,0.112787798047
129573,0.015038009733
129575,0.00973762571812
129577,0.0137314405292
129578,0.170635983348
129580,0.00159214751329
129581,0.159398436546
129582,0.0148458275944
129583,0.0365245863795
129587,0.0606561787426
129592,0.0145147684962
129594,0.0140851847827
129596,0.0046646730043
129597,0.0260544344783
129599,0.0172460339963
129604,0.00291015207767
129605,0.0304721519351
129607,0.0150595381856
129611,0.017757486552
129612,0.0307153761387
129613,0.0586441159248
129615,0.211104884744
129616,0.00161049922463
129617,0.0226362366229
129618,0.0102331498638
129621,0.0347401574254
129623,0.021014880389
129624,0.00160208821762
129625,0.00490516796708
129627,0.00231113703921
129631,0.00404086476192
129633,0.00655067106709
129635,0.00727013498545
129636,0.00921933446079
129637,0.0222959388047
129646,0.00256989616901
129647,0.0662010982633
129648,0.0196028240025
129649,0.0476425141096
129652,0.00239913980477
129653,0.00612429017201
129654,0.00410477817059
129655,0.00320570892654
129657,0.00297631998546
129659,0.234045386314
129660,0.00266180117615
129661,0.190471276641
129663,0.010422764346
129664,0.0142735112458
129674,0.0410202629864
129675,0.026897193864
129676,0.00747681455687
129678,0.0035634774249
129679,0.015374744311
129680,0.0256749838591
129682,0.0151037862524
129684,0.341974437237
129685,0.0170814581215
129690,0.00948811508715
129693,0.117674708366
129694,0.00205278699286
129697,0.0256799869239
129698,0.0212821774185
129705,0.00713658612221
129707,0.0117656169459
129708,0.0257663633674
129709,0.0326330326498
129710,0.152157276869
129715,0.168722659349
129716,0.00662260083482
129717,0.0375400073826
129718,0.0857996195555
129721,0.0147027364001
129722,0.00283771427348
129724,0.123489268124
129725,0.00975933019072
129726,0.0196526665241
129727,0.033655911684
129730,0.0122082298622
129731,0.017478838563
129733,0.0191412307322
129734,0.00734402891248
129737,0.0643343180418
129742,0.0230605695397
129744,0.0297776944935
129747,0.0031115100719
129749,0.142169237137
129752,0.162858620286
129753,0.00847098138183
129754,0.0118758389726
129756,0.215783566236
129757,0.00343832746148
129761,0.0317139104009
129762,0.0034754301887
129764,0.0149720516056
129766,0.0066984007135
129767,0.0111957117915
129771,0.00643872143701
129773,0.0117011126131
129774,0.297840803862
129776,0.00630419701338
129778,0.0183818824589
129779,0.0414763838053
129785,0.023347845301
129786,0.022022370249
129788,0.051039647311
129789,0.0716748833656
129793,0.100706748664
129797,0.10591544956
129798,0.0133571643382
129802,0.00821835175157
129803,0.0182972121984
129805,0.0539366267622
129809,0.00321872485802
129811,0.00271623418666
129812,0.00599687872455
129813,0.143167957664
129819,0.0264470633119
129821,0.00127641449217
129830,0.126687049866
129831,0.0114926612005
129832,0.00552536454052
129833,0.00615762686357
129838,0.00948811508715
129840,0.0163180697709
129841,0.00175922911149
129844,0.134199619293
129845,0.00557340122759
129847,0.0196028240025
129848,0.00322283967398
129849,0.0140247493982
129850,0.13211171329
129854,0.00320871197619
129855,0.00559933669865
129861,0.00325865740888
129866,0.00247705634683
129867,0.0130047136918
129868,0.00746810436249
129869,0.0123446844518
129870,0.0196028240025
129871,0.00382092455402
129872,0.180243894458
129875,0.0321067459881
129876,0.0174217317253
129877,0.00487076723948
129880,0.00348953902721
129884,0.0119544221088
129885,0.0236554015428
129886,0.00232412316836
129888,0.0169025007635
129889,0.044793151319
129897,0.0211124029011
129898,0.181556940079
129899,0.0360081419349
129900,0.00185131747276
129901,0.048876285553
129905,0.0532778352499
129910,0.0500441417098
129914,0.00583724817261
129916,0.00304806837812
129919,0.0319284871221
129920,0.0467152968049
129921,0.235043853521
129922,0.0134532358497
129923,0.0222656950355
129925,0.189920440316
129926,0.0616448521614
129927,0.0184902437031
129932,0.00948811508715
129935,0.00373153784312
129936,0.237387374043
129938,0.00609370274469
129941,0.024889241904
129942,0.0240959916264
129945,0.0236554015428
129948,0.0111965034157
129950,0.0172581039369
129951,0.0318670943379
129953,0.00810219440609
129954,0.0301577933133
129959,0.0141994468868
129961,0.0361142158508
129963,0.0404047705233
129964,0.0100764408708
129965,0.0106369685382
129967,0.03435414657
129970,0.00269154761918
129973,0.0467700771987
129974,0.00405338872224
129976,0.00951549969614
129981,0.0167273469269
129983,0.00270397425629
129984,0.0141994468868
129985,0.00123229168821
129987,0.022207994014
129989,0.0362045690417
129991,0.00325374072418
129992,0.00651910481974
129995,0.0149907758459
129996,0.0146538671106
130001,0.0165001098067
130002,0.0236972533166
130005,0.039919000119
130006,0.0148458275944
130007,0.175587072968
130009,0.00310317636468
130010,0.0177487805486
130014,0.00844615790993
130016,0.098629578948
130017,0.0157336760312
130019,0.0163693856448
130020,0.0215943623334
130021,0.0278155319393
130027,0.0205593034625
130028,0.0448019392788
130029,0.030155999586
130031,0.0498895309865
130033,0.043902747333
130036,0.0334451422095
130037,0.0303003191948
130038,0.0480265244842
130041,0.0653929710388
130042,0.00618219049647
130044,0.00789807643741
130046,0.00287239532918
130047,0.00741126667708
130050,0.00136794766877
130052,0.0189636647701
130053,0.0338307619095
130055,0.00560353090987
130056,0.0290979649872
130057,0.0507347844541
130063,0.00802088156343
130065,0.00301622692496
130068,0.0310698170215
130072,0.00592965213582
130075,0.079330585897
130076,0.00910223275423
130078,0.0181988403201
130079,0.00843562651426
130082,0.00316962297074
130083,0.00199633161537
130087,0.0181140489876
130089,0.0352255478501
130093,0.00888587720692
130094,0.0164931714535
130097,0.00208638818003
130100,0.00822260510176
130101,0.0237926896662
130102,0.00244763400406
130104,0.0172679163516
130108,0.00286877038889
130109,0.0252400431782
130110,0.0181642305106
130111,0.00250946101733
130113,0.00512894801795
130115,0.00649583851919
130118,0.0129344919696
130121,0.0847632363439
130122,0.0018066422781
130124,0.0104395477101
130128,0.00116271944717
130129,0.0198461934924
130132,0.0637823194265
130135,0.0151552204043
130136,0.0289181768894
130140,0.0111206537113
130142,0.00230814516544
130146,0.00290411175229
130148,0.0117624793202
130149,0.00164888077416
130154,0.00552161084488
130156,0.0179809294641
130157,0.0102160861716
130159,0.00261449581012
130160,0.0161993615329
130163,0.00832021143287
130166,0.0163725111634
130167,0.00212909141555
130168,0.0126787377521
130169,0.00716253416613
130170,0.00272982567549
130178,0.00465440284461
130182,0.00341885630041
130188,0.210289567709
130189,0.00330743286759
130191,0.0196028240025
130195,0.0219616461545
130196,0.0734035670757
130197,0.0145423766226
130198,0.0183456130326
130199,0.0276676081121
130205,0.0290537625551
130207,0.188489183784
130208,0.0576096102595
130209,0.00202319771051
130212,0.0846316367388
130215,0.00383941666223
130218,0.0196028240025
130219,0.00421330239624
130221,0.0338234119117
130222,0.0747416839004
130225,0.386456310749
130226,0.141724437475
130227,0.022853128612
130229,0.0382482074201
130230,0.0093826437369
130232,0.0357107035816
130233,0.0318670943379
130236,0.00742498412728
130240,0.0109242275357
130242,0.112294338644
130243,0.0341473072767
130246,0.00141772790812
130247,0.0169146209955
130249,0.00283264159225
130252,0.00233536143787
130253,0.0154300779104
130254,0.0341030023992
130255,0.0160680320114
130256,0.00203347066417
130257,0.0322990231216
130260,0.0300729516894
130261,0.0046693845652
130263,0.108896136284
130269,0.0196526665241
130271,0.0316748656332
130273,0.0860370844603
130274,0.0220985990018
130277,0.015655843541
130279,0.0263285953552
130280,0.0318670943379
130281,0.0035236927215
130282,0.0197764579207
130287,0.0263451617211
130288,0.0217367317528
130290,0.00833582971245
130291,0.0090898508206
130293,0.0332044512033
130295,0.0058034453541
130299,0.0122435176745
130301,0.00553523283452
130302,0.00303695583716
130304,0.00845013279468
130307,0.0198759436607
130308,0.0296434499323
130309,0.00249383645132
130313,0.149376496673
130315,0.00349864899181
130316,0.176368325949
130319,0.0132075985894
130325,0.008165913634
130326,0.00449901213869
130330,0.0325166918337
130331,0.0149399684742
130332,0.00963910855353
130337,0.0183554049581
130338,0.00979720335454
130339,0.00209107645787
130340,0.106768675148
130341,0.0865533575416
130342,0.0708244740963
130343,0.165987327695
130344,0.00279998010956
130346,0.0237011853606
130347,0.00451037939638
130348,0.0126871373504
130349,0.00337739707902
130351,0.0167484488338
130352,0.00994114391506
130354,0.00558752147481
130358,0.00200957595371
130360,0.102060936391
130363,0.00278092361987
130369,0.242606192827
130370,0.00169222359546
130371,0.00605553854257
130373,0.00694695254788
130380,0.00773384422064
130381,0.0768925920129
130382,0.0148458275944
130385,0.0104557024315
130387,0.00608794623986
130388,0.00948577187955
130389,0.0145694557577
130390,0.00476331962273
130391,0.0374297425151
130393,0.0648210644722
130398,0.00128016504459
130399,0.040863327682
130400,0.00520656164736
130405,0.0105305658653
130413,0.209515318274
130415,0.184662371874
130416,0.0318670943379
130417,0.00453261239454
130419,0.0114032179117
130420,0.00246389769018
130422,0.0611299239099
130426,0.00325196562335
130430,0.0116172358394
130432,0.0294425413013
130433,0.00263806967996
130438,0.00209404760972
130439,0.0471339561045
130440,0.0291688386351
130444,0.0764483734965
130445,0.183344006538
130446,0.020174222067
130448,0.0352093949914
130449,0.131022512913
130450,0.0236100312322
130453,0.0186374858022
130456,0.0133160976693
130459,0.00963910855353
130461,0.00313193886541
130462,0.00844059325755
130464,0.0180266052485
130466,0.0349171049893
130470,0.0514444857836
130474,0.0347690172493
130476,0.00225557642989
130477,0.00295527977869
130480,0.0182797256857
130481,0.00229854159988
130483,0.00465044379234
130485,0.072032302618
130489,0.00166496937163
130492,0.0077305980958
130495,0.0814525485039
130497,0.216416046023
130501,0.00840905215591
130502,0.00253631500527
130507,0.0395263209939
130508,0.00239091319963
130514,0.151835769415
130516,0.0280442368239
130524,0.00666359439492
130525,0.0930461511016
130526,0.0027311486192
130530,0.0487885922194
130531,0.00297830160707
130534,0.0154586527497
130535,0.0107283536345
130538,0.143466278911
130542,0.0216816347092
130543,0.219848498702
130546,0.00433254661039
130547,0.00263540865853
130548,0.0809675529599
130550,0.00811073370278
130552,0.00241380976513
130553,0.00879159104079
130555,0.0107511263341
130556,0.00719965156168
130558,0.00250855530612
130559,0.0132573032752
130562,0.040779478848
130564,0.00246389769018
130565,0.0507341884077
130567,0.00343041564338
130568,0.0514053851366
130570,0.00284459465183
130572,0.0210956353694
130576,0.0298688579351
130577,0.00948811508715
130579,0.00737884500995
130582,0.00452389428392
130583,0.00279273744673
130586,0.017516285181
130587,0.0719476342201
130589,0.0176942963153
130591,0.176368325949
130592,0.00920489430428
130594,0.00281518045813
130597,0.00186964438763
130599,0.00309354392812
130605,0.231567233801
130606,0.0114926612005
130607,0.182862743735
130609,0.18743224442
130610,0.276246070862
130611,0.0148639781401
130614,0.00373991439119
130615,0.0746564790606
130618,0.00487190950662
130622,0.0196028240025
130623,0.0306360274553
130624,0.0640741661191
130630,0.0189335960895
130631,0.00388548406772
130633,0.0367571339011
130634,0.0242781247944
130637,0.0228311922401
130640,0.0167602151632
130642,0.0099664721638
130645,0.142193198204
130646,0.00573442643508
130647,0.0288646314293
130648,0.009695767425
130650,0.0264574885368
130658,0.00296997628175
130660,0.0154300779104
130661,0.0176295265555
130662,0.183380305767
130663,0.0224537309259
130664,0.103196628392
130665,0.193417623639
130666,0.0182177517563
130668,0.00269318791106
130669,0.0383946150541
130671,0.00365663645789
130675,0.0357107035816
130676,0.0310832932591
130677,0.00143746705726
130678,0.215327590704
130681,0.00869056489319
130682,0.0015907707857
130690,0.0130295688286
130691,0.00589983491227
130692,0.0179129894823
130693,0.0149905784056
130695,0.244556412101
130696,0.0159698575735
130699,0.0119397994131
130703,0.0379773415625
130707,0.00192517461255
130709,0.00257617398165
130710,0.100719705224
130712,0.00152384291869
130717,0.0211575888097
130718,0.00260637258179
130719,0.0134706394747
130721,0.0272182580084
130728,0.00872719381005
130730,0.0169795230031
130734,0.0199310239404
130735,0.0296434499323
130745,0.00319472537376
130746,0.177199974656
130747,0.0257503129542
130749,0.0047229710035
130751,0.0299352146685
130754,0.0110436948016
130756,0.0287861451507
130759,0.0409752503037
130760,0.00121965445578
130762,0.0147626977414
130763,0.00815166346729
130765,0.00929028633982
130766,0.0262429174036
130768,0.0915556028485
130770,0.0202771667391
130771,0.00158066675067
130774,0.0259648934007
130775,0.0296434499323
130777,0.100598558784
130778,0.0104419626296
130781,0.10107666254
130782,0.229140415788
130783,0.00256706937216
130784,0.00311335362494
130786,0.0449968986213
130795,0.00739621929824
130797,0.21300855279
130799,0.204878792167
130800,0.169598773122
130801,0.0103163737804
130802,0.0680108144879
130803,0.0155771095306
130804,0.0196028240025
130806,0.008240301162
130808,0.0220985990018
130810,0.0157547798008
130811,0.164334267378
130813,0.190536558628
130816,0.0288910269737
130818,0.157189056277
130819,0.167927995324
130823,0.0141994468868
130825,0.0495470725
130828,0.0102549158037
130832,0.0167661421001
130833,0.0420946665108
130838,0.249476522207
130839,0.0142823094502
130841,0.0083513231948
130842,0.00208638818003
130843,0.00903439428657
130846,0.0273104105145
130849,0.00318631483242
130850,0.0591766685247
130853,0.00196000235155
130857,0.0223171897233
130859,0.00201481580734
130863,0.00286368024535
130864,0.0225378908217
130865,0.0151552204043
130868,0.00810354761779
130869,0.002529629739
130871,0.0264721941203
130872,0.0354246273637
130873,0.0177817139775
130875,0.01715702191
130877,0.0407153517008
130878,0.220890402794
130879,0.0883954167366
130883,0.0165754389018
130885,0.0153918834403
130887,0.0042868135497
130889,0.0567158609629
130891,0.00123431859538
130893,0.00558270933107
130901,0.0145423766226
130902,0.0838224515319
130904,0.0053164800629
130906,0.00975618325174
130907,0.0159947611392
130908,0.00310525251552
130909,0.00152098713443
130910,0.00735946930945
130911,0.0383383631706
130916,0.0137882297859
130917,0.0042757736519
130918,0.0250029377639
130919,0.00133136310615
130921,0.00586121948436
130923,0.00380103499629
130924,0.00929402187467
130929,0.101250335574
130932,0.0813772529364
130933,0.0285285189748
130935,0.0545312985778
130936,0.182862743735
130940,0.0185317583382
130944,0.0170051213354
130948,0.0533006973565
130951,0.0139633640647
130955,0.0364883281291
130956,0.0242384523153
130963,0.00615549460053
130967,0.0149907758459
130973,0.020861281082
130984,0.00233825063333
130985,0.00304961786605
130986,0.0163743011653
130988,0.0268846005201
130991,0.185527220368
130992,0.0395317561924
130993,0.00390136009082
130998,0.003941510804
131001,0.186661750078
131005,0.0506549403071
131006,0.0223685353994
131009,0.00658675702289
131010,0.00258752889931
131012,0.173560455441
131013,0.015536214225
131017,0.0123514933512
131018,0.203772425652
131019,0.218846023083
131021,0.00346349924803
131022,0.0196028240025
131023,0.00447148643434
131024,0.0168709214777
131026,0.00251091062091
131027,0.0103386072442
131028,0.00860513933003
131031,0.00688239187002
131032,0.00377804017626
131034,0.00842652097344
131036,0.00358640472405
131038,0.0199256185442
131040,0.00275486474857
131041,0.0588326267898
131044,0.00757227977738
131045,0.00283704372123
131048,0.226820603013
131051,0.0141994468868
131052,0.03574032709
131053,0.00517674069852
131054,0.0121076218784
131057,0.0587054267526
131059,0.0593497939408
131060,0.00311012286693
131063,0.028776248917
131068,0.00223749852739
131069,0.0061810221523
131070,0.0533006973565
131074,0.085173882544
131077,0.00932539161295
131084,0.0242804642767
131086,0.00197820714675
131091,0.0462471134961
131092,0.0531970337033
131095,0.00432095676661
131096,0.0637683495879
131097,0.00549779832363
131103,0.00520221423358
131107,0.00983623042703
131108,0.102257817984
131112,0.0170703567564
131114,0.00469886278734
131115,0.0362910144031
131117,0.00917727220803
131118,0.279949218035
131120,0.0288562253118
131121,0.0114126028493
131124,0.195249006152
131125,0.00144609995186
131127,0.0132024055347
131128,0.0197451524436
131130,0.0411051511765
131131,0.00378317618743
131132,0.00608660234138
131134,0.0217542033643
131136,0.00780276488513
131137,0.0164450518787
131139,0.0106550939381
131140,0.023713927716
131143,0.0304463412613
131146,0.00654277903959
131148,0.00236035673879
131149,0.00738767255098
131150,0.00319343758747
131153,0.00640049064532
131154,0.0072442702949
131156,0.0086256545037
131157,0.148328766227
131160,0.0110783753917
131164,0.0123415682465
131166,0.0999572202563
131170,0.0059813503176
131171,0.0203535202891
131172,0.0348279066384
131173,0.0115275895223
131176,0.0267780162394
131177,0.00869912654161
131180,0.0194973573089
131182,0.00855553150177
131184,0.00212895986624
131185,0.0103471586481
131187,0.0167422220111
131190,0.00225043017417
131191,0.0308940522373
131195,0.0137662542984
131199,0.0204507559538
131201,0.00261426717043
131202,0.0864175856113
131204,0.0363967604935
131206,0.0322250314057
131207,0.0290390457958
131208,0.362497270107
131209,0.207650735974
131210,0.00223519280553
131213,0.174728617072
131217,0.225083187222
131221,0.00364400935359
131223,0.00240392889827
131224,0.00363746564835
131226,0.0421150326729
131229,0.0056627644226
131231,0.00554861174896
131233,0.0135528445244
131234,0.0124223046005
131236,0.00879852008075
131238,0.0295477863401
131240,0.00316403387114
131241,0.210556969047
131242,0.0505441948771
131243,0.0800520628691
131248,0.0272835865617
131249,0.00878901500255
131251,0.0381970256567
131252,0.0141994468868
131254,0.0196028240025
131255,0.0509877428412
131259,0.0296638719738
131261,0.0162764843553
131263,0.113076463342
131264,0.0352778546512
131265,0.158443048596
131267,0.0278626661748
131269,0.0189937613904
131270,0.00474601704627
131275,0.0196526665241
131276,0.00617763726041
131277,0.00174993264955
131278,0.00726064667106
131281,0.0297031681985
131282,0.222205132246
131283,0.002408424858
131286,0.00962157733738
131287,0.0340552069247
131288,0.0167900621891
131292,0.00614690920338
131293,0.0491081923246
131294,0.0874757617712
131297,0.18517832458
131299,0.041890360415
131301,0.021843181923
131302,0.0317231342196
131305,0.035923294723
131306,0.0197895765305
131307,0.0222117062658
131311,0.0168145615608
131313,0.199514046311
131314,0.00413578050211
131316,0.0148458275944
131318,0.0328965373337
131319,0.0382309369743
131320,0.0166272688657
131321,0.163735419512
131323,0.107357636094
131324,0.00807427242398
131325,0.0875931754708
131327,0.00209527066909
131328,0.00277639552951
131329,0.00161084509455
131330,0.0110996104777
131334,0.0322303883731
131335,0.00252031767741
131336,0.0524431057274
131337,0.0178209990263
131338,0.0306150708348
131340,0.0271972995251
131342,0.0272182580084
131343,0.0146056814119
131344,0.178152903914
131345,0.00680966582149
131346,0.0196028240025
131347,0.0358060710132
131348,0.0919131189585
131351,0.0117044160143
131352,0.00226225797087
131353,0.00286551774479
131355,0.00215594726615
131356,0.0289365295321
131357,0.00261980574578
131358,0.0137669909745
131361,0.0323340967298
131364,0.18550875783
131365,0.00565669964999
131366,0.0738728642464
131368,0.00279822596349
131369,0.00921933446079
131371,0.00951770599931
131373,0.0161448046565
131376,0.018509266898
131377,0.222403407097
131379,0.0330739058554
131382,0.0258209779859
131388,0.00220976863056
131391,0.0121325710788
131392,0.146135479212
131393,0.269597351551
131394,0.103887848556
131395,0.0035134460777
131396,0.185893043876
131398,0.0837406292558
131407,0.0617408305407
131410,0.201547667384
131411,0.00688752066344
131412,0.0204736031592
131413,0.049936812371
131417,0.00971564464271
131418,0.216416046023
131419,0.030666898936
131420,0.0345014221966
131421,0.0121045419946
131422,0.0147236110643
131423,0.0196028240025
131425,0.00269672391005
131428,0.00644635502249
131431,0.0421717911959
131432,0.109392248094
131433,0.0693785697222
131435,0.00284708291292
131444,0.0428251847625
131449,0.00162419909611
131452,0.00851938687265
131455,0.074654109776
131456,0.153244554996
131460,0.0164619199932
131461,0.0118913771585
131462,0.0535310842097
131463,0.00252916291356
131464,0.0071397703141
131465,0.00257099047303
131467,0.0149853117764
131469,0.0166262164712
131474,0.0299126189202
131477,0.00535557139665
131480,0.00959083717316
131482,0.0147312292829
131485,0.00208653020673
131486,0.101536192
131487,0.00616370560601
131490,0.0555244907737
131492,0.00582043407485
131494,0.0143080241978
131495,0.0068777166307
131499,0.168168455362
131500,0.0234987922013
131502,0.0102222068235
131503,0.00934741739184
131504,0.0193369500339
131505,0.0149907758459
131506,0.00798366591334
131507,0.158467903733
131509,0.00203854730353
131511,0.008271003142
131512,0.00315814977512
131514,0.0165329761803
131515,0.0147025417536
131516,0.0234620012343
131518,0.00479045230895
131521,0.00241270777769
131524,0.103874213994
131526,0.00319208251312
131531,0.0149850873277
131532,0.00162007531617
131533,0.0132276751101
131534,0.00220438395627
131535,0.0255321282893
131541,0.00155325885862
131544,0.00234004016966
131545,0.0236897245049
131546,0.0117672523484
131547,0.0608285814524
131550,0.0347845070064
131551,0.00136348442174
131554,0.00130378815811
131555,0.00731434999034
131556,0.0224576704204
131558,0.0235158354044
131560,0.00448552006856
131561,0.0216237958521
131563,0.106341347098
131574,0.0618348680437
131577,0.0051164641045
131579,0.20439851284
131580,0.00173462985549
131582,0.00128956336994
131583,0.0222552902997
131584,0.0732098296285
131586,0.0606492049992
131587,0.003772493219
131588,0.0110501330346
131589,0.0514128953218
131590,0.176368325949
131592,0.0380430221558
131593,0.0125751700252
131594,0.0196526665241
131595,0.00623156037182
131596,0.00677493074909
131597,0.178307160735
131598,0.0389807969332
131600,0.0074535254389
131601,0.0148458275944
131602,0.0266451910138
131604,0.00894688908011
131606,0.025858303532
131611,0.0100665045902
131613,0.00705746700987
131614,0.00163793656975
131615,0.0183200407773
131617,0.00357345025986
131618,0.0220985990018
131619,0.00833486393094
131620,0.0180061142892
131622,0.00268246629275
131625,0.0247561857104
131626,0.100698933005
131627,0.0245232135057
131629,0.0231663286686
131630,0.0450911484659
131631,0.22342838347
131633,0.00182131223846
131637,0.0233860518783
131640,0.0406121239066
131641,0.00374516425654
131644,0.00961236190051
131646,0.0031047668308
131647,0.0252452641726
131652,0.00408061780035
131654,0.133682265878
131655,0.00384934688918
131657,0.00168922718149
131660,0.00498342793435
131662,0.180243894458
131664,0.0412296503782
131665,0.0443513318896
131666,0.00397260952741
131667,0.0324146933854
131668,0.0318670943379
131670,0.0104718916118
131673,0.0163307655603
131674,0.0317966714501
131675,0.0556637495756
131679,0.0707756280899
131684,0.164272636175
131687,0.164512306452
131688,0.106888175011
131689,0.00502032320946
131691,0.0349171049893
131693,0.186985477805
131694,0.0026399763301
131695,0.00406950945035
131697,0.136482164264
131700,0.0196526665241
131701,0.0185478311032
131702,0.00544262723997
131703,0.00370425311849
131705,0.0481889098883
131706,0.0233747754246
131708,0.00130269024521
131711,0.00467602210119
131717,0.00283704372123
131719,0.201357424259
131721,0.0196028240025
131722,0.00837055686861
131729,0.0146937863901
131731,0.225894480944
131733,0.158441826701
131734,0.00663999281824
131736,0.0129691101611
131737,0.0495053306222
131739,0.0033432149794
131741,0.00247128051706
131743,0.0286419019103
131745,0.0345812886953
131746,0.0187220163643
131749,0.00255999760702
131750,0.00280018663034
131753,0.0325166918337
131754,0.0217648651451
131756,0.0119551317766
131757,0.00646306714043
131760,0.0533713884652
131761,0.00973656866699
131763,0.0576726570725
131766,0.0248382985592
131767,0.0313261821866
131768,0.00145387044176
131769,0.00785014871508
131771,0.0103832315654
131774,0.00760776968673
131777,0.0292178317904
131779,0.138824880123
131781,0.0476044863462
131782,0.00463441200554
131783,0.271398216486
131785,0.210154429078
131786,0.0395104028285
131788,0.0123612349853
131790,0.0309282056987
131793,0.184308931231
131796,0.0642072483897
131802,0.0515543036163
131805,0.00186326622497
131809,0.00382432737388
131814,0.0155296148732
131815,0.0840877667069
131816,0.0203870106488
131818,0.0402605868876
131819,0.156686350703
131820,0.021707072854
131823,0.174630403519
131824,0.0325312167406
131825,0.00908367615193
131826,0.0907242596149
131829,0.00721430173144
131832,0.0339048877358
131833,0.00342349102721
131834,0.0175545420498
131836,0.00596987362951
131837,0.00313709583133
131841,0.00288971164264
131842,0.1675452739
131844,0.168999016285
131845,0.0172623842955
131850,0.0446861833334
131851,0.0772946104407
131854,0.00247163302265
131856,0.0103689739481
131857,0.00878399424255
131858,0.0336984843016
131861,0.00242633698508
131864,0.0243222229183
131865,0.0306360274553
131866,0.0269752945751
131872,0.00827129278332
131874,0.156615972519
131875,0.0482984557748
131876,0.0274818725884
131878,0.203790083528
131880,0.00392041681334
131881,0.00323030515574
131883,0.00141545280349
131884,0.00422459328547
131885,0.00281625171192
131886,0.0760769769549
131889,0.00570371653885
131891,0.273542046547
131892,0.00541395414621
131894,0.0650203153491
131895,0.0254703070968
131896,0.0131747638807
131899,0.138679966331
131902,0.010564555414
131903,0.00860309042037
131905,0.0196028240025
131906,0.00250855530612
131908,0.0385871492326
131909,0.148291528225
131911,0.393359184265
131912,0.203772425652
131913,0.0189208146185
131914,0.00181056861766
131917,0.0138642797247
131920,0.122459374368
131921,0.0317762754858
131922,0.00843981094658
131923,0.0558840297163
131927,0.00316152488813
131931,0.0138740437105
131932,0.00243156845681
131934,0.0313377156854
131936,0.0660354420543
131937,0.0323183164001
131938,0.0220985990018
131939,0.00663036294281
131940,0.00908967480063
131942,0.00319173210301
131943,0.0582818612456
131945,0.00598681624979
131947,0.0130972424522
131948,0.00116271944717
131949,0.00557133508846
131950,0.00855771172792
131952,0.143398061395
131953,0.221839949489
131954,0.159538075328
131956,0.0095825465396
131957,0.12144485116
131959,0.0125980451703
131960,0.00250561465509
131961,0.0122047755867
131962,0.0543058328331
131963,0.0131774423644
131964,0.180243894458
131965,0.00534475129098
131967,0.0139877619222
131968,0.0815718621016
131969,0.0117913922295
131971,0.0315376184881
131972,0.0186660215259
131978,0.00587123539299
131980,0.00971564464271
131981,0.0144753223285
131984,0.0068339346908
131986,0.0333853140473
131987,0.199420526624
131992,0.00457152444869
131994,0.00870969239622
131997,0.177796497941
132001,0.224986150861
132002,0.0355915874243
132005,0.00418535294011
132008,0.0993637219071
132010,0.00396748445928
132013,0.0201435219496
132014,0.0130201587453
132017,0.0176157392561
132019,0.00779031962156
132020,0.0196028240025
132022,0.0373902767897
132023,0.0136832343414
132025,0.173346236348
132026,0.00350495544262
132028,0.00967774540186
132029,0.00250391103327
132032,0.0190024040639
132033,0.01496116817
132034,0.0220985990018
132039,0.0164173096418
132042,0.0441954545677
132044,0.0252473708242
132045,0.00238652457483
132047,0.21714143455
132048,0.0900650694966
132053,0.0388367474079
132057,0.0068098208867
132058,0.00346473697573
132065,0.0436155237257
132067,0.153012394905
132070,0.00228369701654
132073,0.0363689363003
132075,0.0278884731233
132077,0.00556761166081
132085,0.00440872134641
132086,0.00437321700156
132092,0.0019358091522
132103,0.109282672405
132104,0.0152127686888
132106,0.0125077618286
132107,0.0739189386368
132109,0.0196028240025
132111,0.0472957789898
132112,0.00841811019927
132115,0.00439297454432
132120,0.0120608964935
132123,0.0253827143461
132124,0.00760489469394
132129,0.020884161815
132132,0.0632107853889
132133,0.00159126683138
132134,0.00174632295966
132136,0.00270143058151
132137,0.0586136355996
132141,0.04429814592
132145,0.00638386094943
132148,0.00222575454973
132152,0.00332052097656
132155,0.00823670905083
132156,0.00712923845276
132157,0.0285452231765
132158,0.00383064732887
132161,0.0191063955426
132162,0.0294872317463
132164,0.228524953127
132166,0.0242706146091
132169,0.0173233766109
132170,0.00863825902343
132172,0.031662363559
132173,0.122926332057
132175,0.00611855182797
132178,0.152603775263
132179,0.0445209294558
132182,0.0507250390947
132184,0.00274686166085
132186,0.0189427360892
132187,0.00993255432695
132190,0.0819287598133
132192,0.0574033334851
132195,0.0349146872759
132196,0.213947206736
132197,0.035467736423
132199,0.00360100856051
132200,0.0103689739481
132203,0.0272182580084
132204,0.101872593164
132205,0.00932977255434
132206,0.0157823916525
132208,0.0108723649755
132209,0.0149641493335
132210,0.108019217849
132211,0.0318670943379
132213,0.0517979003489
132216,0.0106816068292
132218,0.070016913116
132224,0.0252696536481
132226,0.118315011263
132227,0.0184846334159
132228,0.0652806162834
132229,0.012795643881
132230,0.254246085882
132234,0.00474140420556
132236,0.225221693516
132239,0.00288826227188
132240,0.158768460155
132244,0.0798695236444
132245,0.253528177738
132247,0.167927995324
132248,0.0196028240025
132249,0.00252759712748
132252,0.0554730035365
132255,0.0353120975196
132257,0.0139634348452
132259,0.00396119197831
132261,0.0024046220351
132262,0.0309852696955
132264,0.00147362216376
132265,0.0141419265419
132266,0.00367759168148
132268,0.00341706280597
132271,0.164688155055
132274,0.0122168641537
132277,0.0382346510887
132278,0.00331256911159
132279,0.00747809931636
132281,0.0219680331647
132282,0.0111601417884
132283,0.0652567744255
132293,0.0583162307739
132294,0.178320258856
132299,0.0162104815245
132300,0.00324026029557
132301,0.00139939901419
132303,0.0146997869015
132304,0.0181642305106
132308,0.0120799737051
132310,0.139084175229
132314,0.0100566735491
132315,0.00152384291869
132316,0.00309673370793
132318,0.00158746924717
132319,0.0266294702888
132323,0.0292506366968
132326,0.00125346635468
132328,0.0112640922889
132330,0.250859975815
132332,0.00267246458679
132335,0.00412113545462
132336,0.0214861799031
132337,0.0144785055891
132340,0.00520122237504
132342,0.00224586436525
132344,0.0244929455221
132345,0.0620735250413
132346,0.0135895935819
132350,0.180871874094
132353,0.0341358855367
132354,0.00882916338742
132355,0.0268152896315
132362,0.00814555864781
132363,0.208350881934
132366,0.0172846671194
132367,0.0438162572682
132368,0.0315085612237
132369,0.00858792569488
132372,0.0274057127535
132374,0.0563906542957
132375,0.0127432439476
132378,0.0118402084336
132379,0.00200768047944
132384,0.00263173924759
132385,0.0169486366212
132386,0.00191192317288
132387,0.0948564633727
132388,0.00283680506982
132390,0.0367585159838
132394,0.00819461140782
132396,0.00411804672331
132398,0.0037982231006
132399,0.00210944772698
132400,0.0531006008387
132404,0.0288734473288
132406,0.00279993354343
132407,0.0881871879101
132408,0.00454562436789
132410,0.00589842069894
132413,0.229911342263
132415,0.00349885667674
132417,0.0272182580084
132418,0.0014034936903
132419,0.0421486236155
132420,0.00458458857611
132425,0.00500735174865
132429,0.0061103166081
132430,0.00621633604169
132435,0.00238768290728
132438,0.00298155425116
132440,0.0807450562716
132441,0.0584997832775
132442,0.050296138972
132443,0.00342722213827
132447,0.181211531162
132450,0.00777131738141
132453,0.00131422001868
132456,0.0312985144556
132459,0.00783918239176
132462,0.0667769238353
132463,0.0406074523926
132464,0.00911009777337
132465,0.0136103462428
132466,0.00808805134147
132471,0.00837055686861
132475,0.00696207117289
132478,0.0206016357988
132480,0.0407794862986
132481,0.0802923366427
132483,0.0218427628279
132484,0.0098925512284
132485,0.313595086336
132488,0.0237965621054
132490,0.0217784699053
132493,0.00144980766345
132495,0.0876059830189
132496,0.00475536892191
132501,0.0759874135256
132503,0.0132339065894
132504,0.0438679531217
132505,0.0116565199569
132506,0.104779116809
132507,0.00221277563833
132512,0.0476378947496
132520,0.0311248265207
132522,0.0111180385575
132523,0.0301111359149
132524,0.00605312781408
132530,0.0396868512034
132533,0.00191568396986
132535,0.0203433744609
132536,0.0218684170395
132537,0.15729919076
132538,0.105271920562
132540,0.0313841402531
132542,0.00948811508715
132543,0.0199485570192
132546,0.00222890404984
132547,0.0157599188387
132554,0.00257070781663
132555,0.0026018882636
132556,0.0311730466783
132557,0.012260443531
132559,0.00350417289883
132562,0.00761505682021
132563,0.0150807844475
132564,0.00776714505628
132565,0.0111137507483
132566,0.0133767668158
132568,0.0558333322406
132570,0.00626499066129
132573,0.0026388715487
132574,0.033170234412
132576,0.0256378632039
132578,0.185527220368
132579,0.0261377692223
132580,0.00181991711725
132582,0.0025183474645
132583,0.00436088722199
132587,0.0858915448189
132589,0.0110498471186
132590,0.00852461252362
132591,0.0107175083831
132592,0.109898708761
132595,0.0083153732121
132596,0.0174189805984
132604,0.0022836024873
132605,0.02876958251
132606,0.00262885051779
132608,0.00321966898628
132609,0.137326672673
132613,0.00258954172023
132614,0.00399694172665
132616,0.0467716753483
132617,0.0751639530063
132619,0.00963910855353
132621,0.00965216755867
132622,0.00277662929147
132623,0.0159683581442
132625,0.0144681334496
132629,0.0273052733392
132630,0.0327335372567
132631,0.004130856134
132632,0.016540473327
132634,0.00484375655651
132635,0.0195821411908
132637,0.0816504359245
132641,0.00989148113877
132643,0.0181328225881
132646,0.0389554388821
132653,0.00329357408918
132654,0.00260056555271
132656,0.0259283669293
132659,0.0462458841503
132660,0.144241973758
132661,0.0168823227286
132663,0.00977869424969
132664,0.161402985454
132665,0.0207104738802
132666,0.0102746710181
132667,0.0196028240025
132669,0.047450710088
132670,0.0375439673662
132671,0.126740098
132672,0.0398704074323
132674,0.0422186478972
132675,0.0114971371368
132676,0.00859881658107
132678,0.00786481052637
132684,0.0196028240025
132685,0.295766323805
132686,0.0156041216105
132687,0.00330063025467
132688,0.00268491799943
132690,0.445322245359
132692,0.00308303418569
132693,0.103269308805
132694,0.0127594526857
132697,0.00415026210248
132698,0.00198528612964
132699,0.0633415579796
132700,0.0100765507668
132701,0.018174642697
132702,0.00512872869149
132704,0.00973656866699
132706,0.00232886336744
132709,0.0147452102974
132710,0.0147427218035
132712,0.00898470729589
132716,0.0523708462715
132721,0.00502890301868
132722,0.0111160147935
132724,0.0377086922526
132725,0.00184240587987
132726,0.00710423057899
132728,0.00622294098139
132732,0.0312439668924
132735,0.0636532232165
132736,0.0185134876519
132737,0.0154300779104
132738,0.011020604521
132740,0.0368539765477
132742,0.00221709441394
132744,0.0722784176469
132745,0.00167031842284
132746,0.0040891491808
132747,0.00499536888674
132748,0.0120054110885
132749,0.00540480529889
132750,0.00859034154564
132751,0.0170568581671
132752,0.00520944222808
132753,0.0352405793965
132754,0.00534071726725
132757,0.0111459996551
132758,0.027958182618
132759,0.0158957205713
132761,0.0170990638435
132763,0.00620403466746
132766,0.12302993238
132767,0.0153077701107
132771,0.0215705949813
132776,0.00677315657958
132778,0.0574863143265
132782,0.0318670943379
132788,0.00234374008141
132790,0.00560208596289
132791,0.00977126788348
132792,0.008670152165
132795,0.0183906424791
132796,0.255868375301
132797,0.0289747882634
132798,0.0522701703012
132799,0.0196526665241
132800,0.0049351323396
132801,0.0892151743174
132802,0.0126816798002
132803,0.0398411378264
132804,0.0588060580194
132805,0.0148458275944
132807,0.0646639987826
132809,0.0350941680372
132812,0.0788673087955
132816,0.0235219355673
132819,0.125638648868
132822,0.0574076063931
132824,0.0611854605377
132829,0.030061667785
132830,0.00996388401836
132831,0.0164186954498
132832,0.0188248399645
132837,0.0175533909351
132838,0.00723339058459
132839,0.0173852331936
132840,0.180504560471
132843,0.0132753737271
132844,0.0616419836879
132845,0.0115966023877
132847,0.00310500152409
132850,0.158931285143
132851,0.00262060458772
132852,0.00667177792639
132856,0.0537886731327
132857,0.0354281142354
132862,0.00678630871698
132865,0.0111188190058
132866,0.00980227068067
132867,0.00230396189727
132872,0.00213404605165
132873,0.00307854823768
132876,0.0545686259866
132877,0.208356887102
132878,0.00980763603002
132879,0.00475848233327
132883,0.00297265429981
132887,0.0190488100052
132889,0.010507825762
132890,0.0269576832652
132892,0.110341794789
132894,0.0100266914815
132895,0.0568016283214
132896,0.00142931181472
132898,0.0145423766226
132899,0.00142073922325
132900,0.0259321182966
132907,0.0567395798862
132908,0.0874757617712
132909,0.0288225430995
132910,0.00426877336577
132911,0.0317031852901
132915,0.0139722693712
132916,0.0750812068582
132917,0.0278903767467
132918,0.2496406883
132920,0.00534489843994
132921,0.00840795040131
132922,0.0119123002514
132926,0.0199689790606
132927,0.0231462251395
132928,0.0154018728063
132930,0.0845638215542
132932,0.00764171080664
132933,0.0341644510627
132934,0.00948811508715
132935,0.0050174635835
132936,0.0087966164574
132937,0.00373739586212
132939,0.00947382114828
132940,0.162858620286
132944,0.0557102933526
132946,0.031025711447
132949,0.0319595076144
132950,0.00862065237015
132953,0.00939265172929
132957,0.00743485894054
132958,0.0141994468868
132959,0.0198961850256
132960,0.0475828796625
132961,0.208764821291
132962,0.1792999506
132963,0.00324887456372
132966,0.0400119945407
132969,0.00193006894551
132972,0.0143848508596
132975,0.00845761038363
132976,0.00946300756186
132978,0.0185505840927
132980,0.189805701375
132984,0.0551591850817
132987,0.0245383437723
132990,0.0118219358847
132991,0.00714265415445
132994,0.0300509370863
132995,0.00973917171359
132996,0.0220985990018
132999,0.0133093278855
133003,0.0304109752178
133008,0.0124012744054
133011,0.034146565944
133012,0.00980552006513
133013,0.0277617536485
133014,0.0325617939234
133016,0.0370120219886
133017,0.0166463591158
133020,0.0475353933871
133021,0.383020550013
133022,0.00695237889886
133029,0.00442345114425
133031,0.00266106589697
133032,0.00745958462358
133033,0.108220040798
133040,0.00560713745654
133043,0.0124727087095
133044,0.0985760018229
133045,0.0145822772756
133046,0.00146562140435
133047,0.0439035370946
133052,0.0126544479281
133054,0.0307153761387
133055,0.154561817646
133056,0.00328337308019
133057,0.00436571985483
133059,0.0047906297259
133063,0.019518436864
133067,0.00931673590094
133069,0.0331780798733
133071,0.0051751495339
133072,0.0292980093509
133075,0.0151080703363
133076,0.00227134069428
133077,0.0320316329598
133078,0.158801883459
133079,0.0916412323713
133080,0.139847666025
133081,0.00504230801016
133082,0.0272182580084
133083,0.00152674340643
133084,0.00747435633093
133086,0.00740981847048
133087,0.00948811508715
133090,0.00133090105373
133093,0.00921933446079
133094,0.00344552937895
133095,0.0537709333003
133096,0.0104576125741
133097,0.00999618973583
133100,0.0204347055405
133101,0.0356421247125
133103,0.0196028240025
133104,0.00285797938704
133105,0.00136953417677
133110,0.00375783350319
133111,0.0732540488243
133113,0.0196028240025
133115,0.00572262844071
133116,0.0239951517433
133120,0.235649988055
133121,0.105616658926
133128,0.0457282885909
133129,0.0953111127019
133130,0.139084175229
133133,0.014973865822
133135,0.00571797182783
133137,0.00499278353527
133140,0.0667999014258
133142,0.00509374216199
133143,0.0144823705778
133144,0.00342901074328
133149,0.0307153761387
133151,0.00931372493505
133153,0.00724327983335
133160,0.0107061797753
133164,0.00374926556833
133165,0.00351122976281
133168,0.00330917956308
133169,0.00613815011457
133170,0.0211861710995
133172,0.00668200524524
133176,0.0120147010311
133178,0.00465993117541
133181,0.0386644117534
133183,0.00901912059635
133187,0.0314686410129
133188,0.00971564464271
133191,0.0196028240025
133192,0.00895223859698
133194,0.00905306078494
133195,0.0121692130342
133201,0.0138775203377
133202,0.208220794797
133203,0.0529461838305
133204,0.0176264140755
133208,0.00498790107667
133209,0.0291828494519
133212,0.022473456338
133214,0.0027203138452
133215,0.00265807448886
133216,0.0020121471025
133217,0.011020604521
133222,0.00715469941497
133223,0.0602487996221
133224,0.00856247451156
133227,0.0123681062832
133228,0.00987382140011
133230,0.00520221656188
133231,0.0122221419588
133234,0.0936256945133
133235,0.020004061982
133237,0.00381672731601
133239,0.00973656866699
133241,0.164141088724
133242,0.0269721522927
133245,0.0161305777729
133246,0.00272917933762
133248,0.207907512784
133249,0.00598335219547
133250,0.0164365470409
133253,0.00261162640527
133254,0.00348276551813
133255,0.0208183266222
133258,0.00398442475125
133260,0.0194754432887
133261,0.0148227615282
133263,0.010607692413
133264,0.0104030650109
133266,0.00971564464271
133267,0.00848883856088
133271,0.0110910926014
133276,0.00948811508715
133279,0.00306796375662
133280,0.0195813830942
133283,0.00234809331596
133286,0.0291066579521
133287,0.0024402460549
133288,0.0155559694394
133289,0.0059682582505
133290,0.00216986727901
133292,0.0101803774014
133293,0.00694450549781
133297,0.0233868677169
133298,0.00239896192215
133299,0.0168863907456
133300,0.00214770413004
133301,0.00249695824459
133305,0.00291428342462
133306,0.0277051795274
133307,0.0126086194068
133308,0.0219431817532
133309,0.123110041022
133310,0.00250167166814
133312,0.0164843406528
133313,0.0527646318078
133314,0.0178759004921
133317,0.0257791317999
133321,0.0277231875807
133322,0.00238439813256
133324,0.00259215780534
133327,0.137654930353
133329,0.0027465664316
133331,0.0228776279837
133334,0.00859617907554
133338,0.0117650069296
133340,0.0430810265243
133341,0.137688398361
133346,0.00613961089402
133347,0.00287403468974
133352,0.0141994468868
133358,0.00253663957119
133360,0.00810663402081
133363,0.00723451701924
133364,0.158768460155
133367,0.301576256752
133369,0.0210712142289
133370,0.0196148920804
133372,0.0102051086724
133373,0.0227274186909
133374,0.00393831869587
133376,0.0178457796574
133377,0.0416337102652
133378,0.00858753919601
133379,0.00235821306705
133384,0.0015634506708
133385,0.00234450935386
133386,0.0018066422781
133387,0.00881047174335
133388,0.00260944617912
133389,0.00248168059625
133390,0.0196526665241
133396,0.00138760323171
133398,0.00689811911434
133400,0.0398129671812
133402,0.00809949729592
133404,0.0194018892944
133409,0.0354162529111
133410,0.00800335407257
133412,0.188792034984
133415,0.0152236092836
133416,0.183289691806
133418,0.00987142603844
133420,0.0226981695741
133422,0.0172873958945
133426,0.0349618904293
133429,0.0032397643663
133431,0.0612473674119
133433,0.0494820252061
133434,0.010722768493
133435,0.0280591063201
133436,0.0134372031316
133438,0.0103654852137
133439,0.00524249812588
133440,0.0385388508439
133441,0.00777182402089
133443,0.0518035367131
133445,0.0903304070234
133449,0.00330840912648
133452,0.229549765587
133456,0.00249372865073
133458,0.030752280727
133460,0.0138049488887
133461,0.00740083167329
133463,0.162569865584
133464,0.0141994468868
133468,0.010770490393
133470,0.00884786061943
133472,0.22986523807
133475,0.0255321282893
133477,0.00133367790841
133478,0.0225698426366
133481,0.0244767516851
133484,0.00355698657222
133486,0.0111278677359
133489,0.032158151269
133490,0.010770490393
133492,0.0910531282425
133493,0.023196535185
133495,0.00329050305299
133496,0.016392512247
133497,0.0310172140598
133502,0.0115185081959
133504,0.022717513144
133505,0.00796850584447
133508,0.00316173536703
133512,0.00146562140435
133516,0.0954449921846
133517,0.00368938245811
133520,0.258638650179
133521,0.039758797735
133523,0.0272835865617
133524,0.0172679163516
133525,0.274971425533
133526,0.00421567587182
133528,0.0149907758459
133529,0.00499952072278
133530,0.00280171935447
133531,0.0218661986291
133533,0.00124484032858
133534,0.00828187260777
133535,0.00997449271381
133536,0.0145574593917
133538,0.0233860518783
133543,0.0315285883844
133544,0.0195807144046
133546,0.00643666880205
133547,0.0216570198536
133548,0.0155373374
133551,0.130711778998
133553,0.0405635870993
133554,0.167927995324
133556,0.0123566547409
133559,0.0659724026918
133560,0.0509387366474
133562,0.191739886999
133568,0.00881400797516
133570,0.00232264096849
133571,0.00345770106651
133574,0.02027425915
133575,0.076479151845
133576,0.00388898304664
133577,0.00260292412713
133580,0.035313591361
133581,0.00315258069895
133583,0.00617821933702
133584,0.0342138856649
133585,0.118361033499
133586,0.0236091371626
133587,0.00391305563971
133588,0.0408178977668
133589,0.0106192845851
133591,0.0724974423647
133594,0.0345132015646
133598,0.0320855826139
133599,0.0319778248668
133600,0.00188243575394
133601,0.00342349102721
133602,0.0167140904814
133605,0.0220168773085
133606,0.00948811508715
133608,0.0199790913612
133614,0.205337911844
133616,0.0314513370395
133617,0.00710285222158
133618,0.0172581039369
133621,0.0142593160272
133622,0.0050128926523
133628,0.00979043357074
133631,0.017179550603
133632,0.0023299860768
133633,0.0479429550469
133634,0.00227762875147
133636,0.0148458275944
133638,0.00253402767703
133641,0.0196028240025
133643,0.22694504261
133644,0.00274663185701
133645,0.1101757586
133647,0.0463527478278
133648,0.00739800883457
133651,0.00574394967407
133652,0.201878249645
133653,0.0172266885638
133654,0.0165534485132
133656,0.00394711457193
133658,0.00725639658049
133659,0.0255444459617
133663,0.00875541009009
133665,0.104224249721
133669,0.00285577354953
133671,0.0150914127007
133673,0.00260637258179
133674,0.0102394884452
133675,0.00245339307003
133680,0.0198162589222
133683,0.0299405902624
133684,0.00316164945252
133686,0.0135709550232
133687,0.0105528188869
133694,0.154896631837
133695,0.0616137906909
133696,0.0318670943379
133697,0.0948203802109
133698,0.0154300779104
133701,0.0152799291536
133702,0.0268765445799
133703,0.0196028240025
133706,0.0306212939322
133708,0.0379764027894
133710,0.00200408929959
133711,0.00932067539543
133712,0.00119273213204
133713,0.0148817235604
133714,0.0275042857975
133715,0.0029862485826
133717,0.133340835571
133720,0.0225987099111
133723,0.0945522412658
133725,0.0159947611392
133728,0.00444268807769
133730,0.0535914078355
133733,0.0580399595201
133735,0.0105084301904
133739,0.00291676050983
133740,0.0146517753601
133741,0.0134695107117
133744,0.0222656950355
133745,0.0327038243413
133747,0.0596859902143
133750,0.0230493508279
133752,0.0191039443016
133755,0.0122424168512
133757,0.0207577161491
133759,0.00533211929724
133760,0.0028724023141
133761,0.00525703560561
133767,0.0562854520977
133769,0.00715822912753
133771,0.0235808305442
133772,0.00130821065977
133773,0.00236367131583
133774,0.0236624944955
133778,0.0402249246836
133781,0.0276472698897
133784,0.00383377284743
133785,0.00588410813361
133786,0.2122900635
133787,0.0204618331045
133789,0.0103673934937
133791,0.00540470797569
133792,0.0210140608251
133794,0.0357107035816
133795,0.0123440567404
133798,0.00302685773931
133799,0.0197174791247
133802,0.0173515342176
133803,0.00594917684793
133805,0.00480785639957
133806,0.00668258778751
133808,0.00951848365366
133815,0.0170607101172
133817,0.0409752503037
133821,0.14797347784
133822,0.0164124667645
133824,0.142393872142
133830,0.00753399170935
133831,0.0134651325643
133832,0.0615293681622
133833,0.0892875045538
133835,0.0547610633075
133837,0.00280933291651
133838,0.01031577494
133839,0.155749663711
133842,0.0335202142596
133845,0.205457910895
133846,0.0013638753444
133847,0.00802088156343
133848,0.0353671647608
133849,0.208290830255
133850,0.00809801463038
133851,0.0439365021884
133853,0.00719430949539
133856,0.00279575493187
133858,0.0079404534772
133863,0.0473671630025
133864,0.00477479631081
133867,0.00700326124206
133872,0.171088069677
133874,0.0157823916525
133875,0.00192517461255
133877,0.0435047894716
133881,0.00386587833054
133882,0.00887556932867
133883,0.130341529846
133885,0.0185478311032
133888,0.00767144467682
133889,0.0467434152961
133890,0.0154300779104
133892,0.00615858472884
133893,0.0586290843785
133895,0.180243894458
133896,0.0442500635982
133897,0.0550444759429
133899,0.0128491567448
133900,0.128759369254
133901,0.00980094633996
133902,0.0178685858846
133904,0.0149832516909
133907,0.0305058248341
133908,0.0109848901629
133912,0.0191520452499
133914,0.0252097584307
133915,0.0155450347811
133916,0.0195962805301
133917,0.0201185066253
133919,0.0280809756368
133921,0.00684302207083
133922,0.0311182718724
133923,0.00985700637102
133924,0.183093830943
133925,0.00410025240853
133926,0.0509704723954
133930,0.0162865258753
133932,0.00835163891315
133933,0.203772425652
133935,0.027249192819
133940,0.00663610687479
133941,0.00640660105273
133943,0.0398411378264
133944,0.0274606663734
133945,0.0579115450382
133948,0.0028412961401
133949,0.00256309844553
133950,0.00489553250372
133951,0.00235004234128
133955,0.0102269463241
133957,0.0461356528103
133962,0.0149271031842
133963,0.175810948014
133965,0.169528201222
133968,0.0506340563297
133972,0.00348612316884
133973,0.181669875979
133974,0.0196028240025
133976,0.0140701206401
133977,0.0020122458227
133978,0.00330538698472
133979,0.00187245220877
133981,0.00263900961727
133983,0.0196028240025
133986,0.00558891752735
133987,0.00503945956007
133988,0.0085175903514
133989,0.0219087880105
133992,0.0175545420498
133993,0.224869519472
133995,0.0258170757443
133996,0.0235082861036
133997,0.0472933836281
133998,0.0266850460321
133999,0.0192907396704
134001,0.00689842598513
134006,0.0479455403984
134008,0.0228480026126
134009,0.210803285241
134010,0.00355767458677
134013,0.0037024829071
134014,0.00918813608587
134015,0.0772365257144
134016,0.112380750477
134017,0.00262597785331
134019,0.0602877698839
134021,0.0299607049674
134022,0.00973656866699
134023,0.0208400879055
134024,0.0022663094569
134027,0.00356473890133
134028,0.00896529015154
134030,0.130924507976
134031,0.0307153761387
134035,0.0226565692574
134038,0.00973762571812
134039,0.0269184801728
134043,0.00369300367311
134044,0.214481860399
134045,0.041630666703
134046,0.109371222556
134053,0.00504073919728
134056,0.00194715929683
134060,0.0095576569438
134063,0.00728486571461
134064,0.0141088766977
134065,0.00754887005314
134067,0.0390285104513
134069,0.172751039267
134070,0.026246951893
134071,0.0106942476705
134072,0.062319163233
134075,0.0246450807899
134077,0.0158607680351
134080,0.0164554901421
134082,0.0059389770031
134087,0.00493181543425
134088,0.0262512303889
134089,0.0121892066672
134091,0.028973672539
134093,0.00178009364754
134095,0.00236894749105
134096,0.171046867967
134098,0.0148001126945
134099,0.298518955708
134100,0.0194337312132
134102,0.0789598301053
134107,0.0107796182856
134108,0.0129147153348
134110,0.0166702512652
134112,0.0144243314862
134113,0.0462841652334
134121,0.0133929317817
134122,0.0506606698036
134123,0.00943126808852
134124,0.0376636087894
134126,0.284388631582
134127,0.00386279495433
134129,0.00203907233663
134131,0.0196028240025
134132,0.0342761613429
134133,0.0266513489187
134137,0.061859022826
134140,0.0255321282893
134144,0.0184846892953
134147,0.0218699108809
134148,0.0308615099639
134149,0.0198110789061
134152,0.0870035290718
134154,0.00258204597048
134156,0.0160130914301
134166,0.0145388655365
134168,0.0133163612336
134170,0.00266106589697
134171,0.00270340195857
134172,0.0138207264245
134173,0.00567541085184
134174,0.0457417108119
134176,0.040794391185
134177,0.0039073000662
134180,0.0138642797247
134182,0.0280537642539
134185,0.0287303291261
134186,0.0136556988582
134187,0.051330447197
134188,0.0141994468868
134191,0.00477286614478
134192,0.00278997677378
134194,0.00598802231252
134195,0.0240645520389
134196,0.0170923750848
134197,0.0138976080343
134199,0.00756886228919
134202,0.0148087376729
134203,0.0111616561189
134205,0.00644098827615
134206,0.0125817619264
134207,0.0023086569272
134211,0.0354448370636
134215,0.0212874263525
134216,0.00468836678192
134218,0.0202565491199
134219,0.0362025499344
134220,0.00177425448783
134221,0.0366875417531
134224,0.0508999302983
134227,0.00142748828512
134229,0.0214702598751
134231,0.0121375378221
134233,0.00594966160133
134236,0.00457721948624
134237,0.0012475050753
134239,0.00791012030095
134240,0.0610873028636
134241,0.00457700248808
134243,0.056916307658
134248,0.0206895563751
134249,0.01526772324
134251,0.00982302613556
134254,0.0251114815474
134256,0.011032871902
134259,0.0790479853749
134260,0.00452247308567
134261,0.0487836785614
134263,0.038800753653
134264,0.12643250823
134265,0.034338761121
134266,0.0121297873557
134271,0.0155489901081
134275,0.0106286015362
134276,0.0129385227337
134278,0.0223958343267
134283,0.00820312276483
134285,0.165693312883
134286,0.012406677939
134287,0.02817517519
134288,0.0623599290848
134289,0.148503661156
134290,0.0157547798008
134291,0.235608443618
134293,0.274971425533
134297,0.00748250680044
134298,0.0616845823824
134300,0.0555016249418
134304,0.0193670615554
134305,0.0158960279077
134307,0.00779932178557
134313,0.0170612316579
134315,0.0415413118899
134318,0.00257106870413
134321,0.176368325949
134322,0.00294235371985
134324,0.00355583755299
134325,0.157189056277
134328,0.0219808537513
134329,0.0201665982604
134332,0.00145120348316
134333,0.0792656615376
134334,0.30926579237
134336,0.221850931644
134338,0.165868967772
134340,0.00272670411505
134342,0.0565739274025
134343,0.00276571186259
134345,0.00813821144402
134347,0.0214157607406
134349,0.0022640475072
134350,0.00638783955947
134351,0.00164991174825
134352,0.0396663844585
134353,0.00834743026644
134358,0.114019051194
134359,0.0298752877861
134362,0.0244361814111
134364,0.00927083846182
134365,0.0837975144386
134366,0.00266106589697
134367,0.0859050527215
134368,0.0511934608221
134370,0.00327652483247
134371,0.0261978227645
134372,0.0174992084503
134375,0.0181318707764
134376,0.0022280048579
134377,0.104943022132
134378,0.150433465838
134379,0.00403364049271
134383,0.00251172645949
134385,0.00263123610057
134392,0.173977598548
134394,0.00322555052117
134395,0.254242926836
134396,0.00656922021881
134397,0.00561746023595
134401,0.0556660071015
134404,0.0301420446485
134406,0.00282191485167
134407,0.00248000374995
134408,0.0441480539739
134410,0.0056950529106
134411,0.00308037805371
134412,0.0027756576892
134414,0.219568014145
134419,0.00283704372123
134421,0.0370120219886
134422,0.0142645714805
134423,0.0407371297479
134425,0.00289385416545
134427,0.00811878498644
134428,0.0686049684882
134431,0.00928793847561
134433,0.00261162640527
134437,0.0156887620687
134439,0.00360058899969
134441,0.00544210802764
134443,0.032481495291
134444,0.0941908583045
134446,0.114589355886
134450,0.00242775119841
134451,0.0425303094089
134452,0.0142532512546
134454,0.00754294218495
134455,0.0112931150943
134456,0.00657422607765
134457,0.00443041324615
134459,0.0400068461895
134460,0.0377661958337
134461,0.254804164171
134462,0.0938292369246
134463,0.195249006152
134468,0.0176009666175
134469,0.00837934762239
134474,0.00973656866699
134477,0.0196028240025
134478,0.00269802450202
134479,0.00463259080425
134480,0.00532520702109
134481,0.0218697134405
134482,0.0470961146057
134483,0.15699416399
134485,0.127867564559
134488,0.0134988920763
134491,0.0133093325421
134492,0.10884796828
134494,0.0406074523926
134495,0.0196028240025
134497,0.307585328817
134501,0.0470830202103
134502,0.0218632165343
134504,0.0464241169393
134506,0.130924507976
134507,0.015674136579
134508,0.122077599168
134509,0.00670692138374
134510,0.00424526818097
134513,0.0147726107389
134515,0.0106985159218
134518,0.0385871492326
134520,0.00309707084671
134521,0.0402063988149
134523,0.0145423766226
134524,0.0145694557577
134525,0.0022110582795
134528,0.0078887520358
134530,0.196594059467
134534,0.00857821572572
134535,0.0069511118345
134536,0.0306212939322
134538,0.0119872353971
134539,0.0178278945386
134541,0.00433424022049
134542,0.00200804346241
134544,0.0181538201869
134548,0.221661090851
134549,0.250230252743
134550,0.0154820466414
134552,0.0536387898028
134554,0.180755987763
134559,0.0662360414863
134560,0.0188571643084
134561,0.0143618825823
134562,0.00905877351761
134563,0.0493431501091
134564,0.00988422706723
134569,0.01908653602
134571,0.00346048059873
134572,0.00825621187687
134573,0.002611043863
134574,0.0306360274553
134575,0.0255321282893
134576,0.0989992320538
134578,0.00605164514855
134579,0.00786389131099
134580,0.00438216421753
134582,0.0303134024143
134584,0.0157823916525
134587,0.016076695174
134589,0.00573102617636
134592,0.0253450181335
134593,0.0271138697863
134598,0.00365085573867
134599,0.00417879596353
134601,0.00273985252716
134602,0.00365842296742
134603,0.0600375905633
134606,0.0325166918337
134610,0.031128551811
134612,0.0223425216973
134613,0.00818985048681
134614,0.17385391891
134615,0.0254055634141
134616,0.0172243472189
134617,0.0151979532093
134619,0.162858620286
134620,0.00502688717097
134621,0.0117921922356
134622,0.00146562140435
134623,0.00871988292783
134624,0.0706536918879
134629,0.0136199137196
134631,0.00307926535606
134633,0.072198368609
134637,0.0306874960661
134639,0.00304294028319
134644,0.00726317660883
134646,0.00844833441079
134648,0.00975937582552
134652,0.00264458404854
134653,0.00157218670938
134655,0.0149408243597
134656,0.0107474094257
134658,0.00599687872455
134660,0.00131813681219
134661,0.0457453429699
134665,0.00214731693268
134666,0.00298424437642
134668,0.0255259294063
134669,0.00272615836002
134671,0.0100424420089
134677,0.0089700371027
134679,0.027067726478
134682,0.00314654619433
134685,0.00350404623896
134687,0.00641574990004
134688,0.114249400795
134691,0.00705424603075
134692,0.019509261474
134694,0.0581424869597
134695,0.0154106626287
134696,0.00385957583785
134699,0.0298436842859
134701,0.0440257936716
134705,0.00520058814436
134706,0.0181318707764
134710,0.0044376081787
134711,0.119829341769
134712,0.00910515338182
134713,0.0219833850861
134714,0.180778309703
134715,0.00312984501943
134719,0.0196028240025
134720,0.0150793688372
134723,0.00958268716931
134725,0.00489951809868
134726,0.0114779258147
134728,0.00349577562883
134730,0.0031626354903
134731,0.00835552997887
134732,0.0170059837401
134734,0.0259230490774
134739,0.00760990846902
134740,0.0118368184194
134741,0.181563213468
134742,0.0177887938917
134745,0.00136497663334
134748,0.00487956497818
134749,0.00292522390373
134751,0.00441715167835
134752,0.040009137243
134753,0.0166737232357
134755,0.00797748938203
134760,0.00163963972591
134765,0.0377931781113
134771,0.0343162119389
134772,0.0544405020773
134773,0.183718085289
134776,0.0078464243561
134777,0.0307153761387
134778,0.0196028240025
134779,0.0148248989135
134780,0.0188402608037
134781,0.00450341543183
134782,0.00125270546414
134785,0.0143381012604
134786,0.00858792569488
134795,0.0189987141639
134797,0.134978607297
134798,0.153244554996
134802,0.00162061373703
134805,0.0199545286596
134806,0.0253567192703
134807,0.0834780335426
134809,0.00125652702991
134812,0.00136494473554
134814,0.057816632092
134817,0.00411930028349
134818,0.0138827431947
134819,0.00407068477944
134821,0.00483631063253
134824,0.00285577354953
134825,0.00926438439637
134832,0.0141994468868
134834,0.00431374972686
134835,0.0748795345426
134836,0.00991558935493
134837,0.00231565814465
134842,0.00659595197067
134843,0.0282682217658
134844,0.138605043292
134846,0.00470066489652
134847,0.0890050679445
134848,0.0138395735994
134849,0.00231096008793
134853,0.0606492049992
134855,0.0126908896491
134856,0.0493922568858
134857,0.0062261056155
134858,0.008271003142
134860,0.00956088025123
134863,0.0279139559716
134865,0.0037464115303
134866,0.152377322316
134868,0.00154179544188
134869,0.0449454709888
134878,0.0962254926562
134880,0.00592773267999
134881,0.17385391891
134883,0.0388220474124
134884,0.00645227683708
134888,0.0072706551291
134889,0.0185478311032
134891,0.19515901804
134892,0.0431666597724
134893,0.0408744961023
134894,0.0141994468868
134897,0.0120812943205
134899,0.0171309728175
134900,0.0210194401443
134901,0.176186487079
134903,0.0073346006684
134905,0.0442795678973
134906,0.153244554996
134907,0.00657754624262
134908,0.0224051810801
134912,0.0184085126966
134913,0.00458077527583
134915,0.006589113269
134916,0.00216010282747
134917,0.0228704866022
134919,0.18528842926
134922,0.0156371090561
134923,0.00971564464271
134925,0.203772425652
134929,0.11251296103
134930,0.00179623044096
134931,0.00280934618786
134936,0.0055195428431
134939,0.0180054027587
134941,0.0145423766226
134943,0.183093830943
134945,0.00970461219549
134946,0.00971741601825
134948,0.00356224668212
134955,0.010922152549
134960,0.13211171329
134961,0.0235959105194
134962,0.00430120294914
134965,0.014714345336
134966,0.0041552609764
134967,0.0116139017045
134969,0.00244189146906
134971,0.564897060394
134977,0.0127232838422
134978,0.00259476527572
134982,0.0389430597425
134983,0.00157549930736
134984,0.00314623955637
134986,0.0138130411506
134990,0.0489767417312
134991,0.0196439772844
134992,0.0196028240025
134994,0.0204914007336
134995,0.0257347356528
134997,0.0789598301053
134999,0.00533414818347
135002,0.017286028713
135003,0.0105525450781
135005,0.0547727681696
135006,0.0268152896315
135010,0.0102558163926
135013,0.0258000791073
135015,0.0396614447236
135018,0.0668820440769
135021,0.0328362360597
135023,0.00128889910411
135026,0.0423132777214
135027,0.105475276709
135028,0.00245994539
135031,0.00454522715881
135033,0.00247124163434
135036,0.0102445008233
135041,0.00248049199581
135042,0.0982364565134
135043,0.0173213724047
135046,0.00328247109428
135051,0.0326809771359
135052,0.0130489962175
135054,0.296508073807
135055,0.00364665547386
135056,0.00648562051356
135057,0.0207034964114
135058,0.0254639163613
135059,0.00299704470672
135060,0.015497774817
135061,0.00279821525328
135065,0.195702582598
135067,0.0338772125542
135068,0.00519910827279
135069,0.0165611281991
135070,0.219693779945
135072,0.0386563912034
135073,0.0200924240053
135074,0.0178745854646
135076,0.00993698649108
135077,0.0127019360662
135080,0.0117424093187
135082,0.0470052286983
135088,0.084941059351
135089,0.0120697459206
135090,0.00196297909133
135092,0.0173651650548
135099,0.00396545184776
135101,0.00176697934512
135102,0.00350001594052
135104,0.0381849035621
135105,0.0413110144436
135107,0.052844170481
135108,0.011291581206
135110,0.0027931064833
135111,0.270692437887
135114,0.049670919776
135115,0.00468666665256
135116,0.00334620801732
135118,0.0096567813307
135119,0.0331585966051
135122,0.148065373302
135123,0.00358693976887
135124,0.0133817521855
135128,0.0690925270319
135129,0.0272159464657
135131,0.00253767590038
135132,0.00207120622508
135133,0.00142814777792
135136,0.00409738533199
135138,0.0124012744054
135140,0.0268559120595
135141,0.0409752503037
135143,0.00948811508715
135144,0.00386514584534
135154,0.01599018462
135156,0.0516334399581
135158,0.0102707054466
135160,0.00948811508715
135161,0.0039150393568
135163,0.0167778823525
135172,0.129806265235
135173,0.0262512303889
135175,0.00855475850403
135177,0.0441447943449
135178,0.00369380041957
135179,0.0945818573236
135184,0.00994329340756
135187,0.0706881806254
135188,0.0212705787271
135190,0.0455604717135
135191,0.00531214941293
135198,0.00265602744184
135199,0.0196028240025
135200,0.0550474524498
135203,0.0140086840838
135204,0.00244976882823
135205,0.0377135872841
135211,0.131136596203
135212,0.00533251138404
135216,0.00260637258179
135218,0.00927230529487
135220,0.00710933515802
135222,0.286794304848
135225,0.0196526665241
135226,0.00548454653472
135227,0.0122956838459
135230,0.154868483543
135234,0.0137148741633
135235,0.00254366244189
135236,0.00282490486279
135237,0.156926095486
135239,0.0733302235603
135241,0.00522142834961
135243,0.00948811508715
135244,0.0339918062091
135245,0.207903727889
135249,0.074121452868
135250,0.0144060133025
135252,0.00168158358429
135253,0.0403999760747
135254,0.116962216794
135255,0.0574814043939
135258,0.0962334573269
135259,0.0065074195154
135261,0.0594085417688
135262,0.0196028240025
135264,0.00294261681847
135267,0.00826333649457
135268,0.00252047204413
135269,0.164333090186
135270,0.011810509488
135272,0.0916523113847
135273,0.0171265024692
135274,0.00976463966072
135277,0.0194928329438
135279,0.0148458275944
135281,0.0399656444788
135282,0.00975039415061
135283,0.0658703818917
135284,0.0348550528288
135286,0.00491096265614
135287,0.00133367790841
135290,0.00159013620578
135291,0.0807168409228
135292,0.0327316746116
135296,0.0226443484426
135297,0.0224429424852
135298,0.00529805617407
135299,0.027603501454
135300,0.0365245863795
135301,0.179096341133
135304,0.0315669067204
135306,0.0133459335193
135307,0.00687259202823
135311,0.0105046723038
135312,0.00246223504655
135316,0.00778505019844
135318,0.00995460804552
135322,0.00756973633543
135323,0.051251873374
135325,0.0627106577158
135330,0.0213423036039
135333,0.00604012329131
135334,0.00197476823814
135335,0.0402118563652
135336,0.00574039947242
135339,0.0428226068616
135344,0.0178424213082
135346,0.00334929302335
135347,0.0362769775093
135349,0.00288886530325
135350,0.0276132896543
135353,0.0196028240025
135354,0.023626184091
135357,0.00275064958259
135360,0.020578302443
135361,0.0348216295242
135362,0.0047830264084
135365,0.0278876181692
135366,0.0569817572832
135367,0.0388785414398
135368,0.0149907758459
135375,0.057361215353
135377,0.00875516142696
135385,0.00143776973709
135386,0.00225371867418
135388,0.0246914923191
135390,0.0150093827397
135391,0.00180828629527
135395,0.0566039085388
135396,0.00398958288133
135397,0.00191573146731
135398,0.0133922500536
135399,0.00444489857182
135400,0.00485095195472
135404,0.00948811508715
135406,0.0310220364481
135410,0.0196028240025
135412,0.0159947611392
135414,0.00745615642518
135415,0.029478598386
135417,0.00211280398071
135419,0.0768844038248
135421,0.00552268978208
135423,0.0493687801063
135424,0.00729080615565
135425,0.0165118761361
135427,0.0140584567562
135428,0.00479498738423
135431,0.0238480083644
135434,0.0158870629966
135436,0.00956962630153
135438,0.00973656866699
135440,0.00999089609832
135441,0.00267259310931
135443,0.309098780155
135445,0.0198789667338
135446,0.0271300561726
135450,0.0567450486124
135451,0.0150439990684
135454,0.00333274807781
135458,0.0242706146091
135460,0.0714747682214
135462,0.00948811508715
135468,0.00172162940726
135469,0.0513640604913
135470,0.0020427161362
135475,0.00259308493696
135476,0.0271639060229
135479,0.0367377437651
135482,0.0606609247625
135485,0.0168823227286
135487,0.210973873734
135491,0.0271876491606
135492,0.181669875979
135495,0.00763729726896
135497,0.27275210619
135498,0.0307539328933
135500,0.035490591079
135504,0.00310936174355
135506,0.00209945836104
135509,0.179680272937
135511,0.00411880156025
135512,0.312989026308
135516,0.0196028240025
135517,0.0449341386557
135522,0.022533075884
135524,0.00259215780534
135525,0.00192517461255
135530,0.0982364565134
135532,0.0142697477713
135533,0.0233747754246
135539,0.171629428864
135541,0.00942257605493
135544,0.00321766315028
135547,0.0599392056465
135548,0.045452453196
135550,0.00406937254593
135553,0.00317186117172
135554,0.0370120219886
135555,0.171088069677
135556,0.00952238216996
135560,0.0150349242613
135562,0.0140183549374
135564,0.0062010246329
135565,0.00251631089486
135566,0.00430310657248
135567,0.00316724949516
135570,0.00304540758952
135573,0.0384524911642
135575,0.0175322368741
135580,0.283085793257
135581,0.0101748099551
135582,0.0133432783186
135583,0.012727172114
135586,0.00852385535836
135588,0.0284773223102
135592,0.00272837979719
135593,0.0303347054869
135597,0.177686169744
135600,0.0501155853271
135602,0.0318670943379
135604,0.232228904963
135605,0.0142844114453
135606,0.149692520499
135607,0.0168691668659
135608,0.00726251676679
135609,0.038591042161
135610,0.0585190914571
135612,0.0217407569289
135617,0.0609952956438
135618,0.0243365745991
135626,0.00534255662933
135629,0.0155008099973
135635,0.342557758093
135637,0.0518201366067
135639,0.00147276441567
135641,0.00182921183296
135642,0.00141732627526
135646,0.0196028240025
135650,0.00440319953486
135652,0.039110597223
135653,0.002389612142
135654,0.0205968301743
135657,0.00388898304664
135658,0.00993176642805
135659,0.0383065715432
135661,0.0156171713024
135662,0.0160927698016
135663,0.0169348027557
135670,0.0386533476412
135671,0.019903415814
135672,0.00614780373871
135674,0.0382399298251
135675,0.0245668366551
135676,0.0207583941519
135677,0.017772231251
135678,0.0171054359525
135680,0.1026712358
135682,0.00172626099084
135685,0.0032397643663
135691,0.00438930140808
135692,0.0152279986069
135695,0.00404547899961
135699,0.00561060803011
135700,0.00228685769252
135701,0.00783918239176
135702,0.0277100503445
135705,0.0098486142233
135707,0.00121015380137
135708,0.0248382985592
135709,0.0106569435447
135712,0.0154300779104
135713,0.0666188076138
135715,0.00256243883632
135716,0.170492276549
135718,0.00720685394481
135719,0.0296695958823
135720,0.255670905113
135722,0.0481249950826
135724,0.0117655443028
135728,0.0117732482031
135729,0.0310558006167
135732,0.0184854250401
135735,0.0251313894987
135736,0.0380887053907
135737,0.0169043559581
135738,0.00478574400768
135744,0.00963910855353
135745,0.0211496539414
135746,0.00854970049113
135747,0.152090385556
135749,0.01165157184
135751,0.0160537734628
135752,0.00250108516775
135754,0.0167332682759
135758,0.0196526665241
135759,0.0109779201448
135761,0.177206799388
135763,0.0123399524018
135764,0.0906763002276
135765,0.0103546222672
135766,0.00947382114828
135769,0.00489553250372
135770,0.0108889872208
135772,0.165868967772
135773,0.0521652773023
135774,0.00234328513034
135775,0.0075211878866
135778,0.0149085475132
135779,0.00392553349957
135780,0.0240103844553
135781,0.0809675529599
135785,0.210154429078
135787,0.0224635433406
135792,0.00232012197375
135793,0.180243894458
135794,0.00763100013137
135796,0.0086746327579
135797,0.00466824369505
135801,0.00647838274017
135805,0.00268618483096
135807,0.260215103626
135808,0.0260359570384
135809,0.00271040201187
135814,0.00652256747708
135815,0.0107411136851
135820,0.00266966107301
135822,0.010998301208
135823,0.00117112114094
135824,0.266192615032
135825,0.00952704343945
135828,0.00445432588458
135830,0.0495094582438
135831,0.00838181655854
135833,0.00130498502403
135834,0.141006484628
135835,0.0899975597858
135836,0.0170808900148
135837,0.0108084315434
135840,0.240341037512
135842,0.253528177738
135843,0.00446360744536
135845,0.00241380976513
135851,0.0148307643831
135853,0.00641648843884
135854,0.012299766764
135855,0.0562184043229
135856,0.0823786482215
135857,0.0351217985153
135858,0.296710669994
135859,0.0147841013968
135861,0.0321605727077
135862,0.0269922520965
135865,0.265476882458
135868,0.0255321282893
135870,0.00294860103168
135873,0.0105489958078
135878,0.0166034288704
135880,0.0153486346826
135881,0.0859807059169
135882,0.0621761269867
135883,0.0148889385164
135886,0.0108007257804
135888,0.00528475409374
135889,0.0141994468868
135890,0.0194805208594
135891,0.0130553366616
135893,0.0495470725
135894,0.234441190958
135895,0.00190751592163
135896,0.00469982856885
135900,0.0326039604843
135903,0.00858792569488
135904,0.0143193732947
135906,0.00985003355891
135908,0.0397522002459
135909,0.0252205748111
135910,0.0207636766136
135911,0.0028412961401
135912,0.0615531280637
135913,0.0034418979194
135914,0.00232811016031
135916,0.00272642658092
135917,0.00361893838271
135918,0.00304686161689
135920,0.00383452465758
135921,0.00334652932361
135922,0.0562723167241
135924,0.00319343758747
135927,0.0358577743173
135928,0.009695767425
135929,0.00287815113552
135930,0.0178830772638
135931,0.0449280701578
135932,0.030319172889
135934,0.0863887518644
135936,0.00257106870413
135937,0.0341864749789
135939,0.0141625571996
135942,0.0391378812492
135943,0.0124936811626
135945,0.00877868570387
135946,0.0340597480536
135950,0.0253176297992
135951,0.0905594304204
135952,0.00206921622157
135954,0.0045241904445
135955,0.0220519937575
135957,0.00997040141374
135958,0.0907997488976
135959,0.0283363331109
135960,0.159745484591
135961,0.00254814652726
135963,0.00397692853585
135964,0.00282079074532
135966,0.00334743456915
135968,0.0262512303889
135971,0.0115346061066
135972,0.193703815341
135975,0.019544063136
135976,0.0385341532528
135977,0.0306711439043
135979,0.00929811503738
135981,0.0389350280166
135984,0.163483977318
135985,0.0284150019288
135986,0.0318851992488
135989,0.0498342514038
135990,0.00224511208944
135994,0.0019964305684
135996,0.00716666923836
135997,0.00855553150177
135998,0.0267589967698
136000,0.207943752408
136004,0.0160509869456
136006,0.13211171329
136007,0.0550780557096
136008,0.00492363423109
136009,0.146153360605
136011,0.00431146472692
136012,0.183093830943
136014,0.0456476509571
136016,0.0414429455996
136021,0.0110219409689
136022,0.019777296111
136029,0.0166785623878
136030,0.0121325710788
136034,0.00183814018965
136036,0.00831855554134
136038,0.0261967089027
136039,0.00828585214913
136041,0.0899975597858
136042,0.0203273948282
136045,0.00980530679226
136046,0.0187890231609
136053,0.127763584256
136054,0.0149991782382
136058,0.02100838162
136059,0.0130812637508
136061,0.0239318031818
136062,0.00424550799653
136067,0.0300510339439
136068,0.00252602156252
136071,0.0261159371585
136074,0.0164089109749
136077,0.0148307643831
136080,0.00221165688708
136084,0.0297354385257
136085,0.00499490881339
136086,0.00930315908045
136087,0.102505229414
136088,0.00321800122038
136089,0.00227114604786
136090,0.0379344932735
136091,0.0526356324553
136093,0.00133367790841
136095,0.0259060356766
136097,0.00784358941019
136101,0.159745484591
136102,0.00367516023107
136103,0.00795956607908
136105,0.00264851865359
136106,0.0045108566992
136108,0.00127500551753
136110,0.0298821609467
136112,0.0915411934257
136113,0.00210624141619
136114,0.00989148113877
136118,0.065945006907
136119,0.0049781864509
136122,0.00727740721777
136125,0.150348827243
136126,0.00122331653256
136129,0.0144522869959
136130,0.0155792515725
136133,0.00278671900742
136137,0.00257036671974
136138,0.00955012161285
136142,0.0526104681194
136143,0.209551289678
136145,0.101249359548
136148,0.036637827754
136149,0.0399317666888
136150,0.00420287251472
136151,0.00233825063333
136153,0.210413008928
136159,0.0732070803642
136160,0.00333106331527
136161,0.013239257969
136162,0.0132637051865
136163,0.021362317726
136165,0.0363484174013
136166,0.0117043880746
136167,0.00844612251967
136168,0.036212541163
136170,0.0227719135582
136173,0.0192965455353
136174,0.0053587500006
136178,0.00243561784737
136181,0.116162359715
136182,0.0190306250006
136183,0.0130206672475
136185,0.0340743251145
136187,0.00933401659131
136188,0.00636216858402
136190,0.0907141119242
136191,0.048352394253
136193,0.0063171540387
136194,0.00168926338665
136197,0.0154300779104
136198,0.0857155025005
136202,0.158467903733
136204,0.0250267777592
136205,0.0154300779104
136208,0.0153002403677
136209,0.0222695209086
136210,0.0228369440883
136216,0.00454369327053
136218,0.0267780162394
136219,0.00167760741897
136220,0.0785240754485
136221,0.0266771335155
136225,0.0583848208189
136226,0.0358168967068
136227,0.030155999586
136228,0.0409752503037
136229,0.0201702583581
136231,0.0104876514524
136232,0.0328116752207
136234,0.0212948042899
136235,0.00443427683786
136236,0.017388002947
136237,0.00249368953519
136238,0.0127055598423
136239,0.0235129985958
136240,0.0221452713013
136241,0.0364674776793
136243,0.0155925163999
136245,0.0731141492724
136246,0.0157250743359
136248,0.013209849596
136250,0.0284949205816
136251,0.181669875979
136252,0.0246553998441
136256,0.00634550536051
136261,0.00937990099192
136264,0.133085101843
136265,0.0262646842748
136267,0.0324974618852
136271,0.071007348597
136274,0.0915451198816
136276,0.00817562453449
136277,0.0202346201986
136278,0.0335669592023
136279,0.00235004234128
136281,0.00183180649765
136283,0.0196028240025
136284,0.13211171329
136285,0.0612899400294
136286,0.22136682272
136290,0.027592914179
136291,0.00391029473394
136292,0.100840181112
136297,0.00971564464271
136300,0.0163802988827
136305,0.0162356942892
136306,0.0037105793599
136309,0.0263451617211
136310,0.134322792292
136313,0.00397102488205
136314,0.00481154909357
136321,0.00584947271273
136323,0.0766770541668
136324,0.005152114667
136327,0.00956962630153
136331,0.00766007322818
136333,0.581428050995
136334,0.0196526665241
136335,0.00791303534061
136336,0.00675003277138
136338,0.0419805012643
136341,0.0154300779104
136342,0.154348865151
136344,0.0215804576874
136347,0.0165611281991
136348,0.0399883650243
136349,0.017587095499
136351,0.019750745967
136352,0.022386059165
136353,0.030359076336
136354,0.00642155809328
136356,0.00520058814436
136358,0.00306796375662
136360,0.00469975918531
136361,0.00394871179014
136362,0.0167299099267
136365,0.00910284370184
136366,0.0229780655354
136367,0.0301054473966
136368,0.163954332471
136369,0.00257508503273
136371,0.0263438168913
136373,0.147623836994
136374,0.164333090186
136376,0.00260637258179
136377,0.0312981009483
136378,0.0046434677206
136380,0.0318670943379
136382,0.0492045842111
136383,0.0102471029386
136384,0.0166717451066
136385,0.00292291073129
136386,0.00186451431364
136387,0.00140150892548
136388,0.0118402084336
136389,0.0858924388885
136390,0.00457757152617
136395,0.0152150420472
136396,0.0775529742241
136397,0.0248883105814
136398,0.00228644325398
136399,0.146135479212
136402,0.107567474246
136407,0.0319778248668
136408,0.0307153761387
136409,0.0219715572894
136411,0.011456174776
136412,0.0117711061612
136415,0.0103311408311
136419,0.0141994468868
136425,0.0409108959138
136429,0.0127019360662
136432,0.0375301279128
136433,0.012402612716
136435,0.0447281971574
136436,0.0776892900467
136443,0.0232816915959
136444,0.0112969381735
136450,0.00130251282826
136452,0.0174791831523
136454,0.0136429686099
136456,0.0997265279293
136457,0.0455686971545
136458,0.00309595069848
136461,0.00701320031658
136464,0.00378100411035
136470,0.00721944356337
136472,0.00340042868629
136474,0.00248049199581
136477,0.00386826088652
136478,0.00147123157512
136483,0.00951465405524
136484,0.112639330328
136485,0.00269276672043
136486,0.0023965141736
136487,0.027339020744
136489,0.011651516892
136491,0.00144032412209
136492,0.0248172339052
136493,0.00709643447772
136494,0.00685068452731
136496,0.0291556343436
136497,0.00783065333962
136498,0.00731407990679
136501,0.00762952724472
136503,0.0413040071726
136505,0.00152587564662
136506,0.00340082775801
136507,0.0268438588828
136508,0.176368325949
136512,0.074075050652
136521,0.185573622584
136522,0.0257753562182
136524,0.00939891021699
136525,0.0870094224811
136527,0.00494439527392
136531,0.00336011196487
136533,0.00736387679353
136535,0.0110705308616
136537,0.0102049987763
136540,0.00718123558909
136542,0.0025794217363
136543,0.0390802510083
136544,0.00325054395944
136545,0.0476973168552
136547,0.0227622743696
136551,0.0988880321383
136553,0.0320008918643
136555,0.0255684219301
136557,0.0414766967297
136560,0.00153030420188
136563,0.246896654367
136564,0.0600424185395
136567,0.0581569112837
136568,0.119860954583
136569,0.0074625685811
136570,0.0017818689812
136571,0.0218699108809
136574,0.0426604598761
136575,0.00958268716931
136576,0.00732470629737
136579,0.0705150961876
136581,0.0634540989995
136582,0.00433904957026
136584,0.180407777429
136585,0.0257347356528
136586,0.023813361302
136588,0.218028590083
136589,0.00176276138518
136591,0.00216654641554
136594,0.00478842947632
136595,0.0108578316867
136598,0.0262512303889
136599,0.011305638589
136601,0.0325886979699
136603,0.00691910972819
136605,0.0111851068214
136606,0.0332398600876
136607,0.00181473931298
136608,0.127106294036
136609,0.00697101373225
136611,0.0211788956076
136612,0.00655242195353
136613,0.00903639663011
136617,0.0172397233546
136619,0.0252442676574
136620,0.00196994561702
136621,0.0161849055439
136622,0.0414898097515
136625,0.0247994530946
136626,0.305231034756
136628,0.0235642157495
136629,0.0196028240025
136630,0.0139054125175
136632,0.0462367348373
136640,0.0993629917502
136643,0.00721718091518
136644,0.127138763666
136646,0.0157547798008
136653,0.0231797732413
136655,0.0141994468868
136658,0.00534413009882
136660,0.0403912328184
136661,0.0452963970602
136663,0.0418535768986
136664,0.0325165726244
136665,0.00545830605552
136666,0.0181318707764
136667,0.157494798303
136670,0.0117146689445
136673,0.0031885553617
136674,0.00275601400062
136675,0.00730337621644
136677,0.00329887866974
136678,0.00494535500184
136684,0.00688253575936
136685,0.0141926724464
136687,0.00851964857429
136690,0.00842959806323
136691,0.0689719244838
136694,0.00346335745417
136695,0.0407195426524
136697,0.00216809334233
136699,0.0113217197359
136702,0.0557534508407
136705,0.180243894458
136710,0.00301947072148
136714,0.00868623238057
136716,0.0416052863002
136721,0.026177700609
136722,0.255353331566
136725,0.017205607146
136726,0.0223171897233
136728,0.104907736182
136730,0.00240790471435
136732,0.0252243690193
136735,0.119971901178
136736,0.0148458275944
136738,0.00268516968936
136739,0.0190694741905
136740,0.00832842290401
136741,0.0319122709334
136743,0.001428414369
136745,0.00209212535992
136746,0.0262646842748
136748,0.0145125584677
136750,0.0054484475404
136751,0.00854517053813
136752,0.1092210114
136754,0.00896235927939
136755,0.01667467691
136756,0.0391900502145
136757,0.037095759064
136760,0.00278954673558
136762,0.0165749564767
136764,0.00889535713941
136765,0.0141994468868
136766,0.0331471040845
136769,0.00287895160727
136770,0.00522155454382
136771,0.0158881600946
136773,0.0997265279293
136775,0.0226318575442
136777,0.0308460593224
136780,0.0196028240025
136783,0.170339971781
136784,0.0846398994327
136785,0.00881992932409
136786,0.0194879211485
136788,0.0351981967688
136790,0.0293770506978
136791,0.0132732251659
136792,0.00814607925713
136793,0.122890390456
136794,0.0096676684916
136796,0.0754025653005
136801,0.0456491038203
136802,0.0629945844412
136803,0.0024189397227
136804,0.0039962278679
136806,0.0202226322144
136807,0.00285255978815
136808,0.253528177738
136809,0.0137312151492
136810,0.0149609446526
136811,0.0573896467686
136813,0.00300309085287
136815,0.0213485192508
136816,0.0126184839755
136820,0.181669875979
136823,0.159745484591
136825,0.171646714211
136829,0.00683300662786
136830,0.107738427818
136834,0.0154300779104
136836,0.0302328690886
136838,0.0210681650788
136840,0.0217395350337
136841,0.0343151316047
136843,0.0979239940643
136845,0.119245253503
136846,0.00159729563165
136847,0.00727250380442
136849,0.259137034416
136850,0.0328902639449
136855,0.0157823916525
136858,0.298518955708
136859,0.00727983657271
136860,0.0163357369602
136861,0.00130634114612
136862,0.198876202106
136865,0.00582859339193
136870,0.130668625236
136871,0.00424600206316
136873,0.00783645361662
136877,0.0319115929306
136884,0.0313454382122
136885,0.00993398856372
136886,0.16764383018
136887,0.0067027839832
136889,0.00691213738173
136890,0.00757168140262
136893,0.00261162640527
136894,0.00284840189852
136897,0.00785705260932
136898,0.0178947709501
136899,0.0999095514417
136901,0.00908028241247
136902,0.0202052742243
136903,0.0152983432636
136905,0.00651358207688
136907,0.00558752147481
136908,0.0106691373512
136911,0.0239468049258
136912,0.0199144221842
136913,0.0461570955813
136914,0.00638319877908
136917,0.0141994468868
136919,0.0111030070111
136920,0.0298703815788
136923,0.0490830726922
136924,0.00506872450933
136925,0.00355675513856
136927,0.0376724414527
136929,0.0153050906956
136931,0.0269636884332
136932,0.0349747687578
136934,0.00595496315509
136938,0.178746283054
136939,0.00404463196173
136942,0.0137537196279
136945,0.015498357825
136946,0.0199583750218
136949,0.00516010308638
136951,0.00159481167793
136952,0.0112602692097
136959,0.0545947253704
136960,0.0162988454103
136962,0.0347804427147
136964,0.00221697497182
136965,0.0166537053883
136972,0.0153870359063
136973,0.0155999241397
136975,0.0127109438181
136976,0.0752383694053
136984,0.0163740310818
136985,0.0135528445244
136986,0.0149538200349
136987,0.0285533294082
136988,0.0160807613283
136989,0.00800298340619
136992,0.0131019959226
136993,0.08908919245
136994,0.00481442920864
136999,0.0210681650788
137003,0.0104532316327
137005,0.0107061797753
137006,0.0398129671812
137008,0.00279479240999
137012,0.300147354603
137015,0.00233825063333
137017,0.0553575977683
137019,0.0200001280755
137020,0.0131812440231
137021,0.0265737120062
137024,0.0335878431797
137026,0.00827896315604
137028,0.0048537813127
137030,0.00280114682391
137031,0.0168823227286
137034,0.0141593609005
137038,0.0393605902791
137040,0.00285691022873
137041,0.0504726320505
137042,0.00953689776361
137043,0.168741211295
137045,0.239085167646
137046,0.0410564728081
137047,0.00557374255732
137049,0.0347085818648
137050,0.0177432708442
137051,0.23186032474
137052,0.0787602812052
137055,0.00289889145643
137057,0.0264046899974
137063,0.0377710238099
137064,0.0105597069487
137066,0.013898444362
137072,0.00492374412715
137073,0.0198759436607
137074,0.0437856465578
137075,0.00493520265445
137078,0.0210151206702
137080,0.0441508032382
137081,0.0162022411823
137082,0.0088179204613
137085,0.0277410987765
137088,0.00793120823801
137089,0.0196028240025
137091,0.0575910024345
137092,0.00188668188639
137093,0.211272507906
137097,0.00140001752879
137098,0.0840995758772
137099,0.0205622259527
137100,0.00852664839476
137102,0.00654243119061
137103,0.0301210805774
137104,0.00438580429181
137105,0.00283281924203
137106,0.0221734102815
137107,0.00229407893494
137108,0.00161376327742
137114,0.0196028240025
137117,0.00572078907862
137119,0.031025711447
137121,0.0170059837401
137122,0.00847962498665
137123,0.00195706821978
137125,0.010003823787
137126,0.0246945377439
137130,0.00464612431824
137131,0.00124930054881
137137,0.0281529016793
137138,0.0300159528852
137139,0.00616501132026
137140,0.0219501275569
137142,0.0125121148303
137143,0.0745824128389
137145,0.00272819935344
137147,0.00324292411096
137152,0.0257108937949
137159,0.157189056277
137163,0.00581782171503
137165,0.0142103433609
137166,0.00553448218852
137168,0.0141994468868
137169,0.062388010323
137171,0.0221127830446
137172,0.0044179125689
137173,0.0212628971785
137174,0.0683404803276
137175,0.0265914723277
137176,0.0257487744093
137177,0.0015952938702
137181,0.116699062288
137182,0.0117636322975
137184,0.0126503072679
137186,0.291838973761
137187,0.0796921625733
137189,0.00401739217341
137190,0.00310129462741
137192,0.258777320385
137193,0.00147362216376
137194,0.00261519500054
137199,0.00143538112752
137201,0.0241390038282
137202,0.0516397915781
137203,0.0377969034016
137205,0.0541017241776
137207,0.00264286785387
137208,0.0148813584819
137210,0.010368430987
137213,0.237997487187
137215,0.101171933115
137216,0.003683909541
137217,0.0341663584113
137219,0.0211695991457
137221,0.00508323870599
137223,0.00287239532918
137227,0.0214634146541
137231,0.00218912004493
137233,0.0496929064393
137235,0.00605853879824
137236,0.165868967772
137237,0.00923268124461
137238,0.00175660836976
137241,0.00689522223547
137242,0.128174766898
137244,0.0641629993916
137245,0.149352759123
137246,0.0083771571517
137249,0.0278150141239
137250,0.0274053197354
137252,0.00276110088453
137253,0.125532627106
137254,0.0168943963945
137255,0.0142121873796
137257,0.00891475751996
137258,0.0752580761909
137260,0.0117757888511
137261,0.109745651484
137262,0.0107882255688
137265,0.106341347098
137268,0.00370705733076
137269,0.0124012744054
137270,0.197831079364
137273,0.123255461454
137274,0.0215197559446
137276,0.0164004638791
137279,0.124806404114
137280,0.0216816347092
137281,0.00689429836348
137283,0.0216589402407
137284,0.00537400785834
137285,0.00699516199529
137286,0.0145423766226
137287,0.0332233607769
137290,0.0262512303889
137291,0.0232700873166
137292,0.273034781218
137295,0.0173854213208
137296,0.0325025506318
137302,0.0203138459474
137304,0.0196028240025
137305,0.209598660469
137307,0.0347551107407
137308,0.00676274904981
137310,0.00786849763244
137312,0.0132457930595
137315,0.0077162226662
137322,0.0196331851184
137324,0.00238439813256
137326,0.0374792180955
137327,0.0196028240025
137329,0.13211171329
137330,0.225221693516
137332,0.00215362617746
137333,0.0102471029386
137338,0.0330538600683
137339,0.0175390634686
137340,0.00229798723012
137342,0.0103196455166
137345,0.0721803382039
137347,0.0871576219797
137351,0.03847957775
137352,0.00624117348343
137354,0.00139895721804
137355,0.237997487187
137358,0.00575557304546
137359,0.158467903733
137360,0.00531688379124
137361,0.175810948014
137363,0.0181318707764
137364,0.046600677073
137366,0.041672617197
137367,0.00562905333936
137369,0.00443660560995
137370,0.0117124719545
137371,0.0318670943379
137372,0.0168071761727
137373,0.00966167170554
137374,0.00931372493505
137377,0.0180080160499
137379,0.00793866999447
137381,0.237997487187
137384,0.0028412961401
137387,0.0242706146091
137397,0.0101572666317
137402,0.0308903828263
137405,0.0250310432166
137406,0.0111957117915
137407,0.026921434328
137409,0.00524460757151
137410,0.0290092602372
137411,0.0459244139493
137414,0.00152777519543
137416,0.00268822698854
137417,0.0171008277684
137418,0.00558421574533
137421,0.00352767528966
137422,0.00326502299868
137426,0.00146163732279
137427,0.0403134934604
137430,0.0533006973565
137431,0.0365912392735
137432,0.0543098077178
137434,0.0329764820635
137435,0.0151103977114
137436,0.00170581019484
137437,0.00335380714387
137438,0.0306360274553
137439,0.0350879840553
137440,0.0319421738386
137441,0.00770090380684
137442,0.00196776422672
137443,0.0125795705244
137444,0.0243091545999
137446,0.021907730028
137447,0.222372680902
137451,0.00656708562747
137452,0.0165611281991
137455,0.113188154995
137457,0.0130419861525
137458,0.00184240587987
137459,0.0947348326445
137462,0.0795806720853
137465,0.0265694800764
137468,0.0845180079341
137469,0.0032397643663
137470,0.00607688585296
137471,0.0106752198189
137472,0.00277881114744
137473,0.00973762571812
137475,0.00410585245118
137478,0.116619281471
137480,0.277152657509
137483,0.0252871774137
137490,0.0671454295516
137491,0.0254055634141
137492,0.004805654753
137493,0.0858915448189
137494,0.0453095138073
137495,0.00966768246144
137498,0.00762393325567
137500,0.0345430001616
137502,0.0307555273175
137505,0.0674919784069
137507,0.0196028240025
137511,0.0141994468868
137513,0.0369276292622
137518,0.00567804602906
137519,0.00263061909936
137521,0.00922950264066
137526,0.0255321282893
137530,0.0118457563221
137531,0.0253665652126
137532,0.0114714512601
137533,0.0365245863795
137534,0.0073056477122
137536,0.00225371867418
137538,0.00362245831639
137539,0.00311162974685
137540,0.458416730165
137544,0.0632441788912
137546,0.0401713624597
137547,0.00436830753461
137548,0.0318670943379
137550,0.216129004955
137551,0.0221588909626
137552,0.00196872442029
137553,0.00932539161295
137557,0.00782463885844
137558,0.237307086587
137560,0.0146517753601
137563,0.00337012298405
137565,0.0213379226625
137566,0.12198522687
137567,0.00296908384189
137572,0.00162824802101
137573,0.0207489747554
137574,0.174630403519
137576,0.00322367460467
137577,0.00973762571812
137578,0.0412184372544
137579,0.00297631998546
137580,0.00668966257945
137581,0.00268510822207
137583,0.00797840673476
137585,0.0292276348919
137586,0.0189804509282
137588,0.0362563617527
137589,0.210475981236
137590,0.0196028240025
137591,0.0201919544488
137592,0.0116328895092
137593,0.00184747250751
137595,0.00994960404932
137598,0.0547610633075
137604,0.0493235364556
137605,0.00128889910411
137606,0.00555463507771
137610,0.0261263027787
137611,0.0360023975372
137612,0.00967871397734
137614,0.00168667035177
137617,0.0196028240025
137618,0.0135941971093
137619,0.0425705984235
137621,0.00172014255077
137622,0.0206392537802
137623,0.0760086774826
137624,0.00877435877919
137625,0.0181191414595
137627,0.00781062850729
137632,0.0115430317819
137633,0.00218102126382
137635,0.011067179963
137637,0.104624509811
137638,0.0677535682917
137640,0.0292178317904
137641,0.013085574843
137645,0.122961476445
137647,0.0645676553249
137651,0.00718973344192
137653,0.00319308554754
137655,0.018334383145
137657,0.00493697542697
137658,0.0250256601721
137661,0.173578634858
137666,0.00172639254015
137668,0.0349244400859
137669,0.00284371548332
137670,0.0547410622239
137672,0.0599437430501
137673,0.011058348231
137675,0.0196028240025
137676,0.00293860002421
137677,0.0540767274797
137678,0.0124561507255
137679,0.00273049273528
137681,0.0394582152367
137683,0.135115608573
137686,0.00669775670394
137689,0.0264217704535
137691,0.0255321282893
137697,0.206662788987
137698,0.00265401857905
137701,0.0104979239404
137702,0.00262387422845
137704,0.0380702801049
137705,0.0245837438852
137708,0.0371638014913
137709,0.150433465838
137712,0.225221693516
137717,0.0126556036994
137718,0.0185598582029
137719,0.0482100509107
137720,0.0048626223579
137724,0.0022358938586
137725,0.00257099047303
137730,0.00261162640527
137731,0.00852385535836
137735,0.00308443116955
137736,0.0410442352295
137737,0.0283331684768
137738,0.0066774780862
137739,0.0212382320315
137744,0.0108243441209
137745,0.0106281302869
137747,0.00299677113071
137748,0.0231547970325
137749,0.00799370650202
137750,0.0940441414714
137757,0.0886171907187
137758,0.0145694557577
137759,0.0108436960727
137763,0.0196028240025
137766,0.00320570892654
137768,0.0316680558026
137769,0.042249366641
137770,0.0139461802319
137771,0.042387381196
137772,0.0219765324146
137773,0.0345896705985
137774,0.00254138908349
137777,0.0205376520753
137783,0.00384262949228
137784,0.0081776464358
137785,0.227852612734
137786,0.116604782641
137788,0.00369434827007
137790,0.018626594916
137791,0.0930692926049
137792,0.0288436748087
137793,0.0137144811451
137794,0.0154820466414
137797,0.00441557262093
137799,0.0104546323419
137800,0.019217485562
137802,0.0616766437888
137806,0.0110827228054
137809,0.0303987581283
137810,0.158443048596
137811,0.00523402541876
137814,0.0283215157688
137816,0.0353505350649
137817,0.0154300779104
137818,0.00673049828038
137819,0.00272485567257
137822,0.0135409794748
137825,0.0362769775093
137826,0.0383258834481
137827,0.0489903576672
137829,0.015833536163
137830,0.011020604521
137831,0.214522615075
137832,0.0816856771708
137833,0.173560455441
137834,0.196542531252
137837,0.0146977016702
137840,0.0211209952831
137844,0.0198474787176
137845,0.0149612948298
137849,0.0705040469766
137850,0.0056926747784
137851,0.00734305242077
137852,0.00837221089751
137853,0.0092141404748
137858,0.0502840355039
137859,0.011398983188
137861,0.0169535335153
137863,0.00273049273528
137865,0.0107009485364
137868,0.0203811451793
137869,0.00455503677949
137871,0.0518814921379
137873,0.00845731887966
137875,0.0101860389113
137877,0.0854150503874
137882,0.00261162640527
137883,0.027471864596
137884,0.00427493732423
137885,0.00313609233126
137886,0.0144310370088
137889,0.0170377772301
137890,0.0136429686099
137891,0.0196028240025
137893,0.0108764069155
137894,0.0367920771241
137895,0.0474854595959
137898,0.00408617919311
137900,0.00858792569488
137901,0.0169503390789
137902,0.00265487958677
137904,0.0165234804153
137906,0.183093830943
137907,0.00878886133432
137908,0.00403176387772
137910,0.0544510707259
137919,0.0522769503295
137920,0.153012394905
137921,0.00268486049026
137922,0.00571296177804
137923,0.199514046311
137924,0.00252988841385
137927,0.00893457699567
137929,0.00504984194413
137930,0.00720957946032
137931,0.00316364434548
137935,0.0200896263123
137939,0.00377507833764
137941,0.0062079927884
137942,0.228086799383
137946,0.0311405230314
137947,0.001453323639
137948,0.00286519061774
137949,0.0108307888731
137951,0.0120799737051
137952,0.011840198189
137953,0.0288663357496
137957,0.0168082155287
137961,0.0158209372312
137968,0.017028555274
137969,0.0279028192163
137975,0.022267434746
137976,0.0298688579351
137980,0.00302278110757
137981,0.00948811508715
137983,0.22380015254
137984,0.0139319375157
137986,0.113315321505
137987,0.0338433347642
137991,0.0127490581945
137994,0.179096341133
137995,0.0164809077978
137996,0.0132350651547
137997,0.0396328940988
137999,0.0446990989149
138000,0.0452614165843
138002,0.0222766958177
138007,0.0342002920806
138008,0.0057680378668
138009,0.0370120219886
138010,0.00721911527216
138012,0.0125663569197
138014,0.00216465140693
138015,0.00135810358915
138016,0.246246159077
138020,0.265516936779
138021,0.0287852976471
138023,0.0574644766748
138026,0.00755873229355
138027,0.0182880163193
138028,0.00972407590598
138029,0.0196526665241
138030,0.00433130469173
138032,0.277782201767
138034,0.224767044187
138036,0.00224444339983
138037,0.197884961963
138042,0.0299026668072
138044,0.0107926791534
138047,0.00525454757735
138048,0.0139877619222
138049,0.00948811508715
138050,0.023016480729
138055,0.0160692296922
138056,0.0161879584193
138057,0.0240984819829
138058,0.00257550156675
138059,0.0349916219711
138061,0.0224954281002
138062,0.00307843252085
138064,0.00633409712464
138065,0.021835623309
138067,0.00429535843432
138070,0.0118340738118
138072,0.00319433934055
138075,0.0102051086724
138076,0.0576617345214
138077,0.00941983982921
138080,0.0480282604694
138082,0.00165241293143
138085,0.0164000168443
138086,0.00688136834651
138087,0.0102051086724
138090,0.00606492208317
138091,0.0457557700574
138093,0.0082430569455
138094,0.169133752584
138096,0.0138292955235
138100,0.00889493245631
138101,0.0155369509012
138104,0.035396553576
138105,0.0774704739451
138108,0.020105317235
138110,0.00337620312348
138111,0.002296223538
138112,0.00319640501402
138114,0.100706748664
138115,0.00538651365787
138116,0.00310473889112
138118,0.0695890933275
138120,0.0207504909486
138121,0.00757613312453
138122,0.00791681744158
138123,0.0218896325678
138124,0.0670675337315
138126,0.0105624180287
138130,0.00241570733488
138131,0.0304932352155
138132,0.0298688579351
138133,0.0422500185668
138134,0.0323033370078
138138,0.0505045428872
138139,0.0183346029371
138146,0.0184125583619
138148,0.00238652457483
138149,0.00257814256474
138150,0.00241584633477
138153,0.0308110080659
138155,0.0468163080513
138157,0.0166371576488
138158,0.0103198364377
138159,0.00215916149318
138160,0.176522567868
138161,0.0196028240025
138162,0.00851758290082
138164,0.0027683749795
138165,0.0038902873639
138167,0.00555306812748
138168,0.00252671982162
138170,0.0019017047016
138176,0.258943796158
138181,0.00296894996427
138183,0.159745484591
138184,0.0125300493091
138185,0.00726178428158
138186,0.005324522499
138190,0.00216304021887
138192,0.110010430217
138193,0.00383614609018
138194,0.19516184926
138195,0.00414553517476
138199,0.00496294442564
138204,0.0173419825733
138205,0.00294794072397
138206,0.0101121999323
138208,0.0133105665445
138210,0.00181991711725
138211,0.0944382622838
138212,0.00149996986147
138214,0.00611350033432
138218,0.00138081691694
138219,0.0993629917502
138220,0.00651133293286
138221,0.00931372493505
138222,0.110160969198
138225,0.0120495045558
138226,0.0220291353762
138230,0.0770175457001
138231,0.00212630140595
138233,0.0111362393945
138234,0.0090421801433
138238,0.00235508754849
138240,0.0268481560051
138241,0.0458792969584
138244,0.0108795007691
138248,0.0106956139207
138252,0.0141875566915
138257,0.0156575106084
138258,0.00457589235157
138259,0.014428012073
138262,0.030419267714
138267,0.0664987340569
138269,0.196150287986
138272,0.0196028240025
138276,0.0596196837723
138277,0.174676731229
138280,0.013239257969
138283,0.0890965089202
138285,0.0109577216208
138286,0.00381609611213
138287,0.0397330746055
138292,0.0248707626015
138293,0.0326893180609
138295,0.255868375301
138296,0.0327064394951
138301,0.0225460454822
138302,0.055130045861
138303,0.0839195102453
138304,0.04685953632
138307,0.00251183495857
138309,0.00858792569488
138313,0.00561943417415
138314,0.0255321282893
138319,0.00270032091066
138322,0.063953615725
138326,0.0245023984462
138327,0.0498079061508
138330,0.0273463241756
138333,0.0229114089161
138335,0.141188129783
138336,0.159538075328
138337,0.00892424583435
138340,0.00129504618235
138341,0.0266139879823
138343,0.0421498268843
138344,0.0489822514355
138345,0.00315693556331
138347,0.0493088923395
138348,0.0382162518799
138349,0.00654023746029
138351,0.00216363300569
138352,0.00900108925998
138353,0.0233747754246
138355,0.00346760265529
138358,0.0100988913327
138364,0.00280171935447
138368,0.00180668872781
138370,0.207694903016
138371,0.00977634359151
138373,0.0337489582598
138375,0.055370554328
138376,0.157384157181
138380,0.0758524984121
138383,0.0178278945386
138384,0.0215736441314
138385,0.017720380798
138387,0.32496970892
138388,0.0292180310935
138391,0.00185131747276
138392,0.0186502393335
138395,0.071640484035
138397,0.0732070803642
138398,0.00172496889718
138399,0.00858448352665
138401,0.0151545302942
138402,0.0028831269592
138403,0.00239169225097
138407,0.0390958413482
138409,0.0398411378264
138410,0.00187913805712
138411,0.072198368609
138412,0.00139950634912
138413,0.0023965141736
138415,0.0180895719677
138417,0.0030032848008
138418,0.0254055634141
138421,0.0062010246329
138422,0.0136429686099
138423,0.00201295176521
138427,0.0338009819388
138429,0.0106773301959
138431,0.00461983354762
138432,0.0157547798008
138435,0.0131691545248
138437,0.00438636634499
138438,0.0201696325094
138440,0.0882185921073
138443,0.0114657962695
138444,0.107842728496
138445,0.0389308109879
138447,0.00495369872078
138448,0.153244554996
138449,0.0141994468868
138450,0.0260247029364
138451,0.0121451327577
138453,0.107955947518
138455,0.0126447705552
138459,0.0221502333879
138460,0.00142142677214
138461,0.0174682866782
138466,0.0227274186909
138467,0.0046614818275
138471,0.0505033656955
138472,0.0194663517177
138473,0.0358630493283
138474,0.0127409286797
138475,0.0768530070782
138476,0.00245157233439
138477,0.0181031581014
138478,0.0736295357347
138481,0.00294745573774
138484,0.0329450108111
138485,0.00373789481819
138487,0.00932539161295
138489,0.0240275189281
138491,0.00247703515925
138492,0.00588840758428
138493,0.00313783087768
138494,0.230742380023
138496,0.00118168699555
138498,0.0045262160711
138500,0.00761314667761
138501,0.00496363407001
138507,0.00724880537018
138510,0.00353333842941
138511,0.00661318097264
138513,0.00242547597736
138514,0.0345374494791
138515,0.00195298925973
138516,0.0382782742381
138517,0.008609065786
138518,0.00263951299712
138520,0.00200907699764
138521,0.163735419512
138524,0.00578323379159
138526,0.00886118598282
138527,0.0271465051919
138531,0.00698085129261
138532,0.154868483543
138534,0.00181991711725
138536,0.00713292462751
138538,0.0165782365948
138541,0.0141994468868
138543,0.172553345561
138544,0.0216104276478
138548,0.0247505046427
138552,0.00287400069647
138554,0.303401052952
138557,0.0113810123876
138558,0.00948811508715
138559,0.0133862849325
138561,0.0277595259249
138564,0.0565427318215
138565,0.00948811508715
138569,0.0203315895051
138574,0.0314810648561
138575,0.0892272219062
138577,0.0385985523462
138578,0.00222961138934
138579,0.146041467786
138580,0.0238117743284
138585,0.00307352398522
138586,0.0324989743531
138588,0.0457057580352
138589,0.212123483419
138590,0.0294464882463
138593,0.019297240302
138595,0.0101121999323
138599,0.0205546692014
138602,0.133251994848
138603,0.0163866765797
138606,0.0397819131613
138607,0.00161593290977
138608,0.00712831318378
138610,0.0382020324469
138612,0.266070842743
138613,0.0204567983747
138615,0.0629706978798
138618,0.00551479170099
138620,0.0751290470362
138621,0.0377086922526
138625,0.0224095582962
138626,0.00475205760449
138627,0.0136595275253
138628,0.03592222929
138629,0.00387826538645
138630,0.0115583669394
138631,0.00557070132345
138632,0.00305531895719
138635,0.183380305767
138636,0.018307948485
138638,0.00697882147506
138642,0.0624964609742
138645,0.180243894458
138646,0.0583801157773
138649,0.00497322669253
138650,0.00665114820004
138651,0.0214536767453
138652,0.0289679579437
138655,0.0515711680055
138657,0.0344189219177
138659,0.292501270771
138660,0.175284028053
138661,0.00821729935706
138662,0.0270717758685
138664,0.00755061767995
138666,0.0146198039874
138668,0.151835769415
138672,0.0913027077913
138673,0.00860276445746
138675,0.254804164171
138676,0.0456115528941
138678,0.00453591812402
138681,0.0107560874894
138683,0.0192745942622
138688,0.0757480412722
138690,0.0128818769008
138691,0.00291508040391
138694,0.0163456704468
138699,0.12632741034
138700,0.105331726372
138701,0.0032320083119
138702,0.00848707277328
138703,0.0155150704086
138705,0.00277392799035
138708,0.0118096806109
138709,0.00156289467122
138711,0.0167900621891
138714,0.0110521502793
138715,0.00285577354953
138717,0.0103569533676
138718,0.00801294110715
138720,0.195558607578
138721,0.00471497094259
138722,0.0175545420498
138724,0.0483091324568
138726,0.0937220603228
138727,0.0926470458508
138728,0.0150002203882
138729,0.0110568460077
138730,0.00629133870825
138736,0.0246472880244
138737,0.120660953224
138738,0.0799649655819
138740,0.0357107035816
138741,0.00899158325046
138742,0.0220291353762
138744,0.0120794614777
138747,0.00400945916772
138750,0.00475934240967
138754,0.00963910855353
138758,0.00277716550045
138761,0.00313565414399
138763,0.00948811508715
138764,0.00860957149416
138765,0.00508871302009
138767,0.205195307732
138769,0.08908919245
138770,0.0663263723254
138771,0.0636827200651
138775,0.00193641369697
138776,0.191035211086
138778,0.0017005240079
138781,0.0993629917502
138783,0.0275574363768
138786,0.0149907758459
138787,0.0110696442425
138788,0.01776083
138789,0.0108179645613
138791,0.00299664586782
138798,0.00203865417279
138800,0.009695767425
138803,0.00312606967054
138804,0.0526337400079
138805,0.0318670943379
138807,0.0107787242159
138810,0.0357243418694
138811,0.0221635401249
138814,0.00762809067965
138816,0.00351004675031
138817,0.0547610633075
138818,0.00376958190463
138819,0.0108492933214
138821,0.0201812442392
138824,0.0291986744851
138826,0.0252930540591
138829,0.00464772759005
138835,0.00850213691592
138836,0.0174992084503
138838,0.208244696259
138842,0.0246902145445
138843,0.0129810124636
138847,0.00867085251957
138849,0.0203479398042
138851,0.00757554545999
138853,0.0306278262287
138854,0.0238802321255
138856,0.0153195196763
138858,0.00948976445943
138859,0.00195220392197
138860,0.201166540384
138861,0.00973656866699
138862,0.00247124163434
138863,0.0130531927571
138864,0.028164319694
138868,0.0732787176967
138869,0.00873082503676
138872,0.114543236792
138873,0.00525075057521
138875,0.0147235216573
138876,0.00781685020775
138877,0.0750930532813
138878,0.144581004977
138879,0.00296207377687
138883,0.0694645866752
138885,0.00669762026519
138886,0.0144243314862
138887,0.0292099509388
138890,0.0116013251245
138891,0.110691532493
138896,0.00221709441394
138898,0.00686813425273
138900,0.051974222064
138901,0.00256468472071
138903,0.00910323951393
138905,0.186118364334
138906,0.105350293219
138909,0.009695767425
138912,0.0362809188664
138916,0.00228052586317
138917,0.0721803382039
138918,0.0135272424668
138924,0.0154300779104
138926,0.0469784289598
138927,0.023679504171
138928,0.0141994468868
138929,0.00155163509771
138930,0.0050782202743
138931,0.00274931592867
138932,0.0157547798008
138933,0.0222513116896
138936,0.0231473296881
138937,0.0395082347095
138938,0.00917796604335
138939,0.0032760000322
138940,0.0254514552653
138941,0.0011253838893
138942,0.00797053799033
138944,0.00229101418518
138945,0.0154300779104
138946,0.010503587313
138948,0.00408065086231
138950,0.327143549919
138954,0.00254503358155
138955,0.0178714226931
138956,0.0205370560288
138959,0.0997265279293
138960,0.00235891528428
138966,0.0250791236758
138968,0.0366171076894
138969,0.0177605133504
138970,0.109176300466
138971,0.00527568813413
138972,0.00649662641808
138973,0.0105066457763
138975,0.0551126264036
138976,0.0115369120613
138977,0.00350003084168
138978,0.00569306313992
138979,0.00406449753791
138980,0.0538909584284
138981,0.299698412418
138983,0.158467903733
138984,0.00118414114695
138988,0.00200804346241
138990,0.0409752503037
138991,0.0339576415718
138992,0.119820170105
138996,0.00159140327014
139005,0.0231516156346
139006,0.0112458700314
139007,0.0331371799111
139008,0.0225783642381
139009,0.0376949720085
139010,0.00796077866107
139011,0.0372509546578
139014,0.016990557313
139015,0.00627568364143
139016,0.0023269741796
139017,0.197816416621
139019,0.0181318707764
139025,0.00549710495397
139027,0.0315085612237
139028,0.0113087305799
139030,0.0216816347092
139031,0.211272507906
139032,0.0573792532086
139033,0.0141994468868
139034,0.0308794155717
139035,0.0100212125108
139038,0.00682248128578
139040,0.0276164766401
139042,0.0376760028303
139043,0.0125508056954
139044,0.00142110383604
139046,0.00525778159499
139048,0.110567338765
139051,0.0217648651451
139052,0.00454847095534
139053,0.00729622039944
139055,0.010948676616
139056,0.106743596494
139064,0.00418590148911
139065,0.00377579894848
139067,0.0115041518584
139069,0.0211635474116
139071,0.0705629140139
139077,0.0196028240025
139081,0.177686169744
139082,0.09984523803
139083,0.00123487203382
139084,0.202183663845
139085,0.184171840549
139088,0.0382113717496
139089,0.0127596436068
139091,0.00149104010779
139092,0.023843029514
139093,0.0159876625985
139101,0.00728287687525
139103,0.00763100013137
139106,0.00178621325176
139108,0.104809112847
139109,0.0164382364601
139111,0.00547810550779
139113,0.0668335855007
139114,0.00755061767995
139116,0.211272507906
139117,0.0636849924922
139119,0.00596155179664
139121,0.0458700507879
139122,0.00989281293005
139124,0.113188154995
139126,0.0166480131447
139127,0.0420450605452
139128,0.142393872142
139129,0.00241925963201
139132,0.034338761121
139133,0.00276622734964
139135,0.0706061124802
139136,0.0304810348898
139137,0.130924507976
139138,0.00285577354953
139139,0.030463848263
139140,0.0668505802751
139143,0.00279550743289
139144,0.0141994468868
139146,0.0263682641089
139150,0.0147702516988
139155,0.0145906861871
139156,0.0314502120018
139158,0.0318484790623
139161,0.116685755551
139163,0.00319560593925
139165,0.0118402084336
139166,0.136609762907
139172,0.0160534959286
139175,0.100702926517
139177,0.0302236694843
139178,0.0180097222328
139179,0.0385871492326
139181,0.0874757617712
139183,0.00723341759294
139186,0.183796033263
139187,0.00559576693922
139188,0.00403620814905
139192,0.0173213724047
139195,0.063963778317
139196,0.0541204549372
139199,0.0250337775797
139210,0.00263198185712
139212,0.0196028240025
139213,0.0292104836553
139216,0.0208189878613
139217,0.00756250368431
139218,0.0208482611924
139219,0.146301016212
139220,0.0449182726443
139223,0.0111465947703
139224,0.0154300779104
139226,0.0621402524412
139229,0.0134424949065
139230,0.00295162061229
139232,0.185837730765
139233,0.0381155088544
139235,0.00930626224726
139238,0.00262953457423
139243,0.00264307414182
139244,0.0297860521823
139245,0.00259113847278
139247,0.00989730656147
139248,0.0341557599604
139249,0.0316147580743
139252,0.0153892971575
139254,0.01501022093
139255,0.00922280643135
139256,0.0185214709491
139257,0.0492885448039
139263,0.0166914332658
139270,0.0387381836772
139271,0.0327610783279
139276,0.0241081379354
139277,0.0237759053707
139282,0.0084317298606
139284,0.154820010066
139285,0.00240568025038
139286,0.0205572172999
139287,0.10967977345
139289,0.0144243314862
139290,0.00231875595637
139292,0.214895859361
139294,0.0329007580876
139295,0.00500575825572
139298,0.0323377884924
139302,0.00971955899149
139305,0.0120688881725
139309,0.00276670628227
139315,0.0399400480092
139316,0.0129720773548
139318,0.0228762105107
139319,0.0349274277687
139321,0.0168823227286
139323,0.00431340979412
139324,0.0271933078766
139325,0.0133553491905
139326,0.0443987175822
139328,0.00284227449447
139329,0.0407413057983
139331,0.0196028240025
139334,0.00809433124959
139335,0.00627592485398
139341,0.0301138646901
139343,0.0103425802663
139344,0.00191264564637
139345,0.0225698538125
139347,0.0182912256569
139348,0.148515224457
139349,0.0175191890448
139350,0.213417351246
139353,0.0817542746663
139354,0.00409125862643
139355,0.00776714505628
139356,0.00576873216778
139357,0.0565410107374
139359,0.0189448501915
139361,0.0072938199155
139362,0.00273049273528
139365,0.00963611900806
139366,0.00263173924759
139371,0.0188021399081
139372,0.00948811508715
139373,0.00140001752879
139374,0.0141994468868
139375,0.00225631170906
139377,0.0134001979604
139378,0.0196028240025
139379,0.0185247827321
139382,0.149700939655
139383,0.0112425675616
139384,0.127959281206
139385,0.00259455060586
139387,0.131313785911
139389,0.195720463991
139390,0.00462273322046
139391,0.0125349834561
139392,0.0255518835038
139393,0.00928972940892
139395,0.0540767274797
139396,0.00187959708273
139398,0.00383211579174
139399,0.0141736846417
139400,0.176009520888
139402,0.00688040768728
139403,0.112752899528
139404,0.0185478311032
139405,0.00186219974421
139406,0.0392437465489
139409,0.113667935133
139410,0.193703815341
139411,0.0220405776054
139413,0.00779917044565
139415,0.0149890650064
139416,0.0224193744361
139422,0.102010712028
139424,0.00288477377035
139425,0.0320125892758
139426,0.00286150397733
139427,0.00205298629589
139428,0.157921031117
139429,0.00607929704711
139430,0.0095676286146
139431,0.00757298246026
139432,0.00970500707626
139436,0.228108868003
139441,0.00507915019989
139442,0.0196028240025
139444,0.00619503902271
139445,0.0179540142417
139448,0.0220293197781
139449,0.0036235942971
139450,0.0317667536438
139452,0.00354905193672
139459,0.00254814652726
139460,0.00372932618484
139463,0.014082939364
139464,0.01542347949
139469,0.00310805533081
139470,0.216718539596
139471,0.0125926537439
139484,0.00359069765545
139485,0.185527220368
139486,0.261884540319
139487,0.193668991327
139488,0.027190387249
139489,0.0686049684882
139490,0.0292178317904
139492,0.00322152255103
139493,0.0104266991839
139495,0.139308229089
139496,0.106926076114
139497,0.0252826865762
139498,0.00131933682133
139500,0.0119526376948
139501,0.0122683113441
139504,0.0294281356037
139514,0.00937238521874
139515,0.002988941269
139517,0.00241521093994
139519,0.00445501552895
139522,0.0992979556322
139523,0.00368044385687
139524,0.047823432833
139525,0.00592510635033
139526,0.237997487187
139529,0.00482598971575
139532,0.219716176391
139533,0.0242557860911
139535,0.015058349818
139541,0.0174673125148
139543,0.00238253292628
139544,0.00209784740582
139546,0.00851787719876
139547,0.181669875979
139549,0.00363211054355
139551,0.0607474446297
139553,0.16237860918
139555,0.266946405172
139556,0.129513368011
139558,0.0333238169551
139560,0.0131820505485
139562,0.135183930397
139568,0.159745484591
139569,0.00153387419414
139571,0.0158811677247
139573,0.0295575652272
139574,0.0725300312042
139580,0.00347336172126
139581,0.195998266339
139582,0.235649988055
139584,0.0882185921073
139585,0.096314586699
139586,0.0173419825733
139588,0.00193730776664
139590,0.0141994468868
139591,0.181907817721
139593,0.0956000834703
139594,0.0042247758247
139595,0.0112492060289
139596,0.0300151053816
139598,0.0207160729915
139601,0.0216816347092
139603,0.00367561774328
139606,0.0149604380131
139607,0.00762017909437
139610,0.047912184149
139611,0.0012475050753
139613,0.00335200317204
139614,0.0285670757294
139616,0.0109416665509
139618,0.00327277253382
139620,0.183093830943
139622,0.0185108724982
139623,0.00139950634912
139625,0.00939677935094
139626,0.00291284034029
139628,0.0119664249942
139630,0.0151656921953
139632,0.0079193720594
139638,0.00162076274864
139640,0.010770490393
139641,0.00251036370173
139642,0.0198759436607
139646,0.0166333056986
139648,0.00240568025038
139651,0.195393905044
139653,0.017412494868
139655,0.00281767803244
139656,0.0025927729439
139662,0.00799258705229
139663,0.0808805078268
139664,0.00326038338244
139670,0.00519196363166
139671,0.0114531787112
139674,0.0275982543826
139675,0.00762128923088
139676,0.018591478467
139677,0.0100143747404
139678,0.0109028052539
139679,0.107347086072
139682,0.00135692569893
139683,0.00761333061382
139685,0.0347490161657
139686,0.0130040952936
139688,0.0985108986497
139693,0.00119318440557
139694,0.00725948857144
139696,0.0244361367077
139698,0.0222146753222
139699,0.00619055191055
139703,0.0697657093406
139704,0.0166913550347
139705,0.0196028240025
139706,0.268042743206
139707,0.0537691414356
139708,0.00142432178836
139709,0.0788358896971
139710,0.0337313711643
139711,0.054417937994
139712,0.00480231782421
139713,0.00948811508715
139715,0.0255375504494
139716,0.00361521122977
139719,0.196737065911
139720,0.00676454277709
139721,0.00374130392447
139725,0.00272320909426
139727,0.130582034588
139729,0.0199935734272
139735,0.0151552204043
139739,0.0114273531362
139740,0.0138212470338
139742,0.174630403519
139746,0.00775736477226
139749,0.0154300779104
139750,0.00219069235027
139751,0.0801610797644
139754,0.256499022245
139760,0.172150194645
139762,0.0464198663831
139763,0.00209405645728
139764,0.00598342623562
139766,0.0154409622774
139767,0.00522536272183
139771,0.0360781215131
139772,0.00306560075842
139773,0.0188402608037
139776,0.0306419543922
139778,0.232315450907
139779,0.0930230170488
139780,0.22039732337
139784,0.00595631217584
139786,0.00246389769018
139787,0.0187553092837
139788,0.00605315994471
139791,0.0272826328874
139792,0.0137294270098
139793,0.0107283536345
139796,0.0322990231216
139801,0.0290654283017
139803,0.0333159379661
139807,0.0514596439898
139809,0.168193012476
139810,0.014428012073
139812,0.00419668434188
139813,0.0267744492739
139815,0.0066308118403
139816,0.0221470892429
139819,0.00152384291869
139821,0.0110976891592
139823,0.0271151773632
139825,0.197587773204
139826,0.0196028240025
139829,0.259745776653
139830,0.0134394597262
139832,0.0173419825733
139837,0.122015446424
139839,0.0524712949991
139840,0.0215573348105
139842,0.0141994468868
139843,0.0112235816196
139844,0.0108625488356
139846,0.00943225715309
139850,0.00877221487463
139851,0.0157601032406
139853,0.00872065406293
139854,0.0196028240025
139858,0.0202300027013
139859,0.0135438395664
139861,0.0117659214884
139862,0.0106218997389
139863,0.016428809613
139864,0.0593537017703
139865,0.237997487187
139866,0.0029558208771
139867,0.0164213981479
139868,0.0146909207106
139873,0.0074233468622
139880,0.0159977786243
139881,0.0208613630384
139884,0.0220985990018
139885,0.0251212175936
139888,0.00278480350971
139889,0.0370933711529
139894,0.239964991808
139901,0.242559790611
139904,0.00963910855353
139905,0.0123326443136
139906,0.0142687428743
139911,0.0343497730792
139913,0.0920621901751
139914,0.0307153761387
139915,0.0135010071099
139916,0.0388998575509
139920,0.00479498738423
139922,0.00606397353113
139924,0.0251780804247
139927,0.0414900146425
139929,0.0248382985592
139930,0.0302358679473
139934,0.0622552335262
139935,0.0136783691123
139937,0.158731922507
139942,0.213748499751
139945,0.00471987668425
139946,0.229911342263
139947,0.0155051099136
139948,0.0196028240025
139949,0.00245550530963
139950,0.00176405906677
139951,0.0431304164231
139952,0.100706748664
139954,0.00174347148277
139957,0.00394308008254
139958,0.0265400391072
139959,0.00606929836795
139960,0.0581886060536
139961,0.0290687642992
139962,0.00209699617699
139964,0.0381126850843
139965,0.0452672876418
139966,0.147869572043
139967,0.00578673090786
139971,0.00549390772358
139973,0.00302363047376
139974,0.0827028080821
139978,0.0318177379668
139979,0.00239091319963
139980,0.12643545866
139982,0.008036673069
139983,0.0192111954093
139989,0.0185431148857
139991,0.00257493695244
139993,0.00201154709794
139999,0.0350134894252
140000,0.0196028240025
140003,0.00325342663564
140004,0.0282790474594
140006,0.0146381845698
140010,0.00428874138743
140013,0.00239111552946
140015,0.0211680531502
140022,0.0101362606511
140023,0.00483150733635
140024,0.0196028240025
140026,0.0138610340655
140028,0.176056653261
140029,0.00960238836706
140031,0.00215509091504
140034,0.0337664969265
140035,0.0149269644171
140037,0.179096341133
140040,0.0628643780947
140041,0.00931372493505
140042,0.0200004186481
140045,0.0112531045452
140051,0.184308931231
140053,0.00192610023078
140054,0.0340283848345
140055,0.0373112112284
140058,0.00499776797369
140059,0.00589270796627
140060,0.018163792789
140065,0.0198759436607
140069,0.009695767425
140072,0.0189759191126
140073,0.00198139366694
140076,0.0110433558002
140082,0.0112931150943
140083,0.0125628840178
140085,0.0318670943379
140088,0.0131325758994
140090,0.0150882368907
140091,0.0362563617527
140093,0.0461321100593
140095,0.0898623019457
140099,0.0212849080563
140100,0.0149677544832
140101,0.00605216715485
140103,0.0028974020388
140105,0.0325312167406
140106,0.0277867726982
140108,0.0034021565225
140113,0.00569469388574
140115,0.0396244935691
140116,0.00368139683269
140117,0.135551005602
140118,0.00210865400732
140120,0.00409166095778
140121,0.110808573663
140122,0.0444306321442
140123,0.0028000108432
140124,0.0169373843819
140125,0.0163693856448
140127,0.0129131413996
140128,0.00451172841713
140129,0.0247272774577
140130,0.0219559073448
140131,0.00296860397793
140132,0.0152693577111
140137,0.0318670943379
140140,0.0106276040897
140144,0.257158637047
140145,0.0303488057107
140146,0.142393872142
140150,0.0799646005034
140153,0.244990155101
140154,0.0794619992375
140155,0.00295027229004
140156,0.00897458661348
140157,0.00742899486795
140160,0.108186610043
140162,0.0104030650109
140168,0.00399051140994
140169,0.00557303987443
140171,0.00346023542807
140173,0.00308710802346
140174,0.0171349085867
140178,0.0220291353762
140180,0.0955932214856
140181,0.00514224497601
140183,0.00275811296888
140184,0.00713220611215
140185,0.0123323006555
140186,0.0427046790719
140187,0.0168530661613
140188,0.00415007490665
140189,0.00914266239852
140190,0.0273456200957
140192,0.0115694040433
140193,0.00288003589958
140194,0.0524019487202
140196,0.00184422824532
140201,0.0292178317904
140204,0.0964550971985
140207,0.0112807899714
140209,0.0196028240025
140210,0.00195199507289
140212,0.00495515391231
140214,0.00497415382415
140216,0.00348573573865
140217,0.239780515432
140219,0.0118402084336
140220,0.12260466069
140221,0.0215802472085
140223,0.0893977209926
140225,0.00294620753266
140229,0.0019129778957
140230,0.0115652661771
140232,0.00886049866676
140233,0.00435857288539
140234,0.0176057834178
140235,0.0386568382382
140237,0.222981482744
140242,0.0109760612249
140254,0.0940757468343
140256,0.0418518148363
140259,0.00299590383656
140267,0.0318670943379
140268,0.00602722587064
140270,0.212880223989
140271,0.00716527132317
140272,0.21115359664
140273,0.0351876728237
140274,0.00239091319963
140275,0.0282562952489
140279,0.01127178967
140280,0.0264871679246
140281,0.00279147364199
140282,0.00568668870255
140283,0.0148458275944
140285,0.00914936512709
140287,0.00792773067951
140288,0.0025226646103
140290,0.00860276445746
140292,0.00490509159863
140296,0.0298749171197
140297,0.00133760413155
140298,0.0166191700846
140299,0.143769413233
140301,0.0146494554356
140303,0.0428775399923
140305,0.00236595841125
140307,0.0196526665241
140309,0.0593537017703
140311,0.00247893971391
140313,0.00424530450255
140314,0.0318670943379
140316,0.00165530329105
140319,0.028655057773
140321,0.0121526755393
140323,0.00819079112262
140329,0.00443601794541
140331,0.00280171935447
140332,0.0288034621626
140333,0.0295918378979
140335,0.0117655443028
140337,0.0107735078782
140338,0.00125270546414
140340,0.163735419512
140342,0.285256236792
140345,0.105631880462
140348,0.027111845091
140349,0.00937122479081
140351,0.009695767425
140352,0.0628829076886
140355,0.046919927001
140359,0.00110200373456
140363,0.181669875979
140364,0.0196028240025
140365,0.00506203668192
140366,0.00843981094658
140369,0.0116615975276
140371,0.136319965124
140372,0.0589509308338
140373,0.0100616728887
140375,0.0121740233153
140383,0.0323525033891
140385,0.00969278719276
140387,0.00524783460423
140390,0.0972493737936
140391,0.00559774972498
140393,0.0993629917502
140395,0.00539247458801
140398,0.00816238857806
140399,0.0100060952827
140400,0.026897193864
140406,0.12453148514
140407,0.0171755887568
140411,0.0298364944756
140412,0.0255321282893
140413,0.00254555419087
140415,0.0105853453279
140416,0.00823562219739
140417,0.00253967801109
140418,0.0976407602429
140426,0.009695767425
140427,0.0070483405143
140430,0.00185131747276
140437,0.00136147707235
140439,0.154724135995
140440,0.00957714859396
140442,0.0213828980923
140443,0.0151811409742
140444,0.0461857058108
140445,0.00557031063363
140446,0.00675993785262
140447,0.0318670943379
140450,0.162858620286
140451,0.0178309176117
140452,0.114162504673
140453,0.0303488057107
140455,0.165868967772
140457,0.0238485783339
140461,0.0196028240025
140463,0.009695767425
140464,0.00622276961803
140468,0.0176932346076
140469,0.224088102579
140472,0.00738916872069
140474,0.151756301522
140475,0.0175491888076
140476,0.0613474287093
140477,0.0040054586716
140478,0.180243894458
140479,0.00739831011742
140480,0.0305099859834
140482,0.0030914330855
140486,0.0662731230259
140489,0.0320855826139
140490,0.200601458549
140491,0.00359851983376
140492,0.0234951544553
140497,0.0872216075659
140499,0.0287992414087
140500,0.309931874275
140505,0.0176397524774
140506,0.0147062866017
140507,0.00233729090542
140509,0.196789547801
140510,0.0569362007082
140512,0.0127695826814
140513,0.00250214780681
140515,0.0109736192971
140518,0.0316451825202
140519,0.0344322137535
140520,0.0124232759699
140521,0.0150575870648
140522,0.0370933711529
140523,0.00391478091478
140524,0.0314964130521
140528,0.00344152655452
140529,0.00164888077416
140530,0.0235956143588
140531,0.0787670761347
140532,0.0705124735832
140533,0.0282317437232
140534,0.0207117106766
140537,0.0307633876801
140538,0.00285427481867
140540,0.010770490393
140544,0.00256273127161
140545,0.00456946110353
140546,0.296508073807
140547,0.0960535556078
140548,0.00271986355074
140549,0.0845180079341
140553,0.00146152183879
140554,0.00342894066125
140555,0.0313314497471
140557,0.0104690911248
140564,0.0103188762441
140565,0.00960238836706
140566,0.00778873823583
140567,0.0145694557577
140571,0.0310881510377
140572,0.0293540544808
140574,0.0484455004334
140575,0.00395702105016
140579,0.292403310537
140580,0.00816929340363
140581,0.0195595566183
140582,0.0188798550516
140583,0.051330447197
140586,0.00243156845681
140589,0.00699054636061
140590,0.242088705301
140591,0.0051659392193
140592,0.00368859595619
140593,0.00839141756296
140594,0.0484659895301
140596,0.0144356433302
140597,0.00254122097977
140598,0.00297375000082
140599,0.0816738903522
140603,0.0175062268972
140604,0.0497098118067
140607,0.235649988055
140609,0.00391711527482
140611,0.0014140146086
140612,0.171088069677
140614,0.00249959737994
140616,0.019198441878
140619,0.00203175260685
140621,0.0042628836818
140622,0.00284587708302
140626,0.0117384204641
140628,0.0293001309037
140629,0.0156849175692
140630,0.0043708900921
140631,0.0353578031063
140632,0.0095576569438
140633,0.00682203192264
140638,0.298746228218
140642,0.0365704484284
140644,0.00356150534935
140645,0.00249656033702
140646,0.0388797037303
140647,0.00243156845681
140648,0.0206515528262
140651,0.010800210759
140652,0.0521835386753
140653,0.0548510365188
140654,0.0589827112854
140656,0.015691883862
140659,0.0232740752399
140661,0.0314569026232
140663,0.0141994468868
140666,0.0114483265206
140667,0.156901925802
140669,0.0601281486452
140670,0.00948811508715
140671,0.00891087017953
140672,0.0307914465666
140673,0.00231008860283
140674,0.0196028240025
140675,0.00430472707376
140676,0.119061142206
140678,0.0168823227286
140679,0.01625617221
140682,0.240956708789
140683,0.0194753520191
140684,0.0711489319801
140685,0.269934564829
140689,0.042967915535
140694,0.180504560471
140695,0.285784810781
140696,0.192517802119
140703,0.00193366641179
140705,0.0358073860407
140706,0.197879076004
140710,0.0129528539255
140711,0.0253588631749
140712,0.00305135920644
140713,0.0288258995861
140715,0.0392076410353
140716,0.0101123815402
140717,0.0472095794976
140719,0.00376642984338
140723,0.0174554828554
140725,0.0562658384442
140726,0.00945939216763
140727,0.180243894458
140730,0.00784210581332
140734,0.00195706821978
140735,0.0166537053883
140736,0.00502168387175
140737,0.0440435782075
140740,0.0237153898925
140743,0.106743596494
140745,0.00825060810894
140747,0.199514046311
140750,0.0623859465122
140756,0.00265898625366
140765,0.0222949106246
140767,0.124842844903
140768,0.00439748773351
140769,0.0518982075155
140770,0.006500154268
140773,0.058704610914
140774,0.00284184748307
140776,0.0106770778075
140778,0.0564518086612
140779,0.00896206777543
140784,0.003905543359
140785,0.19194996357
140786,0.0288531444967
140788,0.0104970326647
140793,0.0264590438455
140796,0.00949180312455
140797,0.150348827243
140798,0.0156724806875
140799,0.00877930782735
140805,0.114694111049
140806,0.0056853541173
140807,0.00419048545882
140808,0.00310014793649
140810,0.00932539161295
140811,0.00192535237875
140813,0.0407205410302
140814,0.0173304956406
140815,0.0696331560612
140817,0.00360368005931
140821,0.00805201102048
140822,0.187786519527
140825,0.00147448200732
140826,0.14033536613
140827,0.0825608223677
140828,0.00422101607546
140829,0.00251020118594
140831,0.00229310570285
140832,0.0379001274705
140833,0.00621253671125
140835,0.0180020965636
140837,0.0175035707653
140839,0.075905457139
140841,0.0162004083395
140843,0.0399982072413
140844,0.00445405347273
140845,0.00245460961014
140846,0.00912582222372
140849,0.0149245858192
140850,0.023173738271
140852,0.00116966851056
140853,0.00397099088877
140856,0.0091597372666
140859,0.0129822520539
140860,0.00164367782418
140861,0.180993005633
140863,0.0316811390221
140864,0.0196526665241
140867,0.00345130893402
140868,0.00842611864209
140872,0.0129528539255
140874,0.00754854502156
140875,0.0354250557721
140883,0.00548258051276
140885,0.00159215275198
140892,0.00569729506969
140893,0.156160280108
140894,0.0103475349024
140897,0.0122594106942
140898,0.00673470133916
140899,0.0230976231396
140900,0.157189056277
140904,0.270107030869
140906,0.00308854086325
140911,0.0277195498347
140912,0.0408651083708
140914,0.0292178317904
140916,0.0149907758459
140917,0.0101881539449
140918,0.0177435539663
140920,0.107738427818
140922,0.0248148515821
140925,0.0138981053606
140931,0.0778531655669
140935,0.00976232998073
140936,0.0137586230412
140940,0.0132739879191
140942,0.00309270294383
140944,0.0030914330855
140947,0.0949434787035
140948,0.020571898669
140949,0.013241674751
140953,0.0249258670956
140957,0.00128889910411
140961,0.0080484431237
140962,0.0152645977214
140970,0.0677694156766
140973,0.00576359545812
140974,0.00273049273528
140975,0.0367920771241
140977,0.0226687397808
140978,0.0211765952408
140980,0.0413465611637
140986,0.00397255271673
140989,0.079707249999
140990,0.019406426698
140992,0.105813063681
140993,0.0387454368174
140994,0.0113295316696
140997,0.214812114835
140998,0.00145157601219
141001,0.00370960473083
141003,0.00187259213999
141004,0.0137349935248
141006,0.0301268473268
141007,0.021420693025
141008,0.0373949632049
141010,0.0255321282893
141011,0.0102207306772
141014,0.010770490393
141017,0.0438480265439
141020,0.00348673458211
141023,0.0895568802953
141024,0.002018524101
141026,0.0117525057867
141030,0.0484161823988
141035,0.00914690177888
141040,0.261413216591
141041,0.123987711966
141044,0.036794077605
141045,0.00419447291642
141046,0.00913420505822
141047,0.0196028240025
141048,0.0306178350002
141050,0.0029174874071
141052,0.00941256806254
141055,0.0938003733754
141057,0.180642962456
141060,0.194849744439
141062,0.0343751236796
141064,0.0118583654985
141066,0.00907406304032
141067,0.0195596572012
141068,0.0473221689463
141071,0.00520058814436
141072,0.0313454382122
141073,0.0184966791421
141074,0.0173419825733
141076,0.0142098562792
141078,0.00621438585222
141079,0.0409752503037
141081,0.183093830943
141082,0.0406614765525
141086,0.012009318918
141087,0.0135528445244
141090,0.100250691175
141091,0.0163693856448
141092,0.0186213366687
141093,0.00277149653994
141096,0.0184041764587
141098,0.0173270534724
141100,0.0196028240025
141102,0.0452862530947
141103,0.00641189096496
141105,0.254804164171
141107,0.0203576050699
141108,0.00643334584311
141111,0.010393301025
141112,0.00209557288326
141113,0.00720778526738
141114,0.00298905512318
141115,0.00370926456526
141116,0.0606050230563
141117,0.00327101675794
141119,0.00833685044199
141123,0.00432927720249
141125,0.0210656523705
141126,0.0382399298251
141128,0.278899043798
141129,0.00917560700327
141130,0.024439830333
141131,0.0120273642242
141133,0.0099537204951
141134,0.0082241455093
141136,0.0320160351694
141138,0.00373630039394
141140,0.0157718099654
141144,0.015610252507
141147,0.00447507714853
141148,0.00610088324174
141151,0.0160453617573
141153,0.00713302660733
141154,0.179801091552
141155,0.130421429873
141156,0.00184240587987
141159,0.0196526665241
141160,0.00257078232244
141161,0.0165611281991
141162,0.00385561445728
141166,0.0196028240025
141168,0.00974092353135
141170,0.235649988055
141172,0.00426809443161
141178,0.03202804178
141179,0.0147966854274
141180,0.0262159276754
141181,0.0296434499323
141189,0.013020478189
141190,0.11213375628
141191,0.00659807352349
141192,0.0550236962736
141193,0.00133359606843
141194,0.0112132923678
141197,0.0845180079341
141198,0.0152071611956
141200,0.0124109843746
141201,0.0560061372817
141202,0.0566015206277
141204,0.0316680558026
141207,0.0101141668856
141208,0.00268618483096
141215,0.0764876529574
141216,0.056961003691
141219,0.0398622639477
141222,0.130026161671
141223,0.220890402794
141225,0.032579574734
141227,0.0249124262482
141228,0.0029102419503
141229,0.00207829568535
141230,0.00502876192331
141231,0.154896631837
141233,0.0734879374504
141234,0.0153811927885
141236,0.00263603823259
141241,0.0141994468868
141242,0.00241497438401
141245,0.093770571053
141246,0.111946128309
141249,0.234441190958
141253,0.0120458770543
141255,0.00268618483096
141256,0.0271245762706
141257,0.0442942082882
141259,0.00624520564452
141260,0.0102051086724
141263,0.0196028240025
141264,0.00243251607753
141267,0.00789999682456
141269,0.00659442739561
141270,0.0163061805069
141272,0.0673570558429
141273,0.026902589947
141274,0.00243532820605
141278,0.00181109353434
141280,0.00206544273533
141281,0.0220985990018
141284,0.00680874427781
141285,0.0152288358659
141290,0.027197977528
141291,0.00134526577312
141292,0.00272650970146
141293,0.0126675190404
141296,0.00248049199581
141298,0.0347794257104
141301,0.0196430310607
141302,0.0346097648144
141304,0.00142025493551
141306,0.00305380881764
141307,0.201094016433
141308,0.00443978048861
141309,0.0325371734798
141310,0.101834855974
141311,0.0124014038593
141313,0.0138256149366
141314,0.0130602028221
141318,0.00682311784476
141320,0.0208363365382
141323,0.0275980886072
141324,0.0227573309094
141325,0.0581569112837
141326,0.0307153761387
141328,0.0200990475714
141330,0.0234936457127
141331,0.00223623309284
141335,0.0131659572944
141338,0.00385631783865
141342,0.00508871302009
141345,0.00250214780681
141346,0.00372887635604
141347,0.00275811296888
141348,0.0120729077607
141351,0.00455733994022
141353,0.00256887706928
141354,0.0221500881016
141355,0.0108770271763
141356,0.0153583306819
141358,0.00979891046882
141359,0.0157547798008
141360,0.00704450020567
141364,0.0160357896239
141367,0.219848498702
141369,0.00341786048375
141370,0.009695767425
141371,0.00985003355891
141374,0.00804612506181
141375,0.0337990969419
141378,0.00181572255678
141383,0.00737455720082
141384,0.0036251838319
141386,0.0152729786932
141389,0.043215598911
141390,0.199771225452
141391,0.190536558628
141393,0.00469418847933
141396,0.00359373074025
141398,0.165994569659
141406,0.0314005874097
141407,0.00250391103327
141409,0.0186318643391
141411,0.00916943605989
141413,0.01972948201
141414,0.203772425652
141415,0.00622707651928
141418,0.0265902746469
141421,0.0274391863495
141422,0.036636389792
141424,0.00302814180031
141427,0.00213478133082
141431,0.00372932618484
141433,0.0415954850614
141434,0.0141994468868
141435,0.0250867027789
141436,0.00239069480449
141437,0.00238720932975
141441,0.0348373316228
141442,0.00355089223012
141449,0.00863860268146
141451,0.0122502958402
141453,0.00888676010072
141454,0.0184419918805
141455,0.0175289604813
141456,0.0455559231341
141457,0.00150030199438
141458,0.00257106870413
141459,0.083379983902
141460,0.0622034780681
141463,0.09649951756
141466,0.0803469344974
141468,0.00442199362442
141470,0.00993610452861
141472,0.0122551210225
141473,0.0222772881389
141475,0.00295087415725
141476,0.0648716986179
141477,0.00553808407858
141478,0.00210795784369
141480,0.0022093525622
141484,0.002423920203
141488,0.0273689851165
141492,0.0145423766226
141493,0.00242898589931
141494,0.0125795705244
141495,0.00501437438652
141496,0.022855469957
141497,0.00341717340052
141501,0.00409356551245
141504,0.0145423766226
141507,0.0114272125065
141508,0.0278724841774
141509,0.0327064394951
141511,0.00950506422669
141514,0.0138090923429
141515,0.0234511103481
141516,0.0196028240025
141517,0.0089835524559
141523,0.00246065342799
141524,0.012915304862
141525,0.2235866189
141529,0.0413890704513
141532,0.00241843098775
141533,0.0025832077954
141534,0.158376723528
141536,0.0171022303402
141537,0.0741857066751
141538,0.0507684722543
141540,0.158768460155
141542,0.0331783331931
141547,0.0562555454671
141548,0.0154144903645
141550,0.00632619066164
141554,0.0102539425716
141559,0.193417623639
141562,0.0688120797276
141566,0.0145423766226
141570,0.003313961206
141571,0.0911324620247
141572,0.00286235031672
141574,0.0097744660452
141575,0.00881085079163
141579,0.0495470725
141580,0.0196028240025
141590,0.00122943043243
141595,0.0128740025684
141597,0.00143787369598
141599,0.0212902165949
141601,0.00927805434912
141602,0.0284949205816
141606,0.0226369313896
141609,0.00493589555845
141615,0.0339377112687
141616,0.009695767425
141619,0.00165381853003
141622,0.00615514721721
141624,0.00418849242851
141628,0.0781947225332
141629,0.00154482561629
141636,0.0196028240025
141638,0.00183358159848
141640,0.0349903032184
141645,0.00474420003593
141646,0.00425110571086
141647,0.00610155705363
141652,0.0525298714638
141654,0.0211416743696
141655,0.0243859142065
141656,0.0102873640135
141658,0.00479422742501
141659,0.0145694557577
141660,0.161798298359
141661,0.00142048287671
141666,0.0916031673551
141667,0.00343079864979
141668,0.00223460583948
141669,0.00547588709742
141671,0.00771447783336
141672,0.350727647543
141673,0.0419605486095
141674,0.00689604505897
141675,0.0172621887177
141676,0.0628451257944
141677,0.00535917468369
141679,0.00514245266095
141680,0.0430029779673
141681,0.296508073807
141683,0.0214675553143
141684,0.0185733605176
141687,0.0196526665241
141691,0.009695767425
141693,0.0565284602344
141696,0.0151011478156
141699,0.00443811994046
141703,0.00844059325755
141707,0.0113305356354
141708,0.0458602420986
141709,0.00286772591062
141710,0.0104030650109
141711,0.00241119437851
141712,0.0931770578027
141714,0.0198759436607
141715,0.0152591364458
141716,0.00876553822309
141719,0.0291587132961
141722,0.031025711447
141723,0.0428963303566
141725,0.00832041539252
141726,0.00261312490329
141729,0.0609853193164
141730,0.0254055634141
141731,0.234668046236
141733,0.021095847711
141735,0.00238768290728
141736,0.0164822079241
141738,0.0196028240025
141741,0.00985003355891
141742,0.0236728843302
141747,0.00656597223133
141753,0.0038746825885
141754,0.01362859644
141755,0.00912886299193
141758,0.003074827604
141759,0.0654473751783
141761,0.0110483663157
141766,0.0516685321927
141768,0.00503351725638
141769,0.00211029825732
141771,0.0409972257912
141775,0.00801243353635
141776,0.256553888321
141777,0.231625691056
141779,0.0157655347139
141783,0.115118868649
141784,0.0306874960661
141786,0.0098875593394
141788,0.05018055439
141789,0.0385699756444
141790,0.0137855326757
141792,0.010385892354
141796,0.0470349192619
141797,0.00263198185712
141798,0.00290332338773
141801,0.0133515233174
141803,0.0145694557577
141805,0.0189514532685
141806,0.0809675529599
141807,0.0180405043066
141808,0.0337057821453
141811,0.00817284081131
141812,0.010444928892
141815,0.0156767107546
141817,0.0412420630455
141818,0.0212607681751
141819,0.00166384270415
141820,0.00987458601594
141821,0.0126349031925
141823,0.00288551440462
141825,0.0527921244502
141832,0.0159947611392
141835,0.0251738522202
141836,0.0294405650347
141838,0.148503661156
141842,0.0124187730253
141843,0.00147176894825
141845,0.009695767425
141848,0.0278395768255
141851,0.00309717236087
141852,0.0165611281991
141855,0.0108934100717
141857,0.0117112630978
141858,0.00846475176513
141860,0.0767740085721
141863,0.220701634884
141866,0.00329541089013
141867,0.0603172183037
141868,0.00860134977847
141871,0.00148128857836
141875,0.214443325996
141876,0.0402055829763
141882,0.0207682643086
141883,0.178160771728
141886,0.00704905483872
141890,0.00144180830102
141891,0.110341794789
141892,0.0588056445122
141894,0.00191462750081
141895,0.0217424500734
141898,0.00171656964812
141903,0.00289910379797
141905,0.00361281936057
141906,0.0388929694891
141907,0.0152279986069
141912,0.0168709214777
141913,0.279329717159
141914,0.0111965034157
141915,0.00295452401042
141917,0.00687539158389
141922,0.0393995903432
141923,0.0865613892674
141925,0.00298075494356
141931,0.00312926038168
141933,0.011381495744
141934,0.0287085995078
141936,0.119971901178
141938,0.0336259379983
141939,0.00260292412713
141941,0.0420946665108
141942,0.00225303997286
141944,0.0158824194223
141947,0.00184301461559
141950,0.00144433416426
141955,0.00571633456275
141956,0.00303325476125
141957,0.00517006032169
141959,0.0451939478517
141962,0.0684982389212
141963,0.0032028472051
141966,0.0767112374306
141967,0.0123864905909
141969,0.0295878332108
141970,0.00141044310294
141972,0.0191312655807
141975,0.0742944702506
141976,0.0166851188987
141977,0.048015974462
141978,0.00477374764159
141980,0.0536459460855
141981,0.0106781460345
141983,0.00619674194604
141986,0.0127460164949
141991,0.0166379306465
142001,0.00424893246964
142003,0.0189208146185
142006,0.146135479212
142007,0.0118583654985
142008,0.0138351563364
142009,0.00145317974966
142010,0.144275471568
142011,0.0390876829624
142012,0.154896631837
142014,0.0141994468868
142016,0.00385263934731
142020,0.162752524018
142021,0.00239577912726
142024,0.0144243314862
142027,0.107790604234
142029,0.00289074750617
142030,0.0413569957018
142031,0.0175953358412
142033,0.0262512303889
142034,0.00396107323468
142035,0.0180823579431
142036,0.00583272287622
142039,0.0188402608037
142041,0.0196526665241
142045,0.0134176211432
142047,0.0026554048527
142051,0.0037317329552
142052,0.0300195906311
142053,0.00473382743075
142054,0.0397251062095
142056,0.00257099047303
142058,0.00948811508715
142059,0.0139741934836
142063,0.017187030986
142064,0.0333159379661
142068,0.00486409245059
142071,0.0147992717102
142074,0.0157075338066
142078,0.0106985159218
142079,0.0574076063931
142084,0.0133458832279
142085,0.00803871825337
142087,0.120466992259
142094,0.00154348905198
142095,0.171351656318
142097,0.15069411695
142101,0.0242712683976
142102,0.0021610497497
142103,0.009695767425
142106,0.00959024298936
142108,0.00312269851565
142109,0.00215760152787
142114,0.0251414179802
142116,0.00804698839784
142117,0.00192158541176
142118,0.00383803108707
142121,0.0640075281262
142125,0.0300424713641
142130,0.0168691668659
142131,0.0199654083699
142133,0.0100429067388
142134,0.0112014403567
142135,0.0107987336814
142136,0.0257536619902
142138,0.010061939247
142139,0.00890335254371
142144,0.0145750977099
142145,0.0389027744532
142146,0.0139763886109
142147,0.00661035906523
142148,0.0112244645134
142149,0.0478974878788
142150,0.045801974833
142151,0.00961387809366
142152,0.0018273096066
142154,0.0260677840561
142155,0.0660661458969
142156,0.00446064444259
142157,0.0298444386572
142158,0.00157781795133
142159,0.0140399960801
142162,0.167927995324
142165,0.0116043994203
142167,0.00585463223979
142170,0.165590465069
142173,0.0629200562835
142175,0.00193649926223
142178,0.0315956249833
142179,0.0344082899392
142180,0.0021307496354
142182,0.0372382774949
142183,0.00852935388684
142185,0.00140001752879
142188,0.0295334644616
142189,0.0168412812054
142192,0.00288170133717
142193,0.00931372493505
142194,0.00287079950795
142195,0.00617236411199
142198,0.151835769415
142199,0.00837055686861
142200,0.0129231307656
142201,0.0034366582986
142203,0.0943048000336
142204,0.00589903257787
142205,0.00140001752879
142208,0.0216816347092
142209,0.0616196244955
142210,0.0899925455451
142211,0.0122284367681
142214,0.00748297851533
142216,0.0120729077607
142217,0.0105094118044
142219,0.00821773800999
142221,0.00197934941389
142226,0.0297464244068
142228,0.0453704446554
142231,0.0218333322555
142232,0.170587703586
142238,0.0264998264611
142243,0.0512010715902
142246,0.0140988174826
142247,0.0106218997389
142251,0.0948597192764
142252,0.196613028646
142253,0.0119612729177
142255,0.0162122622132
142257,0.11988093704
142258,0.110573582351
142259,0.0148920379579
142260,0.010770490393
142261,0.146994709969
142262,0.012134147808
142263,0.204462751746
142267,0.00954430922866
142271,0.0105560850352
142274,0.063953615725
142275,0.00656147301197
142276,0.00733527494594
142277,0.220756232738
142278,0.0118402084336
142281,0.0208979193121
142285,0.011322626844
142286,0.00247807335109
142289,0.0157547798008
142290,0.168633535504
142291,0.0209077615291
142292,0.0215108953416
142295,0.00239336304367
142302,0.0418728850782
142303,0.0418631099164
142304,0.00288130692206
142307,0.221770703793
142310,0.0337874181569
142311,0.00322673749179
142312,0.0141994468868
142314,0.00209779851139
142316,0.224088102579
142320,0.0369234681129
142323,0.0136072998866
142324,0.00147123157512
142326,0.021153178066
142327,0.00257145497017
142329,0.00266106589697
142330,0.0549618192017
142331,0.056442566216
142332,0.0197393894196
142334,0.00641413312405
142335,0.0161158964038
142336,0.0056634596549
142337,0.00322122266516
142338,0.00776714505628
142343,0.00200488697737
142346,0.00653099548072
142347,0.00798506289721
142350,0.0166212357581
142351,0.00819434784353
142352,0.00454779714346
142353,0.224550202489
142355,0.0192794185132
142357,0.00590567197651
142359,0.180243894458
142360,0.18567854166
142361,0.0108037777245
142362,0.0288908481598
142363,0.009222750552
142365,0.00488590635359
142367,0.00400044536218
142369,0.0116412416101
142370,0.0012734811753
142376,0.0586233474314
142379,0.168406784534
142380,0.00213478133082
142381,0.0303129889071
142386,0.0107472259551
142389,0.305746406317
142394,0.00146244978532
142400,0.071160055697
142401,0.0102788470685
142404,0.00315532740206
142405,0.0391575470567
142406,0.129847481847
142407,0.076252669096
142408,0.00973762571812
142409,0.00252843648195
142410,0.00254553719424
142411,0.0130343586206
142414,0.0242706146091
142417,0.0215296838433
142418,0.0698591321707
142420,0.0197760295123
142422,0.0166029855609
142424,0.0342718139291
142426,0.0125005496666
142430,0.0130162751302
142432,0.0211840346456
142435,0.00291177257895
142438,0.00268491799943
142441,0.0337372832
142444,0.00136780634057
142445,0.00298075494356
142446,0.0187458079308
142447,0.0148539533839
142450,0.0428167618811
142453,0.0474459417164
142454,0.158467903733
142455,0.116929717362
142456,0.012856005691
142459,0.0139011042193
142461,0.0183408986777
142464,0.00543915946037
142466,0.185527220368
142468,0.00973656866699
142470,0.230444565415
142472,0.0105567583814
142473,0.144836455584
142474,0.0317073948681
142475,0.0450439341366
142476,0.0892875045538
142477,0.0267781410366
142478,0.00406468473375
142479,0.0948084294796
142480,0.0108585078269
142481,0.00820780266076
142484,0.0388929694891
142485,0.101867951453
142487,0.015498357825
142493,0.00273049273528
142494,0.181642189622
142497,0.00738668581471
142498,0.0556151606143
142501,0.0111418431625
142502,0.0118402084336
142503,0.260215103626
142507,0.172150194645
142508,0.00425360305235
142511,0.00519154733047
142514,0.0196526665241
142515,0.0203792303801
142516,0.0420946665108
142518,0.0203315895051
142519,0.104124471545
142523,0.00304755708203
142524,0.00735727837309
142530,0.0220142714679
142537,0.00213426328264
142538,0.0618361420929
142539,0.00298158405349
142540,0.0166380405426
142541,0.00319304456934
142544,0.0302955564111
142546,0.00909046921879
142552,0.0172740593553
142553,0.00277875433676
142554,0.0244602747262
142561,0.0326522365212
142574,0.0137946121395
142575,0.224887415767
142576,0.0130327455699
142578,0.0132607156411
142579,0.012455993332
142580,0.00418997602537
142581,0.0225105322897
142587,0.0197991505265
142588,0.172150194645
142591,0.117253392935
142596,0.0104449139908
142598,0.00176533253398
142599,0.031151516363
142600,0.0406832024455
142601,0.120042905211
142603,0.0032397643663
142604,0.00347292772494
142606,0.0141994468868
142607,0.0558282919228
142608,0.209197610617
142610,0.00602672901005
142611,0.0119984336197
142612,0.00237476266921
142614,0.021147981286
142615,0.0662978366017
142619,0.0199481509626
142620,0.00645039742813
142621,0.0196028240025
142624,0.00888525601476
142626,0.00685943337157
142628,0.0116391843185
142629,0.229140415788
142631,0.0232868846506
142633,0.00796850584447
142635,0.0259619392455
142636,0.138157263398
142637,0.077383197844
142640,0.0259864460677
142641,0.0021016120445
142642,0.0216816347092
142646,0.00977126788348
142647,0.00399446906522
142650,0.177686169744
142652,0.0104030650109
142653,0.00486621400341
142654,0.00259222672321
142655,0.198937237263
142656,0.00701814284548
142657,0.036140434444
142659,0.0181642305106
142660,0.127401322126
142663,0.0337297543883
142664,0.0222706589848
142665,0.213168025017
142666,0.0209269225597
142667,0.0527842119336
142668,0.0997265279293
142670,0.206910893321
142674,0.0322974361479
142676,0.0440340042114
142677,0.0188639201224
142678,0.152603775263
142679,0.254804164171
142680,0.00283704372123
142683,0.0112723903731
142688,0.0451338253915
142690,0.0343162119389
142691,0.0374936386943
142692,0.0438215024769
142693,0.118738755584
142694,0.00581077067181
142696,0.0101024061441
142697,0.014794412069
142699,0.0485309883952
142700,0.0408223904669
142701,0.0138642797247
142705,0.00164060632233
142706,0.116210609674
142709,0.0200707092881
142710,0.110689207911
142714,0.00222231121734
142716,0.0182640850544
142717,0.00760714383796
142718,0.0156605020165
142719,0.0196028240025
142721,0.0115849832073
142722,0.00948811508715
142723,0.0602877698839
142726,0.146135479212
142727,0.0138628399
142728,0.0445285364985
142729,0.0022646356374
142730,0.00668211933225
142731,0.00334669160657
142732,0.0213381070644
142733,0.00704692583531
142734,0.00137469451874
142737,0.00620713084936
142738,0.0116934394464
142743,0.0460018850863
142744,0.0055159763433
142745,0.0110149271786
142747,0.00241380976513
142752,0.00929070357233
142753,0.00652641570196
142754,0.00227615656331
142755,0.0196028240025
142756,0.0628434941173
142757,0.0144299389794
142758,0.019333826378
142759,0.00973656866699
142767,0.0046014143154
142773,0.0148458275944
142776,0.0165611281991
142779,0.00625604018569
142780,0.00368635519408
142782,0.00572703080252
142783,0.1792999506
142785,0.00252812984399
142788,0.163915112615
142789,0.00407378096133
142791,0.00355152855627
142796,0.00566589040682
142797,0.0949199572206
142798,0.0141994468868
142800,0.00248282472603
142801,0.0117055475712
142808,0.0193857178092
142809,0.00820111762732
142810,0.0017608476337
142811,0.131258010864
142813,0.00248049199581
142814,0.0080327168107
142815,0.0149907758459
142816,0.00651776744053
142818,0.134456768632
142819,0.0111636351794
142821,0.00485211238265
142822,0.0914832502604
142823,0.0373585894704
142824,0.0141439810395
142825,0.00396433519199
142831,0.074961476028
142832,0.042622692883
142834,0.00145119871013
142837,0.0025375711266
142838,0.0247533656657
142839,0.00570459803566
142840,0.0324486866593
142847,0.0109730390832
142850,0.00282329483889
142853,0.0294613037258
142854,0.00328316073865
142857,0.175634324551
142858,0.0318670943379
142862,0.207943752408
142863,0.217299133539
142864,0.0255321282893
142866,0.0369749926031
142869,0.00289188302122
142870,0.0211121123284
142872,0.013965556398
142873,0.0200390964746
142885,0.0238083209842
142886,0.00563052669168
142887,0.00591542199254
142888,0.0169279389083
142889,0.00138235767372
142890,0.00679927971214
142893,0.0576716028154
142896,0.00893584266305
142897,0.0520564466715
142899,0.0236519332975
142901,0.119302533567
142902,0.00769205391407
142910,0.00275870971382
142911,0.0042285383679
142912,0.00384233030491
142913,0.0279033090919
142914,0.0131454663351
142918,0.00422382866964
142924,0.00211333087645
142926,0.00135005835909
142928,0.0399336405098
142931,0.0404785312712
142932,0.0132075985894
142933,0.0114926612005
142938,0.0029809421394
142942,0.00508654583246
142944,0.0717415884137
142947,0.0080155460164
142949,0.0185663346201
142954,0.00339544075541
142957,0.0124388309196
142958,0.0167639087886
142960,0.00932334829122
142961,0.00948811508715
142966,0.0230852644891
142968,0.0164108201861
142969,0.207907512784
142972,0.00218102126382
142974,0.0216983202845
142975,0.0809779763222
142979,0.0133549282327
142980,0.00896883290261
142981,0.00233033415861
142982,0.0348493568599
142984,0.0194518305361
142985,0.0252307299525
142990,0.0111362393945
142992,0.0129493549466
142993,0.00189716939349
142995,0.00853352434933
142996,0.165943160653
143001,0.00987382140011
143004,0.0161487739533
143005,0.0739948675036
143007,0.0035968888551
143010,0.0958170965314
143011,0.00118708319496
143014,0.188126146793
143016,0.0244996864349
143017,0.0114798517898
143019,0.025761641562
143023,0.402977049351
143030,0.00127895234618
143031,0.00207110960037
143033,0.00150226335973
143034,0.0191405341029
143037,0.0141994468868
143041,0.0172415804118
143043,0.0131747638807
143044,0.187029093504
143045,0.0174182783812
143047,0.00462472392246
143049,0.0128961391747
143050,0.014550791122
143051,0.0140937482938
143052,0.00199513789266
143054,0.0611821189523
143057,0.0845845863223
143059,0.00138940813486
143061,0.0401332005858
143063,0.104809112847
143069,0.0796791687608
143070,0.220083504915
143073,0.00231096008793
143077,0.0210151206702
143079,0.0045419447124
143080,0.00239091319963
143081,0.0104351406917
143083,0.00755061767995
143084,0.157189056277
143085,0.0317917317152
143086,0.109101608396
143088,0.00429424922913
143090,0.00318631483242
143094,0.00296265701763
143095,0.00171964149922
143096,0.0203057862818
143097,0.0133430324495
143103,0.0156593415886
143106,0.0354716777802
143107,0.0523745976388
143108,0.0122355232015
143110,0.00144194904715
143111,0.0131743615493
143112,0.0115932198241
143116,0.00630649738014
143117,0.0267595425248
143118,0.00475848233327
143119,0.00342932180502
143120,0.00322700128891
143122,0.0455271229148
143123,0.00489553250372
143125,0.0130868302658
143126,0.0107991108671
143128,0.00304633867927
143129,0.0154300779104
143131,0.0393172167242
143134,0.00824378617108
143136,0.0149755533785
143137,0.0158418361098
143139,0.00200278242119
143140,0.00125270546414
143142,0.0075559001416
143143,0.0281969811767
143144,0.00564533378929
143148,0.0123773766682
143150,0.0246103405952
143155,0.0225260611624
143156,0.104937627912
143159,0.00265442882665
143160,0.00481578661129
143163,0.00802088156343
143177,0.0324987545609
143179,0.00424019759521
143180,0.0936256945133
143182,0.157418474555
143185,0.0277882777154
143187,0.0325166918337
143188,0.00818063318729
143190,0.034905705601
143194,0.142109528184
143195,0.00717984884977
143196,0.0184041764587
143197,0.011483727023
143201,0.0180268920958
143202,0.00136529782321
143204,0.0403970628977
143207,0.112279377878
143210,0.0155416559428
143213,0.0914049297571
143215,0.00550598604605
143217,0.00705702928826
143218,0.030419267714
143222,0.00558429257944
143223,0.00379872461781
143224,0.00297794351354
143228,0.00238529336639
143229,0.0158439856023
143231,0.0206695273519
143232,0.00340791861527
143234,0.00256989616901
143242,0.0298171974719
143244,0.0137676317245
143245,0.0270439200103
143247,0.0173891913146
143250,0.0137670487165
143252,0.014707765542
143253,0.00731993000954
143256,0.0196028240025
143258,0.0196028240025
143259,0.00438800547272
143260,0.0145423766226
143263,0.265074193478
143270,0.0039510121569
143271,0.0112345190719
143272,0.00216856156476
143273,0.0315085612237
143275,0.13211171329
143277,0.0292250644416
143279,0.00595155963674
143280,0.0577005967498
143281,0.00202660402283
143283,0.00698156515136
143284,0.00888810027391
143289,0.148328766227
143292,0.00220001256093
143294,0.0195111967623
143298,0.0271943937987
143301,0.0553653053939
143302,0.0148001126945
143304,0.0163317229599
143305,0.0450597405434
143307,0.243509545922
143308,0.00833685044199
143309,0.00161365489475
143314,0.00377242849208
143315,0.00215268880129
143318,0.00314260297455
143319,0.013868519105
143322,0.00603108946234
143324,0.063953615725
143331,0.0052172713913
143332,0.0150956800207
143335,0.00315581797622
143336,0.00515464739874
143337,0.0271834768355
143339,0.0374773591757
143340,0.0270510613918
143342,0.00370585289784
143343,0.011020604521
143344,0.0127019360662
143345,0.272026896477
143347,0.0335848629475
143353,0.0200435295701
143354,0.00262438110076
143355,0.105264171958
143356,0.00518620107323
143358,0.00613351259381
143360,0.0152854034677
143361,0.00664084823802
143365,0.0161201003939
143366,0.00917674787343
143367,0.101095691323
143368,0.172592580318
143369,0.0216816347092
143370,0.015498357825
143373,0.201947718859
143375,0.0104642109945
143379,0.00970314163715
143381,0.111398801208
143383,0.232061728835
143384,0.00860276445746
143385,0.0815240889788
143386,0.0196028240025
143387,0.00948811508715
143388,0.0222983565181
143389,0.0384060703218
143390,0.00413510669023
143392,0.00127895234618
143393,0.00280171935447
143395,0.0163693856448
143396,0.00789597630501
143398,0.00686005363241
143399,0.242018252611
143402,0.00971553381532
143403,0.0375646613538
143404,0.0423159152269
143408,0.0178136900067
143410,0.00640962831676
143412,0.0777943730354
143413,0.002362415893
143415,0.03419001773
143416,0.00176537537482
143417,0.00244551687501
143418,0.152377322316
143419,0.00985003355891
143420,0.0141994468868
143421,0.026587177068
143422,0.0128800524399
143424,0.00606272369623
143425,0.0153432749212
143426,0.0349590443075
143427,0.00500925304368
143433,0.0113289644942
143434,0.0109454337507
143436,0.00145739188883
143437,0.00978443957865
143439,0.0372767336667
143440,0.090477719903
143444,0.00301766698249
143447,0.0280274935067
143448,0.0551146604121
143449,0.00643334584311
143450,0.112211540341
143452,0.00155638263095
143453,0.0630156695843
143454,0.0305461212993
143455,0.0144592225552
143457,0.151835769415
143459,0.00402897270396
143460,0.0278286598623
143461,0.126950219274
143462,0.00243156845681
143463,0.0781774818897
143465,0.00575477350503
143466,0.022590553388
143469,0.0428574457765
143473,0.00333813624457
143476,0.191512703896
143481,0.0306212324649
143483,0.181669875979
143485,0.0107926484197
143486,0.00229184376076
143487,0.0467413775623
143488,0.0487093403935
143490,0.00476402696222
143491,0.0427692010999
143492,0.00660033104941
143497,0.00600414490327
143498,0.0226558186114
143499,0.00931372493505
143503,0.146800041199
143504,0.256742864847
143507,0.0142694404349
143508,0.0162483956665
143511,0.0180420167744
143512,0.00977605395019
143513,0.0154329556972
143514,0.0194880384952
143515,0.0030377805233
143517,0.047480456531
143519,0.0479855872691
143522,0.0112062320113
143526,0.00221709441394
143527,0.00376246147789
143529,0.0140254758298
143531,0.0038164476864
143533,0.0318670943379
143536,0.0186476223171
143537,0.026037113741
143538,0.0184667017311
143539,0.00591834168881
143540,0.0346214771271
143543,0.00139728165232
143546,0.0533824451268
143547,0.235649988055
143550,0.0250284820795
143555,0.0187344122678
143558,0.0047786841169
143562,0.00313193886541
143565,0.0132951270789
143566,0.0268152896315
143568,0.0409790351987
143572,0.00591930141672
143573,0.00649612490088
143574,0.0236445069313
143575,0.0027686173562
143579,0.144275471568
143581,0.00717980135232
143582,0.0465756393969
143583,0.0983778834343
143584,0.00529086170718
143586,0.0129523659125
143587,0.0141439810395
143588,0.00493578333408
143592,0.00346520636231
143593,0.0121251782402
143594,0.00381851173006
143597,0.022127084434
143599,0.00551618356258
143600,0.00994631182402
143602,0.0117920255288
143604,0.00272084819153
143605,0.0220985990018
143606,0.0242315176874
143608,0.00896235927939
143609,0.138374209404
143612,0.0104273771867
143613,0.00387164135464
143617,0.0200369562954
143620,0.0364260300994
143621,0.0163633208722
143623,0.0186636932194
143624,0.00400222372264
143625,0.00251860520802
143626,0.00611521815881
143628,0.169415965676
143631,0.0101671954617
143634,0.0429220981896
143638,0.199514046311
143639,0.00802188739181
143640,0.00948811508715
143641,0.00759662128985
143642,0.0195875037462
143643,0.0201888792217
143644,0.00577829312533
143645,0.203772425652
143648,0.0269922520965
143649,0.164333090186
143652,0.249476522207
143658,0.00268246629275
143659,0.0354185663164
143661,0.00354774366133
143662,0.0104708299041
143664,0.0330010987818
143665,0.00435112789273
143667,0.105038009584
143668,0.0170923750848
143669,0.00769026298076
143670,0.0218369215727
143671,0.169385448098
143672,0.00288433209062
143674,0.0817137956619
143675,0.0318670943379
143676,0.0169111955911
143677,0.0248821824789
143678,0.0115765873343
143679,0.107394635677
143680,0.00570578826591
143681,0.0118583654985
143683,0.00757722277194
143685,0.00302984379232
143689,0.00420137774199
143690,0.179002776742
143692,0.266962468624
143693,0.0385153479874
143697,0.0196028240025
143699,0.00223070546053
143701,0.00598681624979
143702,0.0502305924892
143705,0.00193860090803
143706,0.164334267378
143707,0.010899130255
143710,0.00298948143609
143711,0.0116759939119
143712,0.0173608623445
143713,0.00456703081727
143714,0.00581279071048
143715,0.00858792569488
143716,0.00315428664908
143717,0.031025711447
143718,0.0177815649658
143719,0.149851351976
143720,0.00948811508715
143721,0.184516519308
143729,0.100786454976
143730,0.0120195010677
143731,0.0127724381164
143732,0.0261179339141
143735,0.00516351405531
143737,0.186038017273
143738,0.0420194864273
143740,0.0254291873425
143743,0.0167396962643
143746,0.0787196531892
143747,0.0158567130566
143748,0.0459069423378
143749,0.0183844249696
143751,0.0116506544873
143752,0.0624191462994
143753,0.0327610783279
143757,0.0121844010428
143758,0.0581569112837
143763,0.0227593313903
143764,0.24102114141
143765,0.0035634774249
143767,0.00832210760564
143770,0.00337213347666
143771,0.0196028240025
143773,0.0964503586292
143778,0.0106598855928
143779,0.0198089312762
143780,0.0169362965971
143783,0.0262512303889
143785,0.0789178386331
143787,0.00987142603844
143790,0.0240164399147
143792,0.0365636274219
143793,0.00360003695823
143795,0.00172301160637
143796,0.0254055634141
143797,0.0225300025195
143801,0.00283986981958
143804,0.00144810427446
143805,0.0234395116568
143806,0.0141994468868
143807,0.0390424244106
143808,0.0138885080814
143809,0.183093830943
143810,0.0310947373509
143811,0.098261743784
143812,0.00783972349018
143815,0.0379252433777
143816,0.0089121973142
143817,0.00149580766447
143819,0.0430811941624
143820,0.180504560471
143822,0.0148052442819
143823,0.0150807844475
143824,0.00621422985569
143826,0.0137657606974
143827,0.0102219227701
143828,0.0354133285582
143831,0.00273657776415
143832,0.0391491539776
143834,0.0315085612237
143835,0.0213331468403
143839,0.0757196843624
143841,0.0113485669717
143843,0.0104440804571
143845,0.148746311665
143846,0.0196028240025
143848,0.0919131189585
143849,0.0275365971029
143854,0.00344178825617
143858,0.00563944550231
143859,0.00502201961353
143860,0.00261162640527
143861,0.00467359274626
143863,0.0229876656085
143864,0.0103823896497
143865,0.0063366512768
143866,0.00780976749957
143867,0.028376121074
143868,0.0572205893695
143869,0.00489352131262
143870,0.0387351289392
143872,0.00322268018499
143873,0.00221687601879
143880,0.00876180175692
143885,0.011299457401
143886,0.0074534965679
143892,0.0286925900728
143893,0.0234965551645
143894,0.157189056277
143897,0.0712749585509
143901,0.00614942703396
143902,0.0190526228398
143903,0.02357375063
143904,0.00604859460145
143905,0.183380305767
143906,0.00277464697137
143907,0.00160675973166
143912,0.0061045512557
143913,0.00837055686861
143916,0.00407399982214
143918,0.00321885640733
143920,0.00229566195048
143922,0.00947590637952
143929,0.0266306940466
143931,0.00152176350821
143933,0.0758524984121
143937,0.171088069677
143940,0.00192380091175
143941,0.0349306091666
143942,0.208244696259
143943,0.0125040458515
143948,0.0450144857168
143949,0.00203461945057
143954,0.0108687048778
143955,0.0531382933259
143956,0.183380305767
143958,0.138284668326
143960,0.0093826437369
143961,0.0129349296913
143962,0.0331622436643
143965,0.0116980690509
143968,0.0153690632433
143972,0.0242269970477
143973,0.0159947611392
143977,0.00230882270262
143979,0.00273527391255
143981,0.209515318274
143982,0.00922910496593
143985,0.00911895278841
143987,0.00802632793784
143989,0.0345383174717
143990,0.0294831935316
143991,0.0325657352805
143992,0.00159822660498
143995,0.249594390392
143996,0.00612714421004
144001,0.0126556036994
144002,0.0334834977984
144003,0.00867972243577
144008,0.0466564446688
144009,0.0126050524414
144010,0.0236504729837
144012,0.0318670943379
144013,0.17630840838
144014,0.0245628822595
144015,0.0481344647706
144016,0.0251375362277
144017,0.0816881805658
144018,0.00621352018788
144019,0.00813089776784
144022,0.142393872142
144023,0.0122221019119
144024,0.0039419811219
144028,0.0748156458139
144029,0.0103147281334
144031,0.277051895857
144033,0.0468770116568
144034,0.112639330328
144035,0.0341030023992
144036,0.00280598318204
144039,0.176090672612
144040,0.0100100683048
144041,0.0141994468868
144042,0.0469592399895
144045,0.0141994468868
144046,0.0035435135942
144048,0.00755106750876
144049,0.0023963204585
144051,0.0173314716667
144052,0.0014464877313
144055,0.0026317127049
144056,0.010192473419
144060,0.0606492049992
144064,0.00147423008457
144066,0.132489517331
144067,0.153012394905
144071,0.00685068452731
144073,0.118315011263
144074,0.0287905186415
144075,0.0663263723254
144077,0.0227057021111
144078,0.00236122030765
144080,0.013163250871
144082,0.0138344988227
144083,0.0161109380424
144084,0.0133776357397
144085,0.012116077356
144086,0.0198037140071
144087,0.0285533294082
144089,0.00716494908556
144090,0.0196028240025
144091,0.030406748876
144092,0.00197246810421
144093,0.00740522192791
144094,0.119969330728
144095,0.0232878234237
144097,0.0117556750774
144099,0.00270182499662
144102,0.0163353607059
144103,0.0210543274879
144104,0.0112627753988
144106,0.182776451111
144109,0.0158577691764
144111,0.077263854444
144114,0.00254503358155
144116,0.100269146264
144117,0.100802332163
144118,0.00261306506582
144119,0.00127895234618
144120,0.164333090186
144123,0.0291972067207
144124,0.0390664488077
144125,0.00179361866321
144126,0.0189370829612
144128,0.0169723443687
144130,0.150433465838
144133,0.0140711199492
144134,0.0191004108638
144136,0.0157547798008
144138,0.0272182580084
144139,0.00527263619006
144140,0.0141994468868
144143,0.0156213426962
144151,0.0255885068327
144153,0.00334620801732
144154,0.0318670943379
144155,0.0208739750087
144156,0.0127607136965
144160,0.00757739227265
144162,0.00253267446533
144163,0.00447276234627
144164,0.0678697377443
144166,0.0481839850545
144167,0.0579808093607
144169,0.103382006288
144170,0.0197376031429
144171,0.0149907758459
144172,0.0387778095901
144173,0.00261312490329
144175,0.0075299134478
144176,0.00948811508715
144177,0.0309321973473
144182,0.0109185623005
144184,0.042249366641
144185,0.00948811508715
144186,0.20662689209
144189,0.0309322346002
144190,0.112380750477
144191,0.00443835183978
144192,0.0154487648979
144194,0.00262060458772
144195,0.00255895312876
144196,0.0141314715147
144197,0.026227965951
144198,0.0660775080323
144199,0.00271837669425
144200,0.23967024684
144201,0.0196526665241
144204,0.021014880389
144206,0.0320723690093
144207,0.0131318159401
144209,0.00141440774314
144210,0.00433677202091
144211,0.0110897850245
144212,0.0024878710974
144213,0.00169974239543
144216,0.0207952540368
144218,0.00264566997066
144221,0.00221277563833
144223,0.0062362072058
144228,0.0262512303889
144231,0.00437941448763
144233,0.00896529015154
144235,0.00550268124789
144236,0.00436486583203
144237,0.0268077626824
144238,0.00220455601811
144241,0.0185338482261
144243,0.0377665348351
144244,0.00333015806973
144246,0.00271537038498
144249,0.0204114280641
144250,0.0231312960386
144252,0.129806265235
144253,0.00225130631588
144254,0.0101512279361
144256,0.00432368600741
144259,0.0356685593724
144260,0.0275930278003
144263,0.0553778000176
144266,0.0179063398391
144268,0.0259312521666
144269,0.00469789281487
144276,0.0381755009294
144277,0.00371996755712
144278,0.0198759436607
144279,0.0562562569976
144283,0.00216382974759
144286,0.0824256390333
144288,0.0121993264183
144289,0.00901692919433
144290,0.00839617941529
144291,0.00796303432435
144294,0.00458988361061
144296,0.0242229290307
144298,0.248554617167
144302,0.0398937948048
144303,0.101686410606
144304,0.00805339310318
144305,0.0325312167406
144308,0.0238792747259
144309,0.00747345015407
144310,0.00771038699895
144312,0.00424663722515
144313,0.0166537053883
144314,0.010565392673
144317,0.00206518988125
144318,0.0144243314862
144321,0.0344968251884
144327,0.0263934079558
144328,0.00246171513572
144333,0.0195733644068
144336,0.197882473469
144345,0.00199757469818
144346,0.0251013319939
144348,0.111677512527
144349,0.0451690629125
144350,0.0251956302673
144351,0.00260637258179
144352,0.00562467752025
144356,0.0196028240025
144357,0.00360177480616
144358,0.009212102741
144359,0.0173254795372
144360,0.0329532846808
144361,0.0190927907825
144363,0.209791481495
144369,0.0262512303889
144370,0.165693312883
144371,0.0171389635652
144372,0.0181072466075
144378,0.00225580506958
144380,0.0156593415886
144381,0.00574213918298
144382,0.0708596408367
144387,0.0148458275944
144391,0.0259760338813
144393,0.00434358837083
144394,0.00326175359078
144395,0.0194392297417
144397,0.00637435587123
144399,0.0122233228758
144400,0.00610569352284
144403,0.00413461402059
144404,0.00252878875472
144405,0.0441229380667
144407,0.0138851646334
144408,0.0278513282537
144410,0.0233767721802
144413,0.252380430698
144417,0.00323203601874
144418,0.0786224156618
144419,0.00235821306705
144420,0.0113676926121
144421,0.00428263889626
144423,0.0271800532937
144425,0.00266079371795
144426,0.0499659813941
144427,0.122810997069
144429,0.0163487289101
144430,0.00285964878276
144432,0.0173647496849
144433,0.00280171935447
144435,0.00987931434065
144437,0.0255321282893
144440,0.0105840219185
144441,0.00243686838076
144446,0.00362175446935
144448,0.00400655064732
144449,0.00859529245645
144450,0.203772425652
144451,0.0177883952856
144452,0.00343740778044
144453,0.00262608681805
144454,0.00587617233396
144455,0.0229729712009
144461,0.180243894458
144464,0.0370534397662
144465,0.00420168507844
144466,0.0168691668659
144469,0.010770490393
144471,0.019369199872
144472,0.00297631998546
144474,0.00651299860328
144476,0.0627674087882
144478,0.0152834448963
144483,0.00889904424548
144484,0.0644048079848
144485,0.00243837200105
144493,0.0272139776498
144495,0.0135710323229
144496,0.00869981665164
144497,0.00854059867561
144499,0.00237523275428
144500,0.0503599531949
144503,0.183093830943
144504,0.00297355768271
144506,0.0858913511038
144508,0.00604945141822
144509,0.0946655198932
144510,0.14797347784
144511,0.14792150259
144512,0.0145694557577
144513,0.0019767654594
144516,0.0018374142237
144518,0.0762704983354
144521,0.00786594487727
144522,0.269829571247
144525,0.0199632216245
144531,0.0409752503037
144533,0.00415423093364
144534,0.0172797758132
144536,0.014653689228
144537,0.017388002947
144541,0.011874653399
144542,0.00653795152903
144549,0.00696662534028
144553,0.00227261707187
144554,0.149003133178
144555,0.0577096119523
144556,0.00241843098775
144557,0.0253233294934
144559,0.00268618483096
144561,0.0306360274553
144563,0.00973931793123
144564,0.0452589541674
144565,0.02626163885
144568,0.00241570733488
144569,0.011914533563
144573,0.00245550530963
144574,0.00311288423836
144578,0.032747477293
144580,0.00762712303549
144582,0.00231467676349
144583,0.0018915560795
144584,0.00677315657958
144586,0.0243462063372
144587,0.00120609044097
144590,0.00127887504641
144592,0.00127895234618
144593,0.00878421403468
144595,0.00769544998184
144598,0.00241380976513
144599,0.0277887880802
144600,0.00517956772819
144601,0.0157547798008
144602,0.0532354600728
144603,0.0216162297875
144604,0.0135884061456
144606,0.116529911757
144607,0.0110601317137
144608,0.0264198761433
144609,0.00598451821133
144610,0.00791046023369
144611,0.304765164852
144613,0.00624520843849
144614,0.0290390457958
144615,0.0124898990616
144624,0.0107295131311
144626,0.0150963254273
144628,0.0381949990988
144629,0.00300081586465
144630,0.00819192267954
144632,0.231736391783
144633,0.00357085024007
144634,0.00798825919628
144637,0.00285577354953
144640,0.00250440882519
144641,0.164333090186
144642,0.0030304803513
144644,0.0363562516868
144645,0.0464452542365
144647,0.112231276929
144651,0.0717093273997
144652,0.00844591856003
144653,0.0025375711266
144656,0.255497932434
144657,0.0457534305751
144660,0.0145210046321
144662,0.0149907758459
144663,0.0564916096628
144664,0.00233159703203
144669,0.00195376924239
144672,0.0145666627213
144673,0.00558181433007
144675,0.06944154948
144683,0.0259676687419
144687,0.0081868218258
144688,0.0632679462433
144694,0.00523530179635
144695,0.00400819489732
144697,0.0237573254853
144700,0.0227964799851
144702,0.042614877224
144703,0.029928797856
144704,0.0768171846867
144706,0.00350368302315
144708,0.188684687018
144711,0.00889242254198
144713,0.14797347784
144714,0.0148525517434
144715,0.252380430698
144717,0.0378604978323
144719,0.00226736417972
144720,0.0240128412843
144722,0.0103982258588
144724,0.110753014684
144725,0.00819015223533
144729,0.0135986935347
144731,0.0083233313635
144733,0.0152318337932
144734,0.00305362441577
144735,0.00236691185273
144738,0.0116015765816
144739,0.0847723409534
144740,0.0141001511365
144742,0.0170650370419
144748,0.00687398854643
144751,0.0188798550516
144753,0.00219919532537
144755,0.0303390137851
144758,0.0144813368097
144759,0.00550116272643
144764,0.055752158165
144765,0.0493602640927
144770,0.00471593812108
144771,0.0159379206598
144773,0.0023172297515
144774,0.0220985990018
144776,0.0287788007408
144780,0.146135479212
144782,0.021352360025
144785,0.00130634114612
144786,0.0232595112175
144788,0.0881532654166
144790,0.0111777409911
144792,0.00347615219653
144793,0.00138808100019
144796,0.0242017079145
144798,0.0494905263186
144807,0.0382170155644
144812,0.0152243394405
144813,0.00815601740032
144815,0.00246733496897
144816,0.183093830943
144818,0.00315008219332
144819,0.00185585999861
144822,0.00894355308264
144825,0.0144209563732
144826,0.0179965645075
144827,0.0197990722954
144828,0.23378379643
144829,0.0024889127817
144836,0.0126761468127
144837,0.0166571810842
144840,0.0827483013272
144841,0.0289110429585
144844,0.0919909924269
144846,0.217265620828
144848,0.0275495294482
144849,0.009695767425
144851,0.00299296551384
144852,0.00877469126135
144853,0.0350079573691
144854,0.0969683006406
144856,0.00250922353007
144857,0.019000466913
144859,0.00927225314081
144860,0.242559790611
144861,0.0179129578173
144863,0.00309168267995
144864,0.00507118552923
144867,0.0256180018187
144871,0.0161413513124
144872,0.193173915148
144873,0.193717718124
144874,0.0257791317999
144875,0.0188129581511
144877,0.01003259141
144881,0.151882648468
144883,0.0382836647332
144884,0.011998211965
144888,0.00240640598349
144889,0.00324883149005
144891,0.0369333475828
144892,0.00266106589697
144894,0.00849531032145
144895,0.115088582039
144898,0.0168691668659
144900,0.167927995324
144901,0.00200163316913
144902,0.0964730158448
144903,0.00187039282173
144904,0.212511256337
144905,0.0239468049258
144906,0.0345430001616
144908,0.0264991763979
144910,0.0187344122678
144913,0.101807191968
144915,0.00328316073865
144917,0.0141994468868
144919,0.0280236732215
144920,0.00178322126158
144922,0.164333090186
144926,0.00417269067839
144927,0.00246383319609
144928,0.0107146175578
144932,0.00852385535836
144933,0.0018066422781
144934,0.0298491176218
144936,0.0023965141736
144937,0.0250552594662
144938,0.109832562506
144941,0.0269649513066
144944,0.139526963234
144945,0.00420305179432
144950,0.0907055586576
144951,0.0239030942321
144955,0.0247229766101
144957,0.0168134346604
144961,0.00786594487727
144962,0.0127394963056
144963,0.0148458275944
144964,0.0576192438602
144965,0.0103120123968
144969,0.0120218750089
144970,0.00610459130257
144973,0.00345407822169
144975,0.0213725231588
144976,0.245827972889
144978,0.222849547863
144981,0.00932539161295
144982,0.010070878081
144983,0.0203351918608
144985,0.00117604993284
144988,0.0166622586548
144989,0.00161870068405
144992,0.0223171897233
144997,0.0102645996958
144998,0.00427386816591
145001,0.00241572107188
145006,0.0198526773602
145010,0.0170992091298
145011,0.190762892365
145013,0.0095576569438
145014,0.00548051437363
145018,0.180553629994
145019,0.0191584192216
145020,0.00145586265717
145022,0.0300195906311
145024,0.0034108008258
145025,0.0026713043917
145026,0.00262005627155
145027,0.0108998538926
145031,0.0247809961438
145032,0.00184396130498
145033,0.00701749511063
145035,0.0169991850853
145036,0.0188905056566
145037,0.0196526665241
145040,0.00846743769944
145041,0.0237365812063
145044,0.00740379886702
145046,0.00589826377109
145048,0.0447097085416
145051,0.184662371874
145053,0.00466996757314
145054,0.00298768561333
145057,0.00376799772494
145061,0.00867013074458
145063,0.0168709214777
145064,0.0108807366341
145069,0.0545324385166
145071,0.0298902112991
145072,0.0152579396963
145073,0.128259539604
145074,0.0110757006332
145075,0.0925577580929
145078,0.00719430949539
145079,0.0272499583662
145081,0.00687452265993
145082,0.00762689206749
145083,0.0312064792961
145084,0.0349068120122
145085,0.0380164012313
145086,0.00279429042712
145087,0.0204157810658
145090,0.00193988461979
145091,0.0279822684824
145092,0.0152248749509
145093,0.0102966120467
145095,0.00571958813816
145096,0.00294766295701
145097,0.158443048596
145099,0.00270206388086
145101,0.220890402794
145107,0.00492076342925
145109,0.00616233889014
145110,0.0112035060301
145111,0.00834526307881
145112,0.0316394418478
145113,0.00433754781261
145118,0.307621210814
145123,0.00234666396864
145125,0.00391741469502
145126,0.0301066916436
145127,0.0051123755984
145129,0.0198242533952
145130,0.0014433269389
145131,0.0252632666379
145134,0.0043013705872
145136,0.0968382656574
145138,0.00292079197243
145140,0.00214987061918
145141,0.0207057837397
145142,0.0146977361292
145143,0.00389088969678
145148,0.0327064394951
145150,0.0141994468868
145151,0.00197738548741
145152,0.00518880691379
145153,0.0528836585581
145156,0.00641228538007
145159,0.0472413860261
145160,0.0381650216877
145161,0.0615546256304
145162,0.234045386314
145163,0.00676512299106
145165,0.103796459734
145166,0.00799433048815
145171,0.00289317057468
145173,0.00116271944717
145175,0.0141994468868
145178,0.00216864421964
145179,0.00813954696059
145186,0.0304810348898
145188,0.00284180557355
145190,0.00860903784633
145191,0.0185478311032
145192,0.00921752676368
145196,0.0125981410965
145200,0.0572581328452
145204,0.0233743470162
145208,0.201156944036
145210,0.00273227877915
145211,0.0111498683691
145212,0.0146695394069
145214,0.0166490059346
145220,0.00131437275559
145222,0.00400044536218
145223,0.0185733605176
145224,0.00955263804644
145225,0.00151055958122
145227,0.0117595754564
145228,0.0135528445244
145232,0.0571510121226
145233,0.0117659214884
145234,0.0547610633075
145236,0.0445073209703
145238,0.0505512207747
145239,0.00419411854818
145240,0.209515318274
145242,0.0292178317904
145243,0.154868483543
145245,0.0246223732829
145249,0.006425304804
145251,0.00877793505788
145252,0.157189056277
145254,0.0018066422781
145255,0.00469773216173
145258,0.182991564274
145259,0.00112443068065
145260,0.0070113344118
145261,0.0135096786544
145263,0.0305907633156
145264,0.00202822871506
145265,0.0125732105225
145268,0.00675263535231
145269,0.0410977378488
145270,0.043833784759
145273,0.00251131900586
145274,0.00248282472603
145275,0.00230102078058
145276,0.211272507906
145277,0.00297772395425
145279,0.0204149838537
145280,0.00449292501435
145281,0.0302386637777
145285,0.018168317154
145286,0.0347787216306
145287,0.0262512303889
145288,0.00407839938998
145289,0.00265807448886
145290,0.00810057017952
145292,0.00453068735078
145296,0.0290638003498
145297,0.014872434549
145298,0.00868075713515
145302,0.0135096786544
145304,0.177164003253
145306,0.00443761236966
145308,0.0426312573254
145310,0.0160038974136
145311,0.0255444459617
145313,0.00579117657617
145315,0.0150596871972
145316,0.00623549800366
145318,0.0141994468868
145319,0.255353331566
145320,0.0997265279293
145321,0.0104185743257
145322,0.0160975567997
145324,0.0255802925676
145326,0.0259336158633
145327,0.00536861782894
145328,0.0318670943379
145329,0.00973762571812
145332,0.0789598301053
145333,0.0390664488077
145334,0.00192349229474
145336,0.0333761163056
145340,0.0549420081079
145341,0.00433873850852
145342,0.0202708076686
145343,0.00524474913254
145344,0.150433465838
145347,0.266376912594
145349,0.0027065614704
145351,0.0254534240812
145353,0.152712956071
145354,0.00350160291418
145358,0.0102056963369
145359,0.00338255637325
145360,0.0255321282893
145364,0.00286235031672
145365,0.0917372703552
145367,0.0152279986069
145372,0.0199798345566
145374,0.0721803382039
145375,0.0141994468868
145376,0.00229072547518
145377,0.0530861355364
145378,0.0476952977479
145380,0.0151512995362
145384,0.00667651649565
145385,0.0378185026348
145388,0.015845451504
145389,0.063240326941
145390,0.0243363939226
145391,0.0409063920379
145392,0.157189056277
145394,0.0309414565563
145396,0.00955017562956
145397,0.00185964256525
145399,0.0215615499765
145401,0.0158186648041
145405,0.00531585467979
145406,0.0606492049992
145411,0.0127362329513
145422,0.00973094720393
145423,0.00361602869816
145424,0.0222656950355
145425,0.185458183289
145426,0.076957039535
145427,0.0247100051492
145428,0.0184839274734
145430,0.0119173917919
145431,0.0763203054667
145433,0.17805556953
145440,0.0176397524774
145441,0.0230431780219
145444,0.00429453048855
145445,0.00887298583984
145446,0.00254136975855
145448,0.00425060093403
145449,0.00366851943545
145453,0.0098613165319
145454,0.222887396812
145458,0.185079306364
145461,0.0343287140131
145462,0.0166269969195
145463,0.104779116809
145464,0.214536979795
145467,0.0322870723903
145468,0.0472326949239
145470,0.0525921918452
145471,0.0318670943379
145477,0.0444794781506
145480,0.111825585365
145481,0.187091529369
145483,0.0325312167406
145486,0.0273018740118
145487,0.30108332634
145488,0.00884184986353
145490,0.0132420919836
145492,0.00252454658039
145496,0.0127460518852
145497,0.0940746366978
145498,0.0343375131488
145499,0.122679926455
145500,0.316275119781
145503,0.0185313560069
145505,0.00384573591873
145507,0.0262512303889
145508,0.00489887408912
145509,0.011702154763
145511,0.107223346829
145513,0.0531193576753
145514,0.0209739860147
145515,0.00501168938354
145516,0.00403355062008
145519,0.0239895116538
145523,0.0396690107882
145527,0.00188584427815
145531,0.162803217769
145535,0.252380430698
145536,0.00611073104665
145537,0.0967683568597
145539,0.00495109986514
145540,0.0122484844178
145542,0.0272182580084
145545,0.0749872922897
145546,0.00313219660893
145547,0.0482715331018
145548,0.0855502188206
145549,0.00931372493505
145550,0.0137222157791
145554,0.0588513463736
145560,0.128815829754
145561,0.00617740536109
145563,0.0117537025362
145564,0.330128699541
145565,0.00701581686735
145567,0.00558181433007
145569,0.00931372493505
145570,0.0103433169425
145572,0.00263586128131
145574,0.0550038777292
145576,0.0234588235617
145579,0.00149629916996
145581,0.0440150983632
145582,0.0241694711149
145583,0.00212676869705
145584,0.226785778999
145586,0.0672863647342
145588,0.117141924798
145591,0.143710270524
145593,0.0198759436607
145595,0.0221518594772
145599,0.0203315895051
145600,0.0800488814712
145602,0.00127337384038
145603,0.125144615769
145604,0.13667345047
145605,0.0204331018031
145606,0.0181765407324
145607,0.00343507598154
145609,0.00263489386998
145610,0.00245932862163
145613,0.00520114554092
145619,0.00678049074486
145621,0.0203787460923
145625,0.00633952859789
145626,0.0126500464976
145627,0.0714574158192
145628,0.00415992643684
145633,0.141691729426
145636,0.0753718689084
145641,0.0101722069085
145644,0.0112458700314
145648,0.0196526665241
145651,0.284929126501
145653,0.224838703871
145655,0.0204404368997
145658,0.0330152176321
145660,0.0312797389925
145668,0.371565490961
145672,0.028170382604
145674,0.00942021328956
145675,0.00343522778712
145678,0.0394750982523
145679,0.0298520103097
145682,0.182694420218
145683,0.154425367713
145687,0.0145694557577
145690,0.0507499910891
145691,0.191512703896
145692,0.0142825795338
145693,0.00174184655771
145696,0.0367966741323
145697,0.0367205552757
145698,0.0963695421815
145700,0.165184751153
145701,0.171752125025
145703,0.00903203804046
145705,0.0107367932796
145708,0.00260332389735
145710,0.00916808005422
145711,0.0490683317184
145712,0.08547270298
145714,0.00912945438176
145715,0.00302906311117
145716,0.157384157181
145717,0.014977642335
145718,0.00481630116701
145719,0.0267464648932
145720,0.0307409204543
145721,0.0135948304087
145723,0.00239417841658
145724,0.00407824479043
145727,0.0175550505519
145731,0.0111217452213
145732,0.00346109061502
145733,0.0378467515111
145735,0.00757510773838
145736,0.0132410274819
145737,0.0456144884229
145739,0.0127086946741
145740,0.0099430680275
145743,0.0127269914374
145745,0.00295162061229
145746,0.0157547798008
145749,0.00568025093526
145751,0.0263101346791
145752,0.0264112371951
145753,0.0370690412819
145759,0.0109474528581
145760,0.00694649899378
145761,0.0558100640774
145764,0.00161261670291
145765,0.0185677818954
145766,0.0568887405097
145767,0.0043356702663
145768,0.0471818447113
145771,0.151835769415
145774,0.00878393650055
145777,0.0705472454429
145780,0.0200304426253
145782,0.00705574918538
145784,0.0321769975126
145788,0.00167779903859
145789,0.0025916621089
145790,0.00333266588859
145793,0.101492062211
145794,0.0390318632126
145796,0.017153210938
145797,0.177686169744
145798,0.0279533881694
145799,0.00387742929161
145801,0.00311649846844
145805,0.0882185921073
145808,0.237911731005
145809,0.00560310808942
145815,0.00373699096963
145816,0.0165611281991
145819,0.00879300385714
145820,0.0210683029145
145824,0.21115359664
145825,0.0196028240025
145826,0.0108076203614
145828,0.157189056277
145829,0.0349164754152
145830,0.0120998611674
145833,0.143625333905
145834,0.0306433793157
145836,0.0377162434161
145838,0.0112845674157
145839,0.0058144275099
145840,0.140834406018
145841,0.0107145113871
145842,0.108630724251
145845,0.0079757431522
145853,0.025552328676
145854,0.0165611281991
145856,0.0116766542196
145861,0.0432031415403
145862,0.0318670943379
145863,0.00335108279251
145868,0.0340520367026
145872,0.0548231005669
145873,0.0145694557577
145874,0.00423411373049
145876,0.0919131189585
145877,0.0024734030012
145878,0.181642189622
145879,0.0284968987107
145881,0.0230651516467
145883,0.0784161612391
145884,0.0339562669396
145887,0.00328769837506
145888,0.0097470479086
145892,0.0464027822018
145894,0.00538417929783
145895,0.0209273416549
145897,0.00318980892189
145898,0.0192981027067
145901,0.0258478466421
145904,0.00283796526492
145905,0.0014243881451
145906,0.0483324639499
145907,0.00222328328528
145909,0.00173976831138
145911,0.00546392146498
145912,0.118234135211
145916,0.0285533294082
145917,0.183093830943
145918,0.0089749423787
145919,0.00261162640527
145921,0.00476869801059
145923,0.00145577255171
145925,0.0370294302702
145926,0.0388093180954
145927,0.00520058814436
145929,0.0196028240025
145930,0.0504368916154
145931,0.0196028240025
145932,0.0620317272842
145934,0.0113857183605
145935,0.291774272919
145936,0.211272507906
145937,0.0523647628725
145941,0.25663536787
145942,0.00237228325568
145943,0.059918101877
145944,0.0024819013197
145946,0.0134157408029
145948,0.0542219430208
145949,0.0114256506786
145950,0.00734526710585
145955,0.0139781627804
145957,0.0196028240025
145959,0.0071963253431
145960,0.0196028240025
145966,0.0319778248668
145969,0.0507587119937
145970,0.0865613296628
145972,0.00151435227599
145973,0.157189056277
145977,0.00492638954893
145978,0.129028618336
145979,0.0376293174922
145982,0.0333238169551
145984,0.0363122597337
145989,0.180243894458
145990,0.00840063486248
145991,0.0123792076483
145994,0.0414997264743
145997,0.00795393530279
145998,0.125540420413
145999,0.00531614990905
146001,0.0265349708498
146004,0.00277230725624
146006,0.0446358509362
146007,0.105572409928
146009,0.183650881052
146010,0.0302386637777
146014,0.0157547798008
146017,0.187179386616
146018,0.0287450421602
146019,0.0513354875147
146020,0.021622614935
146024,0.0123243769631
146025,0.0155121367425
146031,0.0359068475664
146035,0.00465161819011
146037,0.0405234061182
146038,0.00327834906057
146042,0.0147352721542
146047,0.00583705166355
146049,0.0614372082055
146052,0.0366782173514
146053,0.0196028240025
146055,0.00119279918727
146057,0.235649988055
146058,0.0571817234159
146059,0.00241570733488
146060,0.0346717052162
146061,0.0228622183204
146062,0.0374627374113
146063,0.00280609657057
146066,0.00409478275105
146071,0.0233888383955
146074,0.242559790611
146076,0.0381354168057
146077,0.00293033244088
146078,0.00133696803823
146083,0.0304902456701
146084,0.00961378682405
146085,0.0318670943379
146087,0.211065232754
146091,0.00322347856127
146092,0.00609644688666
146096,0.0488625876606
146098,0.0131270773709
146099,0.00972070172429
146100,0.014548166655
146101,0.0264919325709
146104,0.0602974146605
146105,0.0229665059596
146107,0.00911040790379
146108,0.0536063164473
146109,0.0023965141736
146110,0.0234287753701
146112,0.213947206736
146115,0.198490858078
146118,0.135361596942
146121,0.144969686866
146122,0.181669875979
146123,0.00955049600452
146125,0.00322122266516
146127,0.173474624753
146129,0.00262683839537
146131,0.00951901916414
146132,0.00447372859344
146133,0.0203211065382
146137,0.0367996990681
146138,0.00820780266076
146139,0.0035288031213
146142,0.0368901714683
146143,0.00525771128014
146147,0.218951627612
146151,0.00279072090052
146153,0.00260606058873
146159,0.00659050839022
146161,0.0089220367372
146162,0.0623025745153
146164,0.00274845329113
146166,0.159745484591
146167,0.00195177667774
146169,0.0220985990018
146171,0.0318670943379
146172,0.0367404296994
146176,0.174728617072
146179,0.00486292038113
146182,0.0470961146057
146183,0.00503171654418
146188,0.00134872179478
146189,0.00227234256454
146192,0.00993176642805
146195,0.0692236945033
146197,0.0633377209306
146199,0.00152512977365
146200,0.00425615673885
146202,0.0318670943379
146203,0.0159878656268
146204,0.0716028958559
146205,0.0112512586638
146206,0.0111381774768
146207,0.263653934002
146208,0.142560392618
146211,0.188584566116
146213,0.0242706146091
146215,0.00274760904722
146219,0.0204800833017
146220,0.00268435105681
146223,0.0438078008592
146225,0.0521007589996
146227,0.0086420411244
146228,0.00326642906293
146239,0.00147197709884
146240,0.00412546889856
146242,0.00275811296888
146244,0.0166537053883
146248,0.0110200596973
146256,0.0403735749424
146257,0.0218543671072
146259,0.00968569517136
146261,0.00755061767995
146263,0.117437660694
146264,0.00277449376881
146266,0.00482154684141
146268,0.0070085786283
146275,0.0177853219211
146276,0.00776219181716
146280,0.0250670034438
146283,0.118877112865
146284,0.0218875389546
146286,0.0136179663241
146287,0.0687698945403
146288,0.0101841781288
146290,0.00889544095844
146291,0.0282926596701
146292,0.0731360465288
146294,0.0107183679938
146296,0.00437569012865
146297,0.0275534559041
146298,0.00787327904254
146303,0.0124012744054
146305,0.00353028741665
146307,0.159763678908
146309,0.00142005947419
146310,0.012651802972
146311,0.028767356649
146312,0.0209371279925
146313,0.00234154122882
146316,0.0024661840871
146318,0.0452361702919
146321,0.0835101008415
146324,0.0020516240038
146326,0.0252183731645
146328,0.00932501722127
146330,0.0056512709707
146331,0.102186307311
146333,0.0176819935441
146338,0.0358298160136
146339,0.013211757876
146341,0.020447012037
146342,0.0185637436807
146344,0.0588603653014
146345,0.175967648625
146346,0.0114274444059
146348,0.0276676081121
146353,0.0352935269475
146356,0.0037982231006
146359,0.0105881821364
146361,0.00410226220265
146362,0.022863432765
146367,0.00694793276489
146369,0.00554464804009
146371,0.0198961850256
146374,0.0200163498521
146376,0.00573728978634
146380,0.0339622497559
146382,0.0338009819388
146383,0.0168691668659
146385,0.0108726778999
146386,0.00291636958718
146387,0.0532803758979
146390,0.0218899231404
146391,0.0196430310607
146394,0.0037156350445
146395,0.00305061973631
146397,0.011020604521
146399,0.00190796353854
146400,0.00857141707093
146402,0.00522133940831
146403,0.010149192065
146404,0.00440642982721
146406,0.0147781986743
146407,0.0118695739657
146409,0.00589155731723
146413,0.0941908583045
146415,0.0348749309778
146416,0.00827170722187
146418,0.047433886677
146421,0.0222641695291
146422,0.0361716151237
146427,0.00229287333786
146431,0.208762258291
146432,0.00756535306573
146433,0.103495106101
146435,0.0364937484264
146436,0.00642303051427
146437,0.0302148386836
146440,0.00388071988709
146443,0.00121996237431
146446,0.00256989616901
146451,0.00606679962948
146452,0.0117712682113
146453,0.0937614142895
146456,0.00518265692517
146457,0.00439901649952
146462,0.00372127373703
146464,0.00140224862844
146465,0.155873551965
146466,0.00700503587723
146473,0.00662991357967
146475,0.00457629235461
146477,0.015570551157
146478,0.00670669320971
146479,0.00226303189993
146480,0.0117144426331
146481,0.0581515319645
146482,0.0411040894687
146487,0.0180015079677
146488,0.00892424583435
146489,0.0207083839923
146490,0.180243894458
146491,0.0302355326712
146495,0.0169892590493
146496,0.0126340640709
146501,0.0166868008673
146502,0.00776714505628
146503,0.00591976428404
146505,0.0299442596734
146506,0.0227788891643
146509,0.0193416029215
146511,0.0254055634141
146512,0.00686404807493
146514,0.00438212649897
146515,0.00141670287121
146518,0.00148435623851
146519,0.00318289222196
146520,0.0367920771241
146521,0.015804797411
146522,0.00973656866699
146524,0.00209767487831
146526,0.0184554141015
146527,0.00429295469075
146528,0.00565226515755
146529,0.0088824601844
146531,0.00224721617997
146533,0.00414287019521
146536,0.00447726156563
146537,0.159295141697
146539,0.00435232231393
146541,0.00984528101981
146542,0.0404292009771
146545,0.00850421190262
146547,0.021363703534
146548,0.00590215390548
146549,0.0230715498328
146553,0.0322303883731
146554,0.00722450669855
146555,0.0205752719194
146557,0.0483473241329
146559,0.0189956985414
146560,0.0114190494642
146562,0.0036763898097
146565,0.0020708325319
146566,0.0164281539619
146567,0.292495727539
146569,0.216323420405
146570,0.0222119931132
146572,0.0410214215517
146573,0.0169749073684
146576,0.00199398375116
146578,0.19291998446
146580,0.0390553884208
146581,0.0100669758394
146582,0.0198759436607
146585,0.004040164873
146586,0.0610583052039
146588,0.00915669091046
146595,0.0132562937215
146596,0.00994019582868
146597,0.0427396073937
146600,0.0178148075938
146601,0.020267477259
146602,0.00158600602299
146603,0.0190192423761
146604,0.00257079233415
146605,0.00783918239176
146606,0.0641737952828
146608,0.131141006947
146609,0.0428777858615
146611,0.0175026506186
146612,0.0134414955974
146613,0.0638696327806
146615,0.15627835691
146618,0.0858698636293
146619,0.0335945822299
146620,0.00124206056353
146621,0.00158302776981
146623,0.00373733532615
146624,0.188684687018
146625,0.00570282433182
146626,0.0168254505843
146628,0.054563306272
146630,0.142393872142
146636,0.00656898040324
146638,0.00975557044148
146641,0.0468041710556
146642,0.0817162171006
146645,0.0663263723254
146647,0.00252152374014
146648,0.0173782873899
146649,0.0166537053883
146651,0.00156484532636
146655,0.00593516370282
146656,0.00922130793333
146657,0.0026790802367
146659,0.0193509757519
146660,0.0957715138793
146661,0.0217921119183
146665,0.0158723611385
146666,0.0200484674424
146668,0.0220985990018
146669,0.00285419472493
146670,0.00298155425116
146671,0.183093830943
146672,0.0202359110117
146673,0.0137753393501
146674,0.0260822679847
146676,0.00177684554365
146677,0.0103885736316
146679,0.0112591655925
146680,0.0129750389606
146681,0.216349691153
146682,0.00653653312474
146685,0.0129956286401
146690,0.0103144021705
146691,0.087241768837
146692,0.0145433275029
146696,0.0102487131953
146701,0.013866555877
146702,0.0372371450067
146703,0.0236519332975
146708,0.0157547798008
146711,0.00254259817302
146712,0.00263786269352
146715,0.00172467890661
146716,0.0169539544731
146717,0.051650300622
146718,0.231123879552
146719,0.0361631140113
146720,0.0554684437811
146721,0.00268135033548
146722,0.231425091624
146725,0.00961925555021
146726,0.0230734366924
146727,0.00670348200947
146730,0.0344189219177
146731,0.0196028240025
146732,0.0331132337451
146735,0.0263792723417
146736,0.00261215190403
146740,0.0255321282893
146741,0.00994114391506
146742,0.00150461192243
146743,0.202714979649
146744,0.00289119849913
146746,0.00210091820918
146750,0.0109534692019
146752,0.0211659148335
146758,0.00923213548958
146761,0.0558840297163
146764,0.0533006973565
146766,0.242559790611
146769,0.014659143053
146770,0.00415187049657
146773,0.0105148032308
146775,0.0148458275944
146783,0.00517014646903
146784,0.0154300779104
146785,0.00695922970772
146788,0.0902355983853
146791,0.00218428089283
146792,0.00738948024809
146793,0.0134223243222
146797,0.18059271574
146800,0.0264542158693
146805,0.0326774269342
146806,0.0100502334535
146807,0.0284773092717
146808,0.0110521502793
146811,0.0607113465667
146812,0.00624675070867
146815,0.00354744517244
146817,0.00224413722754
146819,0.179096341133
146820,0.009695767425
146824,0.0544826537371
146826,0.0367064066231
146828,0.0362563617527
146830,0.0254741366953
146832,0.17385391891
146833,0.0246765129268
146834,0.0274747610092
146835,0.0314952582121
146838,0.00808652862906
146839,0.0895516127348
146841,0.0265349708498
146843,0.0329440608621
146845,0.00171993707772
146846,0.0401257090271
146850,0.0318670943379
146851,0.0495470725
146853,0.00257070781663
146854,0.00725034577772
146856,0.00311906985007
146862,0.0216816347092
146863,0.0672398135066
146866,0.0780952051282
146868,0.0111362393945
146869,0.0261583812535
146871,0.0188036877662
146872,0.0029199172277
146878,0.0234177783132
146880,0.0303740110248
146881,0.00935564283282
146882,0.0458300597966
146883,0.0025375711266
146884,0.00296873948537
146889,0.0318417623639
146891,0.00595055846497
146892,0.0277882777154
146895,0.0295515470207
146896,0.00232300790958
146898,0.00257070781663
146905,0.172996327281
146906,0.0159708969295
146911,0.0233860518783
146912,0.161084398627
146913,0.171285003424
146920,0.00642617838457
146922,0.0190012529492
146924,0.00871684215963
146925,0.0416833013296
146928,0.165868967772
146931,0.152377322316
146933,0.017680246383
146934,0.0305697452277
146935,0.102566704154
146937,0.2714664042
146939,0.0120406411588
146940,0.0232524070889
146942,0.0192167479545
146944,0.00312510691583
146945,0.0202717911452
146946,0.0157650690526
146948,0.168659731746
146949,0.0173419825733
146952,0.232738271356
146955,0.00449159648269
146956,0.00952180661261
146957,0.0118402084336
146958,0.198262959719
146959,0.00863111112267
146960,0.00369681301527
146965,0.0177191868424
146967,0.00932464376092
146968,0.00721944356337
146969,0.0359701067209
146972,0.128112405539
146977,0.0201277900487
146980,0.00250391103327
146983,0.0410638451576
146984,0.0239926278591
146987,0.00145086564589
146989,0.0407205410302
146991,0.00240033050068
146992,0.0437334775925
146993,0.041273035109
146997,0.0217395350337
146998,0.00821460224688
146999,0.00318725802936
147001,0.0176201723516
147005,0.0220985990018
147008,0.0247100051492
147009,0.00331823341548
147014,0.0253931451589
147016,0.0162598472089
147018,0.214788943529
147020,0.00874067749828
147024,0.0157547798008
147025,0.00354746216908
147029,0.0377369560301
147034,0.0100420676172
147039,0.0325588807464
147042,0.0385871492326
147044,0.0346070155501
147046,0.0345368236303
147047,0.0344135984778
147048,0.00576771749184
147053,0.282035857439
147054,0.101048916578
147056,0.0145694557577
147059,0.0181918423623
147061,0.0062189665623
147062,0.011020604521
147063,0.00842181313783
147065,0.0119304582477
147068,0.0106670586392
147070,0.0297167804092
147071,0.00337945716456
147072,0.00344204041176
147073,0.0525724925101
147075,0.00546184089035
147077,0.00710947625339
147079,0.0117232175544
147080,0.0476511269808
147083,0.229003474116
147084,0.00942292343825
147086,0.0173419825733
147087,0.0255105569959
147088,0.00165400665719
147089,0.0362546294928
147092,0.0145694557577
147094,0.0873903855681
147099,0.0124012744054
147102,0.0262512303889
147103,0.0141994468868
147104,0.0182986333966
147107,0.216578155756
147108,0.0120011577383
147109,0.0114926612005
147112,0.07368632406
147115,0.00280323741026
147116,0.0141994468868
147118,0.106341347098
147119,0.00891576893628
147121,0.0140648502856
147123,0.00612642383203
147128,0.00430888636038
147129,0.0686221197248
147130,0.0032758677844
147133,0.111259490252
147134,0.0706542953849
147136,0.0191582255065
147137,0.00942941009998
147140,0.0234668310732
147145,0.00361092621461
147147,0.00239098933525
147148,0.035012666136
147151,0.00241358811036
147153,0.0322225429118
147154,0.00151104934048
147157,0.153023838997
147162,0.0488368980587
147164,0.0731682255864
147165,0.0288844108582
147167,0.009695767425
147168,0.179096341133
147169,0.0377969034016
147170,0.00942521076649
147171,0.0025848892983
147179,0.0210209470242
147180,0.00270942668431
147181,0.0465528517962
147183,0.210413008928
147184,0.0364300496876
147185,0.00496012670919
147186,0.00275107612833
147188,0.13211171329
147189,0.213417351246
147190,0.00364318862557
147191,0.125953391194
147193,0.00658326363191
147196,0.00236869161017
147198,0.00225457013585
147199,0.0155988624319
147201,0.00207132147625
147202,0.00893565732986
147203,0.164273396134
147205,0.00325780897401
147207,0.0278177242726
147208,0.00362384226173
147209,0.0027849834878
147210,0.00762104801834
147211,0.00948811508715
147212,0.0629702284932
147213,0.08384668082
147214,0.0185505840927
147216,0.00971564464271
147218,0.191198244691
147220,0.06157508865
147222,0.0816917046905
147223,0.00948811508715
147225,0.0107283536345
147227,0.0197473522276
147228,0.197519287467
147230,0.0899749100208
147232,0.157783657312
147233,0.254787623882
147235,0.00189124012832
147237,0.00141719880048
147238,0.0198641754687
147240,0.00944741256535
147241,0.0991694703698
147242,0.00482966238633
147244,0.00124864268582
147246,0.0157150495797
147247,0.0292178317904
147250,0.118780881166
147251,0.0217542033643
147252,0.102761775255
147254,0.00278157833964
147258,0.0234568733722
147259,0.0256043486297
147263,0.00243957061321
147264,0.0184093490243
147265,0.0146494554356
147266,0.0318670943379
147267,0.00463881343603
147270,0.0081295594573
147271,0.00175307830796
147272,0.165693312883
147273,0.140416219831
147274,0.0592625401914
147275,0.190434455872
147276,0.0214837901294
147277,0.00732765067369
147279,0.0144774513319
147281,0.00196719402447
147282,0.0110521502793
147283,0.00549531169236
147285,0.0497472397983
147287,0.00393470609561
147293,0.0368944332004
147297,0.0323500409722
147299,0.154868483543
147300,0.134560137987
147303,0.0112083926797
147310,0.0157265365124
147313,0.0213650390506
147314,0.0384176932275
147315,0.00343156815507
147316,0.179779827595
147319,0.104538120329
147323,0.0265492796898
147325,0.069996483624
147327,0.0233120266348
147328,0.0165749564767
147332,0.0630624517798
147334,0.00360304140486
147335,0.0248525030911
147336,0.00494215777144
147339,0.00780592951924
147340,0.0272955615073
147342,0.00872001517564
147343,0.0218651834875
147344,0.0264217704535
147347,0.0259518306702
147349,0.0274769086391
147350,0.00920442864299
147351,0.0196526665241
147352,0.0784239172935
147354,0.00345764332451
147355,0.0523347444832
147357,0.0198269691318
147358,0.0791207998991
147360,0.00537109794095
147362,0.00263198185712
147364,0.00157412199769
147365,0.0141994468868
147366,0.00288236606866
147367,0.0196028240025
147368,0.00773530360311
147369,0.00224511208944
147370,0.014663268812
147371,0.176090672612
147373,0.00385456322692
147375,0.0818130150437
147379,0.00133647979237
147382,0.00755529617891
147383,0.00235196715221
147384,0.00159995013382
147385,0.154896631837
147386,0.00257959961891
147388,0.0820700526237
147389,0.0286129750311
147390,0.0782310217619
147392,0.00553219439462
147393,0.00499083194882
147395,0.00482497736812
147397,0.0849978029728
147398,0.00997071620077
147401,0.0813167840242
147403,0.00221709441394
147404,0.00712388008833
147406,0.0224827341735
147409,0.0456810854375
147410,0.00488733220845
147411,0.00730580976233
147413,0.0143397655338
147414,0.0113448975608
147416,0.0128619801253
147417,0.00142812740523
147419,0.0161672774702
147420,0.0182488523424
147422,0.0154600823298
147423,0.0192199759185
147424,0.0376586206257
147425,0.179046839476
147427,0.00487776845694
147428,0.00155893305782
147431,0.0163054615259
147434,0.0102051086724
147435,0.00223826733418
147437,0.0120799737051
147438,0.00488386210054
147441,0.0586439184844
147444,0.0119925662875
147446,0.00721841771156
147448,0.0152236092836
147451,0.16718237102
147455,0.0574928373098
147456,0.0174442920834
147457,0.068688467145
147460,0.0158937592059
147462,0.0629350319505
147464,0.0196028240025
147465,0.006529990118
147468,0.251981943846
147473,0.011988658458
147476,0.0508642233908
147478,0.0319346413016
147482,0.0333238169551
147483,0.17385391891
147484,0.00943701155484
147485,0.00622686417773
147486,0.0129691101611
147487,0.2690769732
147489,0.181412518024
147490,0.0157547798008
147491,0.0967265591025
147492,0.0708005130291
147493,0.0219561364502
147496,0.0291417296976
147497,0.00283077126369
147500,0.0229243505746
147504,0.0173253249377
147505,0.0148731125519
147506,0.0399230271578
147512,0.00436717923731
147513,0.00533857196569
147514,0.00998868048191
147516,0.0407413057983
147521,0.0166096743196
147523,0.00444861222059
147524,0.0215162970126
147525,0.00385406892747
147531,0.059304010123
147532,0.0368594788015
147534,0.0472310520709
147535,0.00488545699045
147536,0.00149236898869
147538,0.00883502420038
147539,0.257500767708
147544,0.0165296103805
147545,0.0156281553209
147548,0.139871969819
147553,0.020604301244
147555,0.0164573583752
147556,0.0523218587041
147558,0.0488845445216
147559,0.00935817975551
147560,0.00262373453006
147562,0.0385871492326
147565,0.002547693206
147566,0.146780118346
147567,0.00136000162456
147571,0.0214807074517
147573,0.00872530974448
147575,0.0107175083831
147576,0.0135107850656
147577,0.0103088645265
147579,0.00233155163005
147582,0.228212311864
147585,0.1035310179
147586,0.0485381931067
147588,0.00269396812655
147590,0.0365245863795
147591,0.0207120683044
147592,0.0254080295563
147593,0.015252337791
147594,0.0196028240025
147595,0.00339232152328
147600,0.0145274130628
147601,0.0372371450067
147602,0.033161342144
147604,0.0233747754246
147607,0.00478473585099
147608,0.00451523344964
147609,0.0627112910151
147612,0.00462742475793
147613,0.0806834921241
147614,0.185527220368
147619,0.0239251442254
147621,0.0194221772254
147623,0.00205566873774
147627,0.157189056277
147629,0.0840901732445
147630,0.00134835578501
147631,0.00272035785019
147633,0.00245711300522
147636,0.0101295607165
147639,0.0508966930211
147640,0.00239053904079
147641,0.00309087894857
147643,0.00435110926628
147644,0.0324249528348
147646,0.00430417759344
147648,0.00885590631515
147649,0.00342349102721
147655,0.00453764339909
147656,0.00250214780681
147657,0.0261308886111
147659,0.298667430878
147661,0.0141164865345
147662,0.242767319083
147663,0.0593537017703
147664,0.0196918491274
147665,0.0198759436607
147667,0.0110932784155
147668,0.053132545203
147670,0.176368325949
147672,0.00241593597457
147673,0.0343112833798
147674,0.0325487740338
147675,0.11825504154
147679,0.249476522207
147681,0.00269371946342
147683,0.0354448370636
147684,0.00149575143587
147689,0.0208414010704
147690,0.0117746181786
147693,0.0339955165982
147696,0.00190643232781
147697,0.12948332727
147698,0.0137590952218
147700,0.182862743735
147702,0.154868483543
147705,0.0196028240025
147707,0.00237864512019
147708,0.150380834937
147709,0.00263362214901
147711,0.0422168634832
147714,0.0624964609742
147715,0.023106938228
147717,0.015876436606
147721,0.0492644421756
147724,0.0404273793101
147726,0.00236046127975
147727,0.0240489970893
147730,0.0029101409018
147731,0.00194413785357
147733,0.0142095284536
147734,0.37768548727
147736,0.0220985990018
147737,0.042817749083
147738,0.19061422348
147741,0.0291816908866
147742,0.0330387800932
147743,0.0255670323968
147744,0.228212311864
147745,0.0120799737051
147746,0.0795204117894
147749,0.00237739970908
147752,0.00647654710338
147753,0.0455676726997
147755,0.0822273492813
147757,0.0059682582505
147759,0.00227707275189
147761,0.0124012744054
147763,0.0359167531133
147768,0.00511727947742
147770,0.0099175972864
147772,0.00216517783701
147773,0.0405868068337
147774,0.0062249051407
147775,0.0555532313883
147781,0.012745927088
147782,0.00546972360462
147783,0.00429016910493
147784,0.0338844582438
147785,0.00570222362876
147787,0.00144665781409
147788,0.00139950634912
147789,0.0037125069648
147791,0.010941542685
147793,0.063953615725
147794,0.0153894638643
147797,0.102688409388
147798,0.00281383818947
147799,0.00993398856372
147802,0.0382399298251
147805,0.115975357592
147806,0.0570813268423
147807,0.0194086134434
147808,0.0916232541203
147811,0.00384322856553
147814,0.00162371818442
147815,0.0059389770031
147816,0.00639560446143
147818,0.016558168456
147819,0.0138503219932
147822,0.00687702000141
147825,0.0148690398782
147827,0.00238901330158
147828,0.0064980732277
147829,0.0191566087306
147830,0.0154300779104
147831,0.00792870949954
147834,0.0225141365081
147835,0.00281237741001
147836,0.012084806338
147838,0.00350371841341
147839,0.00266250758432
147840,0.0421558618546
147841,0.038274563849
147842,0.228120878339
147843,0.0548510365188
147844,0.00757433054969
147845,0.139583036304
147847,0.0113142179325
147848,0.256774008274
147851,0.00237080873922
147853,0.00973656866699
147855,0.06704313308
147857,0.0352077670395
147860,0.029882658273
147864,0.00441919220611
147866,0.040623895824
147868,0.175339013338
147869,0.06332334131
147873,0.0219448264688
147874,0.00304806837812
147875,0.0433342084289
147877,0.0631931349635
147878,0.00742893852293
147881,0.0636889263988
147885,0.0145423766226
147887,0.0568817928433
147888,0.0157547798008
147890,0.0486552119255
147891,0.00577757507563
147894,0.0783872082829
147898,0.0636380761862
147900,0.0171812009066
147902,0.0194530729204
147906,0.0805972889066
147908,0.00393513822928
147909,0.0141994468868
147910,0.0201031342149
147911,0.00780218141153
147912,0.0335248708725
147913,0.00254814652726
147914,0.00970669835806
147915,0.023122517392
147916,0.00137767090928
147918,0.0165716614574
147921,0.00364505522884
147927,0.00260946480557
147931,0.105396956205
147932,0.0310951061547
147936,0.514813542366
147937,0.0243375543505
147942,0.019509261474
147943,0.0135528445244
147945,0.0103966016322
147947,0.0317975617945
147950,0.0110236518085
147955,0.020715855062
147956,0.0117043610662
147957,0.257239311934
147959,0.0365928076208
147960,0.0799925252795
147961,0.0261509679258
147964,0.0230997484177
147965,0.0322408974171
147966,0.00455733994022
147971,0.0184486955404
147974,0.129054605961
147978,0.0150750782341
147980,0.00705424603075
147981,0.0170960035175
147982,0.0268226582557
147983,0.0109736034647
147984,0.005405344069
147986,0.0196028240025
147987,0.00546196522191
147989,0.00588500639424
147990,0.214788943529
147991,0.0160488337278
147992,0.102176778018
147993,0.181669875979
147994,0.00313193886541
147997,0.0254055634141
147998,0.0448822304606
147999,0.0196028240025
148000,0.0172679163516
148003,0.0112282596529
148004,0.0150599135086
148006,0.00170785118826
148008,0.0221655610949
148009,0.00206921622157
148010,0.211272507906
148011,0.0057111713104
148013,0.00792792532593
148015,0.00948811508715
148023,0.00221254932694
148024,0.145396709442
148025,0.0198759436607
148026,0.0544085428119
148028,0.014668202959
148029,0.0324663221836
148030,0.00755061767995
148031,0.00360867264681
148032,0.0318670943379
148033,0.0286277830601
148034,0.0191513001919
148036,0.00227039190941
148037,0.00280171935447
148038,0.01127905678
148040,0.00295542599633
148041,0.00432333536446
148045,0.0199485570192
148048,0.0307153761387
148049,0.00713256001472
148055,0.0154820466414
148058,0.00992521829903
148059,0.0785402804613
148060,0.0154300779104
148061,0.0326089859009
148062,0.0154300779104
148068,0.00213618041016
148071,0.016766730696
148074,0.177686169744
148076,0.00332204718143
148079,0.496928840876
148081,0.0211096331477
148082,0.00964544713497
148085,0.00253111007623
148086,0.0124101312831
148090,0.0307153761387
148094,0.0978321954608
148095,0.00599687872455
148098,0.0384858772159
148099,0.164333090186
148101,0.032744448632
148102,0.0347279123962
148105,0.0164066944271
148106,0.00598681624979
148109,0.0220985990018
148111,0.00164060632233
148112,0.0196028240025
148113,0.0967919677496
148115,0.011434648186
148116,0.232576340437
148118,0.0279990956187
148119,0.0156753789634
148120,0.00110503693577
148122,0.015907086432
148124,0.00289420923218
148127,0.0252037420869
148129,0.00502335140482
148132,0.010493773967
148135,0.0173291731626
148136,0.0341579169035
148138,0.00776714505628
148141,0.0139675466344
148142,0.0277835950255
148143,0.010076450184
148146,0.0154300779104
148151,0.0400999113917
148156,0.0159462764859
148157,0.127806276083
148160,0.0320855826139
148163,0.0029238765128
148166,0.00926530361176
148168,0.0176573041826
148171,0.00726135494187
148173,0.0016890228726
148175,0.0363074280322
148176,0.00375651661307
148182,0.0113143622875
148183,0.0200660247356
148187,0.00130269024521
148189,0.0718647018075
148191,0.0514920316637
148196,0.0370294302702
148198,0.101149663329
148200,0.0900427922606
148206,0.033631477505
148208,0.00973656866699
148210,0.157562687993
148212,0.0282687135041
148214,0.00811127386987
148215,0.00726910633966
148216,0.00768370553851
148217,0.00763446837664
148219,0.0618315339088
148220,0.121919885278
148221,0.00252671982162
148222,0.184171840549
148225,0.00572977121919
148228,0.101446464658
148229,0.0264204349369
148230,0.00755061767995
148231,0.00235196715221
148232,0.00481285573915
148234,0.0050207353197
148235,0.00327059230767
148236,0.0181191414595
148238,0.006923107896
148239,0.18381485343
148242,0.0365744642913
148243,0.00553930783644
148244,0.00591069320217
148246,0.00772730773315
148248,0.0318670943379
148251,0.0225300025195
148252,0.0113511616364
148253,0.0119205247611
148254,0.00791487749666
148256,0.117083348334
148258,0.00739506445825
148259,0.0301188100129
148261,0.0350388735533
148262,0.0351847410202
148264,0.00161497003864
148265,0.0106027442962
148267,0.00250214780681
148268,0.00957388430834
148271,0.146135479212
148272,0.0306360274553
148274,0.0205402560532
148275,0.00291661522351
148280,0.0484032891691
148288,0.00308435037732
148290,0.159745484591
148291,0.183093830943
148294,0.00358076044358
148295,0.00712253432721
148296,0.0363164804876
148298,0.170274466276
148301,0.00307303015143
148302,0.0786940306425
148304,0.0307877250016
148305,0.0579028278589
148307,0.00286235031672
148310,0.00309670437127
148316,0.0249510109425
148317,0.00437518535182
148322,0.0490783117712
148324,0.0033394517377
148326,0.00196891184896
148329,0.010770490393
148330,0.001430961187
148331,0.0116004562005
148332,0.038804166019
148336,0.0279177483171
148339,0.26414501667
148341,0.108108446002
148342,0.0385220758617
148343,0.0576049387455
148344,0.0452296249568
148345,0.01126221288
148346,0.0758450776339
148350,0.226085051894
148351,0.00732845114544
148353,0.00319103733636
148355,0.00139728165232
148359,0.00146729999688
148360,0.0465340726078
148362,0.0222150478512
148363,0.0314708724618
148365,0.00302363047376
148368,0.0275463480502
148369,0.0433510430157
148370,0.00149356608745
148372,0.00430055567995
148379,0.0372919216752
148380,0.00395950861275
148381,0.150446727872
148383,0.00403454294428
148388,0.0317577347159
148389,0.0348971113563
148393,0.00768120447174
148394,0.0101880105212
148397,0.00215268880129
148398,0.0124116102234
148399,0.00279985368252
148400,0.0014621851733
148407,0.154348865151
148410,0.219945371151
148412,0.00428283028305
148413,0.0340102426708
148416,0.00420042453334
148418,0.0732070803642
148421,0.00655675632879
148422,0.0241354070604
148424,0.0203883424401
148425,0.0182881895453
148427,0.0149037735537
148428,0.0133907068521
148431,0.0268203243613
148438,0.0198759436607
148439,0.00261162640527
148440,0.0717533677816
148441,0.0147317564115
148443,0.0123480623588
148445,0.0265400391072
148446,0.0214073881507
148450,0.250784337521
148451,0.013045902364
148453,0.0165234804153
148454,0.0394171886146
148455,0.0416345000267
148456,0.00185131747276
148460,0.0667145997286
148464,0.0124232759699
148465,0.0377948693931
148466,0.302837848663
148467,0.0185478311032
148469,0.00905540492386
148470,0.0223421733826
148474,0.164333090186
148475,0.00131590338424
148476,0.101186916232
148483,0.00848816428334
148484,0.0617487430573
148485,0.227463930845
148487,0.00265928334557
148490,0.00307571352459
148491,0.00609725294635
148496,0.00716313812882
148497,0.00396068580449
148498,0.170641764998
148499,0.0181461013854
148500,0.00971564464271
148502,0.00839847046882
148504,0.0123045239598
148505,0.140426337719
148506,0.03419001773
148508,0.00217250781134
148510,0.00636629713699
148513,0.0309218093753
148517,0.00550160882995
148518,0.00178478215821
148519,0.009695767425
148523,0.0100620770827
148524,0.00919853895903
148525,0.00346543034539
148526,0.0116950264201
148527,0.175701379776
148528,0.190505087376
148529,0.177587345243
148532,0.00233737984672
148535,0.0673528164625
148536,0.00948976445943
148537,0.0130195459351
148538,0.0176217406988
148545,0.0023630419746
148546,0.0297874566168
148549,0.00145229569171
148550,0.276838570833
148551,0.0138762155548
148552,0.0244049355388
148553,0.0053601199761
148554,0.0502608902752
148555,0.00453853933141
148557,0.00688919378445
148558,0.00216127373278
148560,0.0067613972351
148566,0.0450084805489
148568,0.00834731943905
148570,0.0306433793157
148574,0.011349321343
148576,0.0686279162765
148577,0.0260925479233
148579,0.00337066291831
148581,0.00232321559452
148582,0.00325436238199
148586,0.0225201342255
148587,0.00683768745512
148588,0.00252902228385
148589,0.00533663295209
148590,0.00890676490963
148595,0.0110783753917
148597,0.00276571186259
148600,0.00554430391639
148601,0.0112386355177
148602,0.00534010399133
148603,0.00200429442339
148607,0.12231169641
148608,0.010511033237
148610,0.226085051894
148613,0.0678490921855
148615,0.00963910855353
148619,0.00231106905267
148620,0.00364736956544
148621,0.0288013201207
148623,0.00276557239704
148624,0.00259611196816
148627,0.00257375277579
148630,0.0334103703499
148635,0.0143941491842
148637,0.0589665099978
148639,0.00261162640527
148640,0.0152279986069
148641,0.00460694730282
148642,0.00339641841128
148645,0.109057255089
148647,0.009107937105
148648,0.00342219974846
148650,0.0332535766065
148659,0.0449768565595
148665,0.088526263833
148668,0.00569741381332
148670,0.0265288725495
148673,0.00299845566042
148674,0.202045589685
148675,0.0136882355437
148676,0.0106060355902
148677,0.105478204787
148679,0.00285717239603
148681,0.0031639134977
148682,0.186040833592
148683,0.020399985835
148684,0.0449421815574
148688,0.0193077754229
148691,0.00224181939848
148692,0.00782745704055
148698,0.00421865377575
148699,0.0727677345276
148701,0.0254055634141
148704,0.0132936006412
148707,0.00200804346241
148710,0.00411278568208
148711,0.0172679163516
148714,0.00249414867721
148715,0.00971564464271
148717,0.00739499088377
148722,0.0480503030121
148723,0.0129588358104
148725,0.0336638204753
148726,0.0058068134822
148733,0.0252277459949
148736,0.0147708076984
148737,0.019219012931
148738,0.0124012744054
148739,0.024134516716
148740,0.00821818131953
148741,0.00270143058151
148742,0.0189986340702
148743,0.112609475851
148745,0.00729963276535
148746,0.191546544433
148747,0.00921895634383
148748,0.00513070495799
148749,0.21108739078
148751,0.0258326325566
148752,0.075170353055
148754,0.0353671647608
148755,0.0299144331366
148760,0.0232953354716
148762,0.0125540914014
148763,0.0338580720127
148764,0.183093830943
148766,0.0288287177682
148767,0.0196028240025
148769,0.0124146556482
148771,0.00253783073276
148773,0.0104030650109
148777,0.00243473635055
148778,0.238035827875
148780,0.00891669653356
148781,0.0196526665241
148784,0.0258848778903
148787,0.00479498738423
148790,0.0636934936047
148793,0.0258144848049
148796,0.249458268285
148798,0.00904419738799
148802,0.00734013365582
148804,0.00729428930208
148805,0.0997147336602
148807,0.0103291617706
148810,0.015330709517
148812,0.00458090798929
148813,0.0137548772618
148815,0.032158151269
148822,0.00597255676985
148823,0.0101800020784
148824,0.204702422023
148829,0.0282632689923
148830,0.263275116682
148831,0.0287586040795
148833,0.0149258980528
148836,0.00505046499893
148837,0.00736090401188
148838,0.00284872553311
148840,0.0133954901248
148841,0.0053946361877
148842,0.00981565471739
148843,0.00640394259244
148844,0.0935303941369
148846,0.0041221161373
148847,0.0288982950151
148849,0.00248160026968
148851,0.00806605350226
148853,0.0220985990018
148854,0.00948811508715
148857,0.203611657023
148860,0.0327610783279
148861,0.0170496962965
148862,0.0293804164976
148863,0.0027877248358
148866,0.0196028240025
148867,0.0616196244955
148868,0.00289595033973
148869,0.216125264764
148871,0.0142634715885
148872,0.0435769408941
148875,0.220195904374
148881,0.0101121999323
148882,0.00219281227328
148888,0.00161672453396
148889,0.0163830034435
148890,0.0231675338
148894,0.0458854362369
148896,0.00296870828606
148897,0.00396398501471
148902,0.00396256940439
148903,0.0061919898726
148910,0.00971181504428
148911,0.0288932211697
148912,0.0022380319424
148913,0.00854782573879
148914,0.00446698442101
148916,0.0141994468868
148920,0.0268708970398
148921,0.00127823569346
148922,0.0123342592269
148923,0.0703899338841
148924,0.110691532493
148925,0.0154300779104
148926,0.0120944818482
148931,0.00351370498538
148932,0.00127895234618
148933,0.0123613458127
148934,0.00263857794926
148935,0.00164902047254
148937,0.122655272484
148942,0.00890632718801
148943,0.002296223538
148944,0.017892466858
148949,0.0179129820317
148950,0.00420393049717
148952,0.0115019399673
148953,0.188092261553
148958,0.0165012553334
148959,0.0559982322156
148960,0.00282157002948
148962,0.149125427008
148963,0.00158160994761
148964,0.00271107885055
148965,0.00283162877895
148967,0.0746547654271
148968,0.287841767073
148970,0.00985942687839
148971,0.257239311934
148974,0.00279147364199
148976,0.0104030650109
148978,0.00445491354913
148981,0.00399838062003
148983,0.00858136638999
148985,0.0312956795096
148988,0.189754262567
148989,0.007259381935
148990,0.00593277579173
148993,0.0678949803114
148994,0.105626262724
148995,0.0865091234446
148997,0.0349251292646
148999,0.0305032450706
149001,0.01034030132
149003,0.0883028283715
149004,0.0154300779104
149007,0.00123814854305
149009,0.0574169978499
149013,0.187179386616
149016,0.0131674017757
149017,0.0496219433844
149021,0.00318339443766
149022,0.00830126460642
149024,0.0196028240025
149025,0.0669937133789
149027,0.00239913980477
149029,0.0107957692817
149032,0.173964560032
149033,0.0314998701215
149037,0.0239312909544
149039,0.00838432181627
149042,0.0440048277378
149043,0.0327541083097
149044,0.00243911705911
149046,0.0519841015339
149049,0.00729983346537
149051,0.00972053594887
149053,0.0367920771241
149059,0.0118388812989
149060,0.00848302524537
149061,0.00320344557986
149062,0.00857832841575
149066,0.0214157607406
149067,0.00971564464271
149068,0.0181642305106
149069,0.255278915167
149072,0.004329809919
149074,0.00252067600377
149076,0.127938494086
149079,0.0375106669962
149081,0.00349688553251
149083,0.191186785698
149085,0.0439563468099
149086,0.00271354755387
149087,0.220751449466
149089,0.0028412961401
149092,0.183209106326
149101,0.00649515865371
149102,0.00851938687265
149108,0.0484477058053
149109,0.00239900872111
149110,0.00144731299952
149117,0.0401492007077
149118,0.00447950651869
149119,0.12077254802
149125,0.00280943699181
149126,0.00329648982733
149129,0.00527435448021
149131,0.0345430001616
149132,0.166155442595
149134,0.0594430826604
149135,0.0213245246559
149137,0.0336796790361
149138,0.0220985990018
149139,0.0287153366953
149141,0.00245582056232
149142,0.0648349896073
149145,0.00694458791986
149147,0.0101354960352
149148,0.0133002251387
149150,0.0208587292582
149151,0.0124012744054
149152,0.0983884632587
149155,0.0564916096628
149157,0.0152031648904
149158,0.0137769849971
149159,0.0107888309285
149161,0.0295627079904
149165,0.149897843599
149166,0.00899720191956
149171,0.183380305767
149173,0.0420946665108
149174,0.180243894458
149177,0.0957835167646
149181,0.00461836485192
149185,0.00146140146535
149187,0.0627674087882
149188,0.0223834402859
149192,0.0322870723903
149193,0.0114288618788
149196,0.0141994468868
149197,0.0571858994663
149198,0.0738227814436
149199,0.031863655895
149203,0.171088069677
149204,0.00601577572525
149205,0.00472467951477
149206,0.0118583654985
149209,0.0196505580097
149215,0.0090318210423
149216,0.011020604521
149217,0.0200881268829
149224,0.00957802217454
149226,0.0142280021682
149227,0.00446219043806
149230,0.0268654897809
149231,0.198337897658
149233,0.0562444217503
149236,0.00195702072233
149237,0.0403919331729
149239,0.0183496624231
149240,0.014574543573
149242,0.0301466304809
149245,0.00222327257507
149247,0.0644425600767
149248,0.00931372493505
149249,0.118315011263
149250,0.00959282554686
149252,0.0207037236542
149254,0.00285232672468
149255,0.00295003806241
149258,0.0263483542949
149259,0.0616591870785
149261,0.0375195629895
149263,0.00309568713419
149264,0.045061994344
149266,0.0067864949815
149267,0.154348865151
149272,0.0605981238186
149273,0.010491175577
149274,0.00903399381787
149276,0.00191264564637
149277,0.00581794558093
149279,0.0293379537761
149281,0.00209145247936
149282,0.00136348442174
149283,0.0518299974501
149289,0.117522642016
149292,0.00349736586213
149294,0.0784417018294
149295,0.0075249299407
149296,0.00357111124322
149297,0.00388276111335
149299,0.00502250576392
149303,0.00237523275428
149305,0.180871874094
149309,0.00755840027705
149311,0.016884483397
149312,0.181440263987
149315,0.013847861439
149318,0.00223749852739
149323,0.00240568025038
149325,0.0265147406608
149326,0.00932539161295
149327,0.00307571352459
149328,0.0152531908825
149329,0.24931819737
149331,0.0196020398289
149332,0.00232886662707
149334,0.0254008118063
149338,0.0911856740713
149339,0.011988658458
149340,0.00207121507265
149342,0.00380800710991
149343,0.0623124800622
149344,0.0151023520157
149345,0.0322391279042
149346,0.00816676300019
149348,0.0168709214777
149349,0.0273297205567
149350,0.366923063993
149352,0.0861025154591
149353,0.0105489362031
149354,0.040820915252
149356,0.258907437325
149357,0.0037985551171
149359,0.149263605475
149361,0.175496548414
149362,0.0331242531538
149364,0.134062290192
149365,0.0341065227985
149369,0.00330579048023
149371,0.0791641995311
149372,0.00906505901366
149373,0.001601420925
149374,0.0147708076984
149377,0.0629662051797
149378,0.149104356766
149381,0.00200804346241
149382,0.0573792532086
149383,0.00239474326372
149384,0.00429569464177
149386,0.148862436414
149389,0.0958482325077
149390,0.00912945438176
149392,0.0034059335012
149393,0.0260677840561
149394,0.00205263565294
149395,0.038414683193
149396,0.00253783073276
149398,0.0330739058554
149399,0.0061103166081
149402,0.00401875283569
149405,0.0134627334774
149406,0.0098552852869
149407,0.00632945541292
149408,0.0148458275944
149414,0.0115611562505
149415,0.0685592964292
149417,0.00814120657742
149418,0.0146990139037
149420,0.0138737820089
149421,0.0257196221501
149423,0.0062010246329
149424,0.0736016184092
149427,0.00713581917807
149430,0.0216816347092
149431,0.00295087415725
149441,0.0775196701288
149443,0.0603634007275
149444,0.0194070208818
149445,0.14630562067
149446,0.0288844108582
149447,0.0120796775445
149455,0.00477502541617
149457,0.0616196244955
149458,0.047111902386
149459,0.179096341133
149461,0.00956896692514
149463,0.0108374729753
149469,0.0173681098968
149470,0.0240543596447
149472,0.00388130429201
149479,0.225765407085
149481,0.0084488177672
149483,0.0244330149144
149485,0.0060445019044
149486,0.0399656444788
149489,0.0124012744054
149491,0.00364158814773
149496,0.00400980375707
149497,0.00261519500054
149498,0.0216816347092
149500,0.00513177318498
149502,0.00426172977313
149505,0.0407413057983
149509,0.0136160505936
149512,0.00244682142511
149513,0.0178794246167
149514,0.00217352295294
149516,0.132386639714
149518,0.0196028240025
149523,0.00239091319963
149525,0.0887128934264
149529,0.0134852789342
149531,0.00288844504394
149534,0.101807191968
149539,0.0385871492326
149540,0.183093830943
149541,0.00912945438176
149545,0.00481873564422
149546,0.0294247232378
149547,0.00607340782881
149548,0.0137590952218
149549,0.0156376287341
149553,0.011024706997
149554,0.00243156845681
149558,0.00993992388248
149559,0.0368950776756
149560,0.0171986185014
149562,0.0553624406457
149563,0.00228322669864
149564,0.0147086214274
149567,0.0393199287355
149568,0.063953615725
149569,0.00708136567846
149570,0.0945522412658
149571,0.0166261848062
149575,0.0206265933812
149576,0.0369541794062
149578,0.112330824137
149580,0.0102357827127
149581,0.158467903733
149586,0.00282753468491
149587,0.00263097696006
149590,0.0035674108658
149593,0.0116308722645
149595,0.00661738310009
149596,0.00418657530099
149598,0.00540486956015
149599,0.00756726879627
149602,0.026872785762
149603,0.00279424642213
149605,0.182862743735
149607,0.00149991060607
149610,0.0036955489777
149611,0.00932539161295
149612,0.063953615725
149615,0.0751830339432
149619,0.0440515168011
149621,0.00604306953028
149622,0.00755061767995
149626,0.139544606209
149628,0.0616774223745
149630,0.0430394224823
149631,0.0145423766226
149637,0.0138663342223
149638,0.0217893514782
149641,0.0292128697038
149642,0.0330781452358
149643,0.19006216526
149650,0.0258374046534
149652,0.00140001752879
149653,0.0564138889313
149654,0.0482445694506
149656,0.00304802786559
149657,0.00357003253885
149658,0.183093830943
149661,0.0169817190617
149664,0.0196526665241
149667,0.0304056797177
149668,0.0350395180285
149674,0.00350428256206
149675,0.0370120219886
149677,0.20155441761
149679,0.0817542746663
149680,0.00301075982861
149681,0.00777123635635
149683,0.0429385602474
149685,0.00130462902598
149686,0.158467903733
149691,0.172884643078
149698,0.199072435498
149699,0.00663467636332
149700,0.0276105757803
149701,0.0212842728943
149702,0.0218207128346
149707,0.0117636322975
149708,0.209660768509
149710,0.00241519720294
149712,0.0130262263119
149713,0.00973656866699
149714,0.00116301293019
149715,0.021145246923
149716,0.00442670704797
149717,0.0443803519011
149718,0.0223171897233
149719,0.0424897521734
149726,0.00781368184835
149727,0.00749925430864
149729,0.0863036811352
149730,0.00243156845681
149734,0.0113069768995
149736,0.0199727211148
149737,0.00142361794133
149738,0.00299519184045
149739,0.00150750600733
149740,0.0184178687632
149741,0.0073346006684
149750,0.0268152896315
149751,0.0110381543636
149754,0.194036975503
149756,0.00943641923368
149759,0.0271996278316
149763,0.0103102810681
149765,0.0474931709468
149766,0.211272507906
149768,0.0671887174249
149769,0.00623076315969
149772,0.00827204715461
149773,0.00129951909184
149776,0.00564089184627
149777,0.0310798808932
149778,0.00140297983307
149780,0.022101784125
149781,0.0103887654841
149783,0.027976738289
149785,0.00749947503209
149786,0.0439911969006
149794,0.00376439793035
149795,0.0595348030329
149797,0.00879609677941
149798,0.00854517053813
149799,0.0107871321961
149801,0.0292988717556
149802,0.0537908598781
149804,0.0236715003848
149805,0.0211485289037
149806,0.0192602574825
149807,0.00229559000582
149809,0.0336661189795
149810,0.00231449957937
149811,0.0223088003695
149816,0.00834731943905
149817,0.00419403705746
149818,0.00765526806936
149819,0.009695767425
149820,0.00240568025038
149821,0.158443048596
149822,0.0261262059212
149823,0.00666796509176
149824,0.00351285166107
149826,0.00201521767303
149827,0.0810682401061
149829,0.208350881934
149830,0.129028618336
149831,0.0407866798341
149833,0.00892545282841
149834,0.0615631453693
149838,0.055622510612
149839,0.216113746166
149840,0.0388929694891
149841,0.00592403952032
149846,0.00218663318083
149851,0.00956894364208
149854,0.0573792532086
149856,0.00530364038423
149857,0.0311610400677
149858,0.0127708939835
149859,0.0184822622687
149863,0.0274646915495
149864,0.0060709756799
149866,0.162784606218
149870,0.0286566577852
149872,0.00212630140595
149873,0.0291364341974
149877,0.272756963968
149878,0.00524726230651
149879,0.0347720868886
149880,0.0188787169755
149884,0.149897843599
149891,0.0178458634764
149893,0.0035205532331
149895,0.237387374043
149896,0.00349194905721
149897,0.0324633792043
149898,0.171646714211
149900,0.0147705432028
149902,0.149104356766
149904,0.0196028240025
149906,0.0344944819808
149908,0.0147286560386
149909,0.00635166885331
149911,0.006589113269
149912,0.00253422511742
149916,0.0145694557577
149917,0.0242706146091
149919,0.0627674087882
149920,0.0133502166718
149922,0.00633564544842
149923,0.167847529054
149925,0.0495578087866
149927,0.00270536821336
149928,0.203419446945
149930,0.0196028240025
149931,0.00973762571812
149932,0.00614382233471
149934,0.00948811508715
149938,0.0315419659019
149940,0.00365594495088
149942,0.032158151269
149943,0.183093830943
149947,0.00648087542504
149948,0.034242156893
149949,0.0769571736455
149952,0.243798583746
149953,0.0275963675231
149954,0.0240507815033
149957,0.0246713478118
149958,0.00285691022873
149960,0.00702851824462
149961,0.0217488165945
149965,0.0454921387136
149966,0.183380305767
149969,0.00167710916139
149970,0.00730624236166
149974,0.0325312167406
149977,0.00573330372572
149978,0.0124012744054
149979,0.00463193142787
149981,0.00243599899113
149982,0.101996712387
149983,0.0172423254699
149984,0.0240308288485
149988,0.00320494105108
149989,0.0106483902782
149990,0.0232522003353
149991,0.13289038837
149993,0.008256345056
149995,0.010035911575
149997,0.223325461149
149998,0.00388094666414
149999,0.00231058639474
150000,0.00192621932365
150001,0.0146702146158
150002,0.28065264225
150003,0.00304708606564
150004,0.0076562250033
150008,0.00544340163469
150013,0.0220268145204
150014,0.00229559000582
150016,0.0252578891814
150020,0.0171024873853
150021,0.0385699756444
150022,0.00183652585838
150026,0.0356869697571
150027,0.0390664488077
150028,0.00153027358465
150030,0.0538898780942
150032,0.105912566185
150034,0.0141994468868
150035,0.00452620955184
150038,0.0234802085906
150039,0.0101478938013
150041,0.0168691668659
150046,0.0122024584562
150050,0.00218291790225
150054,0.0861425250769
150055,0.0859040617943
150059,0.0255321282893
150060,0.155406326056
150064,0.0144013417885
150065,0.00892424583435
150066,0.00752334157005
150067,0.00183911435306
150068,0.176368325949
150069,0.0368856228888
150070,0.0297465305775
150071,0.011818503961
150072,0.0228147096932
150073,0.00973762571812
150074,0.0254003219306
150076,0.0594426393509
150078,0.0018198210746
150079,0.00264400430024
150083,0.00271684792824
150084,0.00491140550002
150085,0.0216816347092
150086,0.16146479547
150087,0.107232816517
150089,0.0090015353635
150092,0.00472407368943
150096,0.10203923285
150098,0.00839467905462
150099,0.14797347784
150100,0.0566199012101
150102,0.00881447829306
150104,0.0177463032305
150105,0.0263387952
150107,0.00276365829632
150110,0.00556891597807
150113,0.0830565318465
150117,0.005671876017
150118,0.0153354397044
150123,0.00734067196026
150124,0.267786055803
150125,0.10575196892
150126,0.0173419825733
150127,0.0199364628643
150128,0.00948811508715
150132,0.0156820602715
150140,0.0168823227286
150141,0.266369432211
150144,0.0154300779104
150145,0.0283489115536
150149,0.130910396576
150151,0.0015242107911
150152,0.00994393229485
150153,0.00948811508715
150155,0.110820777714
150156,0.00127309374511
150159,0.00155676959548
150160,0.0110281016678
150163,0.00490695843473
150169,0.00895888358355
150172,0.00142472528387
150173,0.0221216790378
150179,0.239220350981
150180,0.0104030650109
150182,0.0340821482241
150184,0.00303571741097
150185,0.23091866076
150187,0.0319018363953
150189,0.00643383339047
150191,0.0240853969008
150192,0.0998497009277
150193,0.00116966851056
150195,0.10737439245
150200,0.0882148519158
150205,0.138605043292
150206,0.0470961146057
150207,0.0198759436607
150212,0.0830065011978
150213,0.194559916854
150216,0.0357339531183
150217,0.00948811508715
150219,0.0569410286844
150221,0.0119295306504
150222,0.0204753391445
150228,0.00707735028118
150233,0.00231964187697
150237,0.0319701805711
150242,0.0429622083902
150243,0.00216132216156
150244,0.00391876744106
150245,0.0236756391823
150247,0.00196255976334
150249,0.00433964282274
150253,0.00522133940831
150255,0.0206641815603
150256,0.0530356764793
150257,0.0107764108106
150259,0.0997265279293
150262,0.0124354213476
150263,0.18010276556
150266,0.0158662628382
150267,0.00380313699134
150269,0.00210046744905
150271,0.00284904637374
150272,0.00304450001568
150274,0.00396563624963
150277,0.00136881310027
150278,0.00482849776745
150279,0.213721215725
150280,0.0537691414356
150282,0.00568001670763
150283,0.0256430655718
150285,0.0354864932597
150286,0.00924510322511
150289,0.184308931231
150290,0.00192517461255
150291,0.0395157262683
150292,0.00585627835244
150294,0.00295162061229
150295,0.00478989072144
150296,0.177686169744
150297,0.106495328248
150298,0.0202447958291
150300,0.0144978351891
150301,0.184000685811
150302,0.0858201608062
150303,0.0255472231656
150305,0.00804407708347
150306,0.0196028240025
150307,0.00598257500678
150309,0.0177385173738
150311,0.0272182580084
150312,0.0105445766822
150313,0.00307309580967
150315,0.00533857988194
150317,0.0196028240025
150319,0.038211863488
150321,0.0146915502846
150322,0.0123752495274
150325,0.0367796085775
150326,0.0327632427216
150328,0.00418784795329
150332,0.0083639100194
150333,0.0192583277822
150334,0.017306452617
150336,0.0414832644165
150337,0.0103000476956
150338,0.2714664042
150342,0.0130064338446
150343,0.019748903811
150345,0.00650777760893
150347,0.203772425652
150348,0.00912833213806
150349,0.0026663292665
150350,0.0267564151436
150351,0.00270143058151
150352,0.00492852879688
150353,0.0264217704535
150355,0.159995675087
150357,0.0105497175828
150359,0.0262382514775
150360,0.0353207886219
150361,0.0189208146185
150362,0.198027402163
150364,0.0476044863462
150366,0.00128889910411
150368,0.209515318274
150369,0.0702188611031
150370,0.226785778999
150372,0.0146703049541
150378,0.00415944447741
150379,0.0564983971417
150380,0.0217542033643
150381,0.0149907758459
150385,0.0185478311032
150388,0.0414432771504
150392,0.00498080439866
150395,0.0805121287704
150396,0.0284387674183
150398,0.0104431249201
150399,0.0217082556337
150400,0.0389349386096
150402,0.00398442475125
150403,0.0345181189477
150405,0.11740193516
150407,0.0077341068536
150408,0.00257508503273
150409,0.0894320011139
150410,0.00891671702266
150412,0.0268121249974
150414,0.00268491799943
150419,0.03761023283
150421,0.0185478311032
150424,0.0382356792688
150425,0.0113001130521
150426,0.0136072672904
150428,0.207943752408
150432,0.00259113847278
150434,0.00125270546414
150436,0.0263496022671
150437,0.0102196652442
150438,0.0220985990018
150439,0.0102753071114
150440,0.0146197080612
150442,0.0196028240025
150443,0.0395226031542
150444,0.225104153156
150445,0.00876464787871
150448,0.0492115058005
150450,0.00652877846733
150457,0.00900816079229
150460,0.00663259951398
150461,0.0311066452414
150462,0.0887381061912
150465,0.00227379798889
150466,0.0022583049722
150467,0.0308151505888
150470,0.00751241203398
150471,0.053001370281
150472,0.0105703389272
150473,0.0169324856251
150475,0.0297203492373
150476,0.00307612726465
150478,0.00215162080713
150481,0.00915722735226
150482,0.0124012744054
150484,0.00569199165329
150485,0.0028412961401
150487,0.175003767014
150491,0.00237523275428
150493,0.00230968836695
150494,0.0177067741752
150495,0.0118999136612
150496,0.180243894458
150498,0.0116368262097
150500,0.00230719218962
150501,0.0196028240025
150502,0.0206130314618
150510,0.0731327831745
150512,0.00131400034297
150513,0.0173419825733
150515,0.00918042100966
150518,0.00557212810963
150519,0.00295080663636
150520,0.0170549787581
150522,0.0151860164478
150524,0.003032338107
150525,0.00204337644391
150527,0.0378453880548
150529,0.00453573139384
150532,0.0820534005761
150533,0.00859370455146
150534,0.0145423766226
150535,0.00536718452349
150536,0.046315792948
150538,0.0102051086724
150540,0.0196028240025
150543,0.00460529699922
150545,0.00336568476632
150549,0.0421844050288
150551,0.181907817721
150552,0.0740649625659
150553,0.0941908583045
150554,0.157562687993
150555,0.0037748538889
150556,0.0177477672696
150559,0.0126794287935
150560,0.254050225019
150561,0.00370852462947
150563,0.0233240891248
150566,0.00724655482918
150568,0.201094016433
150569,0.0121921338141
150572,0.193739816546
150575,0.260947644711
150576,0.0724101662636
150577,0.0199389383197
150578,0.00464727543294
150582,0.00222575454973
150584,0.00767101999372
150586,0.00299215316772
150587,0.249371677637
150588,0.0430777855217
150589,0.00213478133082
150590,0.00969394110143
150593,0.00150377047248
150594,0.0107589429244
150595,0.161717802286
150596,0.00273016327992
150599,0.0240186601877
150600,0.0122718885541
150602,0.00541254179552
150607,0.0138583295047
150608,0.0120729077607
150609,0.0213994625956
150610,0.0293534975499
150611,0.0320593900979
150612,0.0181318707764
150614,0.0141994468868
150617,0.0576867386699
150618,0.00974090024829
150619,0.0438504144549
150621,0.206952065229
150623,0.00838583242148
150624,0.00198528612964
150625,0.0370120219886
150626,0.042845595628
150628,0.0617318935692
150629,0.0336133874953
150630,0.00994114391506
150634,0.0173419825733
150635,0.00163496215828
150636,0.0142139904201
150637,0.0798609629273
150638,0.00496972585097
150639,0.014707765542
150640,0.0130609655753
150642,0.0499107725918
150645,0.0161509104073
150646,0.0557720325887
150648,0.00266199605539
150649,0.00653992500156
150651,0.016714323312
150655,0.162411347032
150657,0.00654630083591
150658,0.0141840102151
150660,0.00518831470981
150661,0.00962840393186
150664,0.00261791748926
150665,0.00303274020553
150668,0.180243894458
150669,0.010770490393
150670,0.25684890151
150671,0.035624474287
150673,0.0248382985592
150678,0.0101696047932
150682,0.0682727769017
150683,0.255353331566
150687,0.161717802286
150690,0.00875983107835
150694,0.0138577762991
150695,0.0890807807446
150697,0.00895856134593
150700,0.0023965141736
150702,0.00876401364803
150703,0.0263028331101
150705,0.0431939549744
150706,0.00256856414489
150707,0.00326056475751
150708,0.00367276184261
150709,0.0325831994414
150711,0.00262967473827
150712,0.0408468618989
150713,0.173580139875
150714,0.0284042693675
150717,0.0233747754246
150720,0.00292720342986
150722,0.218039780855
150724,0.266598552465
150725,0.00293096108362
150727,0.0252632666379
150728,0.0128236459568
150732,0.0190221425146
150733,0.0167778823525
150734,0.00369609822519
150736,0.0153586706147
150737,0.00751362415031
150738,0.00191752554383
150739,0.131990283728
150740,0.0460996441543
150741,0.0196028240025
150742,0.0510208830237
150744,0.180168032646
150747,0.0789598301053
150750,0.0014034936903
150751,0.0464085415006
150752,0.0247101373971
150754,0.0152707416564
150755,0.0198106300086
150756,0.0141788702458
150759,0.00242216349579
150763,0.002868125448
150764,0.00357891991735
150766,0.0175735652447
150769,0.243798583746
150770,0.00313246739097
150771,0.0298698041588
150772,0.0279235001653
150773,0.00467900373042
150775,0.0071231382899
150776,0.00505558773875
150780,0.0117661766708
150781,0.0185478311032
150782,0.00849683675915
150784,0.0204618237913
150785,0.00722146313637
150786,0.0351022668183
150788,0.00364450621419
150789,0.0364012122154
150790,0.00624622683972
150791,0.00352906156331
150795,0.106341347098
150797,0.0153105454519
150800,0.0233747754246
150802,0.0186207648367
150804,0.0341002382338
150807,0.00332778808661
150809,0.158524408937
150812,0.027716781944
150814,0.0213372707367
150816,0.157189056277
150817,0.0606492049992
150822,0.00142931181472
150824,0.210249364376
150827,0.0161884967238
150829,0.00827400013804
150831,0.0541797019541
150832,0.0471960455179
150833,0.21854826808
150834,0.0159465167671
150835,0.0122143281624
150836,0.010574025102
150839,0.0317917317152
150841,0.252645075321
150843,0.110341794789
150847,0.0161404795945
150848,0.00592130189762
150849,0.0407556816936
150855,0.0149410134181
150858,0.0305389035493
150860,0.0145694557577
150861,0.0200524572283
150862,0.0109704723582
150863,0.0187529567629
150865,0.0409752503037
150869,0.0319408550858
150872,0.0857436805964
150873,0.0149725144729
150877,0.00764275994152
150879,0.0196028240025
150883,0.00513793155551
150886,0.0148458275944
150887,0.00545257050544
150888,0.0154300779104
150889,0.0327742211521
150890,0.00574842840433
150891,0.00816216412932
150893,0.0111965034157
150895,0.304551929235
150897,0.0561010167003
150899,0.0129389548674
150900,0.0253567192703
150902,0.0300063807517
150909,0.0374027490616
150910,0.00569207035005
150912,0.063953615725
150913,0.0375875011086
150915,0.0130717623979
150917,0.0104030650109
150918,0.0883141458035
150919,0.00423047645018
150920,0.0263039432466
150923,0.00249959737994
150926,0.063953615725
150928,0.00356907909736
150929,0.138231232762
150931,0.131664559245
150933,0.0378827862442
150934,0.0420134216547
150935,0.00194682658184
150939,0.0097518581897
150941,0.00241925963201
150942,0.102972865105
150946,0.00903889071196
150947,0.0138756483793
150948,0.00355357746594
150950,0.0091094058007
150951,0.0153918834403
150952,0.0230920668691
150955,0.0411459170282
150956,0.00602743728086
150957,0.0520982891321
150959,0.00233500497416
150962,0.0147708076984
150966,0.0211733933538
150968,0.00235196715221
150969,0.00843057781458
150970,0.0120268147439
150974,0.0305885579437
150976,0.0354206897318
150978,0.0112633807585
150979,0.00253051915206
150980,0.229549765587
150981,0.0587770454586
150982,0.0182725302875
150984,0.0246121380478
150986,0.01115786843
150991,0.0115229608491
150993,0.00324198883027
150997,0.122413821518
150999,0.0106194550171
151004,0.0141994468868
151005,0.00319949979894
151009,0.0358810909092
151010,0.013398187235
151012,0.0120518486947
151013,0.00176989182364
151015,0.00228052586317
151016,0.00898651126772
151020,0.0106097394601
151021,0.0063710520044
151022,0.0919131189585
151023,0.078653678298
151025,0.00633148336783
151028,0.174728617072
151029,0.0317998863757
151030,0.0089563773945
151032,0.236825674772
151033,0.185527220368
151036,0.0372371450067
151037,0.0137590952218
151041,0.002868125448
151045,0.00284417252988
151047,0.00124484032858
151048,0.00150919368025
151049,0.00724229542539
151050,0.00992196705192
151056,0.0108900554478
151059,0.00887898914516
151060,0.00263362214901
151063,0.00266106589697
151065,0.0106942476705
151066,0.0193176176399
151068,0.0187307409942
151069,0.0196028240025
151070,0.00886329170316
151071,0.0159770511091
151072,0.033170234412
151075,0.0232603941113
151078,0.119350470603
151079,0.0222551859915
151080,0.125748991966
151083,0.00438454886898
151084,0.203702867031
151088,0.00359284109436
151090,0.00285076606087
151091,0.0293997246772
151092,0.0307153761387
151093,0.0613844916224
151094,0.0222140364349
151095,0.00491648353636
151097,0.0681496858597
151098,0.00195448636077
151101,0.00287815113552
151102,0.0526491366327
151108,0.0205544102937
151109,0.0210616905242
151113,0.225221693516
151115,0.0130553366616
151116,0.00434597907588
151117,0.00956559088081
151118,0.00748558528721
151119,0.00279998010956
151120,0.0112997666001
151124,0.0220744237304
151126,0.00141900160816
151131,0.00651039509103
151132,0.0220291353762
151135,0.0107796182856
151140,0.0196526665241
151141,0.00839254073799
151142,0.0196028240025
151145,0.0104727372527
151147,0.0151392649859
151151,0.00235632248223
151152,0.00214987061918
151156,0.14232955873
151158,0.00191628665198
151162,0.0033324980177
151163,0.0179263502359
151164,0.0146564645693
151165,0.00973762571812
151167,0.00739328330383
151168,0.0279243085533
151169,0.00207193847746
151171,0.00806004740298
151174,0.00584625685588
151175,0.00245937216096
151176,0.00793243106455
151178,0.0105084301904
151180,0.00634500663728
151181,0.0264427978545
151183,0.00200429442339
151185,0.0113046048209
151186,0.0224356781691
151187,0.0163080915809
151190,0.176160693169
151191,0.00472187250853
151192,0.0090146549046
151195,0.00391380302608
151199,0.0665313452482
151206,0.00776714505628
151207,0.0109948003665
151208,0.00216488330625
151212,0.0299881715328
151213,0.00322104338557
151214,0.028451403603
151216,0.180243894458
151217,0.00331592559814
151220,0.0367006547749
151222,0.0157547798008
151223,0.0137670487165
151224,0.0373086184263
151225,0.0428110957146
151230,0.0083213057369
151232,0.0789598301053
151233,0.180504560471
151234,0.0315278880298
151235,0.0837152004242
151236,0.0609563477337
151237,0.0463479533792
151240,0.0105705587193
151241,0.0315788164735
151243,0.0159735810012
151244,0.0166435334831
151246,0.113484658301
151247,0.0131315803155
151248,0.228212311864
151250,0.0299129374325
151252,0.0325312167406
151253,0.163735419512
151255,0.00254814652726
151256,0.035618390888
151260,0.0798551589251
151262,0.0741412118077
151264,0.00148364901543
151267,0.00230784644373
151268,0.00280943699181
151270,0.00207662209868
151273,0.0113551272079
151274,0.0130619546399
151276,0.0736416205764
151277,0.0163913052529
151278,0.0818746313453
151280,0.0119221089408
151281,0.103705629706
151282,0.0214093700051
151284,0.00265807448886
151286,0.0163895282894
151289,0.0413977541029
151290,0.0368843860924
151291,0.00545303383842
151292,0.00131435028743
151296,0.00194126262795
151297,0.176368325949
151298,0.0261264890432
151300,0.0247518457472
151301,0.0196028240025
151302,0.0505123324692
151304,0.0319778248668
151305,0.0141994468868
151307,0.00190892722458
151309,0.0210151206702
151310,0.105618700385
151311,0.00482506910339
151312,0.025338081643
151313,0.0258173681796
151314,0.00801648572087
151315,0.00547893671319
151316,0.0367962680757
151318,0.00936463195831
151322,0.0104297343642
151324,0.14230184257
151325,0.0158736873418
151327,0.0396047532558
151328,0.00299596064724
151329,0.0396233946085
151330,0.00684434780851
151333,0.00520958518609
151334,0.0267296563834
151336,0.00300512299873
151337,0.10418266058
151340,0.222873941064
151343,0.205002918839
151344,0.00616667699069
151346,0.063953615725
151347,0.00385282048956
151348,0.0736295357347
151350,0.00702022016048
151356,0.00325506017543
151358,0.208073496819
151360,0.00152163812891
151361,0.00300272670574
151364,0.010060091503
151366,0.00240790471435
151367,0.00426720874384
151372,0.100283890963
151373,0.0476438328624
151375,0.0133157027885
151379,0.119334757328
151380,0.0327441990376
151383,0.00448368722573
151384,0.00184255489148
151391,0.0160438418388
151393,0.0246085263789
151394,0.0249570794404
151395,0.0249490514398
151397,0.0255321282893
151401,0.00448576686904
151402,0.0196028240025
151404,0.00761012872681
151409,0.0294733308256
151411,0.0183335077018
151412,0.0345282293856
151418,0.00606499705464
151421,0.00150756270159
151422,0.00192517461255
151429,0.0981868058443
151434,0.0196028240025
151435,0.0152142401785
151438,0.0136679578573
151445,0.0411689728498
151446,0.00948811508715
151448,0.022399969399
151449,0.00290131149814
151450,0.00485467305407
151451,0.201747745275
151454,0.162858620286
151455,0.0280780680478
151457,0.0784417018294
151458,0.234441190958
151462,0.0632214695215
151463,0.0174293331802
151464,0.0378584451973
151465,0.0210607424378
151469,0.0290841925889
151470,0.0735046863556
151471,0.0114575093612
151472,0.229549765587
151473,0.0217155404389
151476,0.002445691498
151478,0.00491945212707
151480,0.0174182783812
151482,0.0105472644791
151484,0.0883954167366
151487,0.0529153458774
151489,0.00399204343557
151490,0.00502920383587
151495,0.00268003484234
151496,0.00383440451697
151500,0.0272956695408
151503,0.0441113859415
151504,0.0182890556753
151507,0.0237563569099
151509,0.0497811175883
151514,0.138549625874
151517,0.0102206440642
151518,0.00564974918962
151519,0.0313410311937
151524,0.0478226281703
151526,0.0423679836094
151527,0.0574323534966
151528,0.0255321282893
151529,0.0274319760501
151533,0.209515318274
151535,0.0134911723435
151536,0.00525508355349
151539,0.00609171297401
151543,0.190879195929
151545,0.00400866894051
151546,0.00750157237053
151548,0.0035634317901
151551,0.0598210543394
151556,0.00243448629044
151557,0.00745671801269
151558,0.0224576704204
151559,0.00600345665589
151565,0.0082114059478
151567,0.00254078698345
151568,0.00130915723275
151569,0.207746058702
151570,0.25784149766
151572,0.0990925803781
151574,0.139526963234
151579,0.00267446949147
151581,0.0352439135313
151583,0.0503928437829
151588,0.222242429852
151589,0.235649988055
151592,0.00465629668906
151594,0.182694420218
151596,0.0100577697158
151597,0.0100503899157
151602,0.162858620286
151603,0.00205869949423
151604,0.00289946352132
151606,0.0014034936903
151607,0.106055252254
151608,0.0345430001616
151611,0.0177382938564
151612,0.0281077455729
151613,0.00160341267474
151614,0.0948936417699
151615,0.00143300730269
151619,0.0160879530013
151620,0.0128800524399
151623,0.00607090070844
151625,0.0225303564221
151626,0.00797260738909
151630,0.0204190388322
151632,0.00145151035395
151635,0.0118402084336
151637,0.00731728691608
151638,0.00880539324135
151639,0.0115033872426
151643,0.0072506275028
151646,0.00524838501588
151648,0.24761608243
151650,0.00565883517265
151652,0.00372101739049
151653,0.00470508867875
151654,0.241846874356
151660,0.0555953495204
151661,0.0452503822744
151665,0.00225303997286
151667,0.00151625776198
151668,0.0177602730691
151670,0.297975569963
151672,0.0146715315059
151673,0.00856042280793
151677,0.0143397655338
151678,0.0250592902303
151680,0.0515700690448
151681,0.00375571520999
151682,0.00948811508715
151684,0.0203888975084
151686,0.0272012874484
151688,0.0154300779104
151692,0.0433608032763
151693,0.00285291532055
151696,0.106919586658
151697,0.00330811203457
151699,0.0317239761353
151700,0.101549632847
151703,0.00322152255103
151705,0.0110151441768
151706,0.0285533294082
151707,0.00155488436576
151709,0.00126119854394
151710,0.0123692071065
151711,0.0191231742501
151713,0.00432107178494
151714,0.0716086179018
151715,0.0526725798845
151717,0.153978720307
151718,0.0350906960666
151719,0.0196028240025
151723,0.00555463507771
151724,0.0200691763312
151726,0.00122639886104
151727,0.162858620286
151729,0.0133752822876
151730,0.0348121859133
151734,0.00948811508715
151737,0.00332846515812
151739,0.0261230450124
151741,0.00559056410566
151744,0.00334882200696
151746,0.229516655207
151747,0.0720527097583
151748,0.00178566586692
151749,0.0146276867017
151750,0.00323090096936
151751,0.031025711447
151752,0.0646090507507
151753,0.0372356586158
151756,0.0255321282893
151761,0.00320524885319
151765,0.220387503505
151766,0.00273801595904
151768,0.00696103554219
151769,0.0711807310581
151771,0.00883024465293
151772,0.00312311248854
151773,0.0305776391178
151776,0.0141246253625
151777,0.0123476320878
151780,0.00859580095857
151781,0.0158578213304
151782,0.1846485883
151784,0.300703704357
151785,0.0220291353762
151786,0.0835411697626
151788,0.00554950395599
151789,0.00329232984222
151790,0.0258567109704
151791,0.0233747754246
151803,0.0973906964064
151812,0.0400952659547
151814,0.0262646842748
151817,0.0312797389925
151819,0.0459594428539
151822,0.00509786373004
151823,0.0338509827852
151824,0.158768460155
151826,0.00863922294229
151827,0.024209395051
151828,0.00549966283143
151831,0.0652260929346
151832,0.0226981695741
151833,0.00384841836058
151834,0.0548510365188
151837,0.00125270546414
